bg10_id,hu_2020,hu_2010,pop_2020,pop_2010,ohu_2020,hu_chng_p,pop_chng_p,hu_chng,pop_chng
250010101001,1271,1136,995,763,607,11.883802816901408,30.40629095674967,135,232
250010101002,957,921,638,494,377,3.908794788273615,29.1497975708502,36,144
250010101003,877,786,643,569,397,11.577608142493638,13.005272407732866,91,74
250010101004,960,791,729,516,439,21.3653603034134,41.27906976744186,169,213
250010101005,918,860,665,600,379,6.744186046511628,10.833333333333334,58,65
250010102061,999,996,926,660,449,0.30120481927710846,40.303030303030305,3,266
250010102062,1386,1429,1116,911,560,-3.0090972708187542,22.502744237102085,-43,205
250010102063,1871,1880,1527,1179,788,-0.4787234042553191,29.51653944020356,-9,348
250010102081,1007,990,893,787,478,1.7171717171717171,13.468869123252858,17,106
250010102082,994,1039,763,603,379,-4.331087584215592,26.533996683250415,-45,160
250010102083,997,1048,795,613,392,-4.866412213740458,29.690048939641112,-51,182
250010103041,1080,1065,1153,1066,560,1.4084507042253522,8.161350844277674,15,87
250010103042,1108,1110,889,742,439,-0.18018018018018017,19.81132075471698,-2,147
250010103043,562,531,630,613,312,5.83804143126177,2.7732463295269167,31,17
250010103061,1231,1238,1114,920,540,-0.5654281098546041,21.086956521739133,-7,194
250010103062,1229,1153,1124,918,548,6.591500433651344,22.440087145969496,76,206
250010103063,899,863,840,697,403,4.171494785631518,20.516499282639884,36,143
250010104001,584,580,825,766,329,0.6896551724137931,7.702349869451696,4,59
250010104002,710,656,872,758,536,8.231707317073171,15.03957783641161,54,114
250010104003,421,398,667,638,322,5.778894472361809,4.545454545454546,23,29
250010104004,742,725,982,837,446,2.344827586206897,17.32377538829152,17,145
250010105001,1127,1072,1217,1233,608,5.130597014925374,-1.2976480129764802,55,-16
250010105002,1184,1157,878,840,455,2.33362143474503,4.523809523809524,27,38
250010105003,770,756,867,818,430,1.8518518518518516,5.990220048899755,14,49
250010106001,743,744,632,614,272,-0.13440860215053765,2.9315960912052117,-1,18
250010106002,655,653,834,807,416,0.3062787136294028,3.3457249070631967,2,27
250010106003,937,954,1182,1125,581,-1.781970649895178,5.066666666666666,-17,57
250010106004,623,647,487,427,262,-3.7094281298299845,14.05152224824356,-24,60
250010107001,802,741,971,930,466,8.232118758434549,4.408602150537634,61,41
250010107002,1640,1665,999,837,535,-1.5015015015015014,19.35483870967742,-25,162
250010107003,1314,1339,895,752,463,-1.8670649738610903,19.01595744680851,-25,143
250010107004,598,600,595,633,301,-0.33333333333333337,-6.003159557661927,-2,-38
250010108001,528,504,944,863,416,4.761904761904762,9.385863267670915,24,81
250010108002,833,822,501,529,271,1.338199513381995,-5.293005671077505,11,-28
250010108003,956,879,805,768,378,8.75995449374289,4.817708333333334,77,37
250010108004,452,451,706,702,332,0.22172949002217296,0.5698005698005698,1,4
250010108005,1307,1132,1962,2016,901,15.459363957597173,-2.6785714285714284,175,-54
250010109001,1190,1166,1862,1826,804,2.0583190394511153,1.9715224534501645,24,36
250010109002,579,570,1143,1043,456,1.5789473684210527,9.587727708533079,9,100
250010109003,1333,1247,1548,1362,774,6.896551724137931,13.656387665198238,86,186
250010109004,1059,1177,832,711,436,-10.025488530161427,17.018284106891702,-118,121
250010110021,416,402,732,673,316,3.482587064676617,8.7667161961367,14,59
250010110022,817,795,971,810,445,2.767295597484277,19.876543209876544,22,161
250010110023,1177,1207,596,502,350,-2.4855012427506216,18.725099601593627,-30,94
250010110024,1167,1108,2307,2172,899,5.324909747292419,6.2154696132596685,59,135
250010111001,688,677,985,979,478,1.6248153618906942,0.6128702757916241,11,6
250010111002,627,591,1210,1070,473,6.091370558375635,13.084112149532709,36,140
250010111003,1015,992,1705,1531,740,2.318548387096774,11.365120836054867,23,174
250010111004,838,824,1181,1114,583,1.6990291262135921,6.014362657091562,14,67
250010112001,1306,1282,1294,1149,652,1.87207488299532,12.619669277632726,24,145
250010112002,808,795,1194,1126,525,1.6352201257861636,6.039076376554174,13,68
250010112003,591,585,565,523,365,1.0256410256410255,8.030592734225621,6,42
250010112004,1033,1026,711,594,369,0.682261208576998,19.696969696969695,7,117
250010113001,980,975,619,639,350,0.5128205128205128,-3.1298904538341157,5,-20
250010113002,865,865,1208,1220,596,0,-0.9836065573770493,0,-12
250010113003,866,850,743,741,348,1.8823529411764703,0.2699055330634278,16,2
250010114001,666,633,783,792,435,5.213270142180095,-1.1363636363636365,33,-9
250010114002,782,783,994,1101,483,-0.1277139208173691,-9.71843778383288,-1,-107
250010114003,614,586,439,429,247,4.778156996587031,2.331002331002331,28,10
250010114004,666,658,834,669,399,1.21580547112462,24.663677130044842,8,165
250010115001,496,477,712,676,315,3.9832285115303985,5.325443786982249,19,36
250010115002,672,669,983,1080,496,0.4484304932735426,-8.981481481481483,3,-97
250010115003,572,547,679,612,337,4.570383912248629,10.947712418300654,25,67
250010115004,563,530,938,867,378,6.226415094339623,8.189158016147635,33,71
250010115005,505,492,818,794,395,2.642276422764228,3.022670025188917,13,24
250010116001,1196,1139,1631,1513,847,5.004389815627744,7.7990746860541975,57,118
250010116002,1219,1245,690,615,366,-2.0883534136546187,12.195121951219512,-26,75
250010116003,2464,2428,683,582,384,1.4827018121911038,17.353951890034363,36,101
250010117001,534,543,630,639,336,-1.6574585635359116,-1.4084507042253522,-9,-9
250010117002,834,846,520,491,269,-1.4184397163120568,5.906313645621181,-12,29
250010117003,1303,1320,766,747,449,-1.2878787878787878,2.5435073627844713,-17,19
250010118011,1042,1092,1472,1480,830,-4.5787545787545785,-0.5405405405405406,-50,-8
250010118012,634,621,971,923,486,2.0933977455716586,5.200433369447454,13,48
250010118021,474,467,844,834,395,1.4989293361884368,1.1990407673860912,7,10
250010118022,497,464,919,844,392,7.112068965517242,8.886255924170616,33,75
250010118023,847,820,1517,1439,660,3.2926829268292686,5.420430854760251,27,78
250010118024,613,609,1178,1138,511,0.6568144499178982,3.5149384885764503,4,40
250010120011,1097,1103,1629,1583,782,-0.543970988213962,2.9058749210360073,-6,46
250010120012,927,925,1591,1505,626,0.21621621621621623,5.714285714285714,2,86
250010120013,727,725,1336,1259,587,0.27586206896551724,6.115965051628276,2,77
250010120014,805,800,1422,1385,637,0.625,2.6714801444043323,5,37
250010120021,795,789,1224,1200,600,0.7604562737642585,2,6,24
250010120022,1213,1153,1288,1112,614,5.203816131830009,15.827338129496402,60,176
250010120023,1248,1229,754,695,420,1.545972335231896,8.489208633093526,19,59
250010121011,794,790,1624,1621,661,0.5063291139240507,0.1850709438618137,4,3
250010121012,605,605,1115,1047,473,0,6.4947468958930274,0,68
250010121013,542,540,970,874,439,0.3703703703703704,10.983981693363845,2,96
250010121014,539,533,820,764,364,1.125703564727955,7.329842931937172,6,56
250010121015,694,696,1079,1033,488,-0.28735632183908044,4.453049370764763,-2,46
250010121021,1017,1026,799,811,402,-0.8771929824561403,-1.4796547472256474,-9,-12
250010121022,988,991,709,683,355,-0.30272452068617556,3.806734992679356,-3,26
250010121023,622,919,606,698,288,-32.3177366702938,-13.18051575931232,-297,-92
250010121024,588,567,1155,865,485,3.7037037037037033,33.52601156069364,21,290
250010122001,710,700,1406,1369,583,1.4285714285714286,2.7027027027027026,10,37
250010122002,502,486,853,836,392,3.292181069958848,2.0334928229665072,16,17
250010122003,1080,1056,2215,2257,887,2.272727272727273,-1.860877270713336,24,-42
250010122004,494,484,579,584,303,2.066115702479339,-0.8561643835616438,10,-5
250010125021,991,1010,807,638,381,-1.881188118811881,26.489028213166144,-19,169
250010125022,647,592,947,826,463,9.29054054054054,14.648910411622277,55,121
250010125023,592,593,1040,885,433,-0.16863406408094433,17.51412429378531,-1,155
250010125024,495,496,915,731,343,-0.20161290322580644,25.170998632010942,-1,184
250010126011,939,857,2164,1865,845,9.56826137689615,16.032171581769436,82,299
250010126012,459,448,1134,1012,403,2.455357142857143,12.055335968379447,11,122
250010126021,609,609,1480,1298,568,0,14.021571648690292,0,182
250010126022,644,633,1765,1403,590,1.7377567140600316,25.80185317177477,11,362
250010126023,549,546,1284,1221,509,0.5494505494505495,5.159705159705159,3,63
250010126024,532,488,1139,993,473,9.01639344262295,14.70292044310171,44,146
250010127001,808,810,1406,1398,638,-0.24691358024691357,0.5722460658082975,-2,8
250010127002,579,598,1009,1015,426,-3.177257525083612,-0.5911330049261084,-19,-6
250010127003,685,686,834,760,386,-0.1457725947521866,9.736842105263158,-1,74
250010127004,1146,1141,1395,1389,595,0.43821209465381245,0.4319654427645789,5,6
250010128001,548,599,1012,911,412,-8.514190317195327,11.086717892425906,-51,101
250010128002,743,730,1186,1139,540,1.7808219178082192,4.1264266900790165,13,47
250010128003,869,842,1923,1873,796,3.2066508313539197,2.669514148424987,27,50
250010129001,509,487,1165,1117,449,4.517453798767967,4.297224709042077,22,48
250010129002,651,639,1502,1395,608,1.8779342723004695,7.670250896057347,12,107
250010129003,805,802,1707,1623,710,0.3740648379052369,5.175600739371535,3,84
250010130021,865,713,557,506,244,21.31837307152875,10.079051383399209,152,51
250010130022,660,682,451,494,243,-3.225806451612903,-8.704453441295547,-22,-43
250010130023,729,699,880,870,457,4.291845493562231,1.1494252873563218,30,10
250010130024,656,644,1096,1029,487,1.8633540372670807,6.511175898931001,12,67
250010131001,616,583,1319,1236,546,5.660377358490567,6.715210355987054,33,83
250010131002,1049,1028,2344,2292,938,2.0428015564202333,2.2687609075043627,21,52
250010131003,296,283,694,685,271,4.593639575971731,1.313868613138686,13,9
250010131004,715,700,1614,1722,669,2.142857142857143,-6.2717770034843205,15,-108
250010132001,1049,1021,1263,1152,599,2.742409402546523,9.635416666666668,28,111
250010132002,1211,1095,2692,2474,1074,10.593607305936073,8.811641067097817,116,218
250010132003,742,732,1180,1157,512,1.366120218579235,1.9878997407087293,10,23
250010133001,480,489,865,882,328,-1.8404907975460123,-1.9274376417233559,-9,-17
250010133002,596,572,1019,961,522,4.195804195804196,6.035379812695109,24,58
250010133003,1015,978,1389,1375,681,3.783231083844581,1.0181818181818183,37,14
250010134001,749,725,764,822,353,3.310344827586207,-7.0559610705596105,24,-58
250010134002,328,325,803,791,293,0.9230769230769231,1.5170670037926675,3,12
250010134003,653,642,1490,1707,594,1.7133956386292832,-12.71236086701816,11,-217
250010134004,626,610,837,843,340,2.622950819672131,-0.7117437722419928,16,-6
250010135001,703,696,1720,1752,624,1.0057471264367817,-1.82648401826484,7,-32
250010135002,515,517,1322,1321,485,-0.3868471953578337,0.0757002271006813,-2,1
250010135003,1197,1181,2826,2839,1100,1.3547840812870449,-0.4579077139837971,16,-13
250010135004,399,396,1017,1028,367,0.7575757575757576,-1.0700389105058365,3,-11
250010136001,1075,1046,2629,2828,1008,2.7724665391969405,-7.036775106082037,29,-199
250010136002,948,920,2460,2389,884,3.0434782608695654,2.971954792800335,28,71
250010136003,401,379,1114,1117,392,5.804749340369393,-0.26857654431512984,22,-3
250010137001,879,843,1574,1411,675,4.270462633451958,11.552090715804395,36,163
250010137002,380,373,731,772,318,1.876675603217158,-5.310880829015544,7,-41
250010137003,466,471,986,988,428,-1.0615711252653928,-0.20242914979757085,-5,-2
250010137004,541,438,2142,1740,454,23.515981735159816,23.103448275862068,103,402
250010138001,1111,1081,2609,2538,1014,2.7752081406105455,2.797478329393223,30,71
250010138002,743,728,1485,1341,579,2.0604395604395602,10.738255033557047,15,144
250010138003,486,461,960,961,430,5.42299349240781,-0.10405827263267431,25,-1
250010139001,506,509,597,556,295,-0.5893909626719057,7.374100719424461,-3,41
250010139002,807,793,1279,1371,590,1.7654476670870116,-6.710430342815463,14,-92
250010139003,1023,991,1805,1766,869,3.229061553985873,2.208380520951302,32,39
250010139004,657,594,1207,1138,575,10.606060606060606,6.063268892794376,63,69
250010140021,1388,1387,1055,938,513,0.07209805335255948,12.473347547974413,1,117
250010140022,961,867,1854,1748,873,10.841983852364475,6.064073226544623,94,106
250010140023,491,479,713,751,406,2.5052192066805845,-5.0599201065246335,12,-38
250010140024,363,341,659,616,295,6.451612903225806,6.98051948051948,22,43
250010141001,342,450,798,1141,165,-24,-30.061349693251532,-108,-343
250010143001,1139,1127,892,747,440,1.064773735581189,19.410977242302543,12,145
250010143002,557,540,825,864,342,3.148148148148148,-4.513888888888888,17,-39
250010143003,534,506,692,603,307,5.533596837944664,14.759535655058043,28,89
250010143004,614,603,1134,1075,506,1.8242122719734661,5.488372093023256,11,59
250010143005,921,900,1051,1095,487,2.3333333333333335,-4.018264840182648,21,-44
250010144021,1283,1208,2252,2180,973,6.208609271523178,3.302752293577982,75,72
250010144022,1085,1045,2322,2199,935,3.827751196172249,5.5934515688949515,40,123
250010144023,1241,1232,2625,2568,1042,0.7305194805194805,2.219626168224299,9,57
250010145001,952,887,1647,1624,717,7.328072153325817,1.416256157635468,65,23
250010145002,1106,1057,2501,2409,957,4.635761589403973,3.8190120381901207,49,92
250010145003,1155,1136,1336,1362,637,1.6725352112676055,-1.908957415565345,19,-26
250010146001,570,541,1121,1078,491,5.360443622920517,3.9888682745825603,29,43
250010146002,623,593,1299,1279,548,5.059021922428331,1.5637216575449568,30,20
250010146003,493,465,599,551,253,6.021505376344086,8.711433756805807,28,48
250010146004,1052,1005,1363,1222,672,4.676616915422885,11.538461538461538,47,141
250010147001,826,877,667,672,329,-5.815279361459521,-0.744047619047619,-51,-5
250010147002,1235,1224,1237,1211,590,0.8986928104575163,2.1469859620148637,11,26
250010147003,1170,1124,1741,1807,850,4.092526690391459,-3.6524626452684004,46,-66
250010148001,671,662,860,831,487,1.3595166163141994,3.489771359807461,9,29
250010148002,1055,1016,883,716,462,3.8385826771653546,23.324022346368714,39,167
250010148003,867,649,1129,1124,773,33.59013867488444,0.4448398576512456,218,5
250010148004,435,413,720,716,373,5.326876513317192,0.5586592178770949,22,4
250010149001,728,697,586,510,299,4.447632711621234,14.901960784313726,31,76
250010149002,894,855,903,896,430,4.56140350877193,0.78125,39,7
250010149003,801,790,820,843,485,1.3924050632911391,-2.7283511269276395,11,-23
250010149004,809,818,1318,1349,625,-1.1002444987775062,-2.2979985174203117,-9,-31
250010150011,1122,1125,2267,2174,923,-0.26666666666666666,4.277828886844526,-3,93
250010150012,913,906,2183,2243,850,0.772626931567329,-2.6749888542131077,7,-60
250010150021,1836,1518,2833,2516,1418,20.948616600790515,12.599364069952305,318,317
250010150022,711,648,1312,1197,622,9.722222222222223,9.60735171261487,63,115
250010151001,1235,1146,2053,1858,892,7.766143106457242,10.495156081808396,89,195
250010151002,1463,1243,2138,1951,1081,17.699115044247787,9.584828293182984,220,187
250010152001,1051,1007,1154,1150,563,4.369414101290963,0.34782608695652173,44,4
250010152002,2426,2288,1109,915,571,6.031468531468532,21.202185792349727,138,194
250010153001,750,290,1110,520,474,158.6206896551724,113.46153846153845,460,590
250010153002,823,869,1349,1263,721,-5.293440736478711,6.809184481393507,-46,86
250010153003,699,672,1494,1255,642,4.017857142857143,19.04382470119522,27,239
250019900000,0,0,0,0,0,NA,NA,0,0
250039001001,567,598,982,990,509,-5.183946488294314,-0.8080808080808081,-31,-8
250039001002,884,812,1177,1130,811,8.866995073891626,4.15929203539823,72,47
250039001003,301,300,404,435,244,0.33333333333333337,-7.126436781609195,1,-31
250039001004,492,475,842,834,395,3.578947368421052,0.9592326139088728,17,8
250039002001,377,368,660,718,359,2.4456521739130435,-8.07799442896936,9,-58
250039002002,320,340,642,676,262,-5.88235294117647,-5.029585798816568,-20,-34
250039002003,516,532,892,932,435,-3.007518796992481,-4.291845493562231,-16,-40
250039002004,310,284,657,608,246,9.15492957746479,8.05921052631579,26,49
250039002005,363,366,790,872,351,-0.819672131147541,-9.403669724770642,-3,-82
250039002006,316,322,619,643,291,-1.8633540372670807,-3.7325038880248838,-6,-24
250039003001,485,479,1047,1053,451,1.2526096033402923,-0.5698005698005698,6,-6
250039003002,368,384,792,808,330,-4.166666666666666,-1.9801980198019802,-16,-16
250039003003,431,432,1009,1042,401,-0.23148148148148145,-3.166986564299424,-1,-33
250039004001,652,626,1237,1213,586,4.15335463258786,1.9785655399835118,26,24
250039004002,570,574,1117,1190,493,-0.6968641114982579,-6.134453781512605,-4,-73
250039004003,289,291,700,689,272,-0.6872852233676976,1.5965166908563133,-2,11
250039004004,607,601,1193,1250,533,0.9983361064891847,-4.5600000000000005,6,-57
250039004005,260,259,495,520,255,0.3861003861003861,-4.807692307692308,1,-25
250039005001,553,544,1142,1207,529,1.6544117647058825,-5.385252692626347,9,-65
250039005002,942,926,2121,2081,805,1.7278617710583155,1.9221528111484865,16,40
250039006001,283,280,647,624,267,1.0714285714285714,3.685897435897436,3,23
250039006002,331,356,664,786,261,-7.02247191011236,-15.521628498727736,-25,-122
250039006003,314,313,603,651,277,0.3194888178913738,-7.373271889400922,1,-48
250039006004,523,556,1160,1134,434,-5.935251798561151,2.2927689594356258,-33,26
250039006005,506,424,1116,922,470,19.339622641509436,21.0412147505423,82,194
250039007001,302,259,601,658,287,16.602316602316602,-8.662613981762918,43,-57
250039007002,273,268,646,641,249,1.8656716417910446,0.7800312012480499,5,5
250039007003,314,314,720,729,288,0,-1.2345679012345678,0,-9
250039007004,452,451,852,882,364,0.22172949002217296,-3.4013605442176873,1,-30
250039008001,451,446,1069,1057,434,1.1210762331838564,1.1352885525070955,5,12
250039008002,388,360,730,640,310,7.777777777777778,14.0625,28,90
250039008003,348,346,767,814,325,0.5780346820809248,-5.773955773955774,2,-47
250039008004,710,716,1462,1538,665,-0.8379888268156425,-4.9414824447334205,-6,-76
250039008005,346,347,753,786,323,-0.2881844380403458,-4.198473282442748,-1,-33
250039009001,392,392,853,799,377,0,6.758448060075094,0,54
250039009002,526,523,1083,1033,483,0.5736137667304015,4.84027105517909,3,50
250039009003,551,541,963,985,499,1.8484288354898337,-2.233502538071066,10,-22
250039009004,729,733,1644,1678,687,-0.5457025920873124,-2.026221692491061,-4,-34
250039009005,313,332,589,639,257,-5.72289156626506,-7.82472613458529,-19,-50
250039011001,221,219,448,470,186,0.91324200913242,-4.680851063829787,2,-22
250039011002,304,304,664,658,299,0,0.911854103343465,0,6
250039011003,393,393,819,877,391,0,-6.61345496009122,0,-58
250039011004,834,781,1601,1724,804,6.786171574903969,-7.134570765661252,53,-123
250039111001,618,588,1416,1375,579,5.1020408163265305,2.9818181818181815,30,41
250039111002,523,539,866,930,423,-2.9684601113172544,-6.881720430107527,-16,-64
250039111003,351,351,759,786,304,0,-3.435114503816794,0,-27
250039121001,514,499,1131,1112,490,3.006012024048096,1.70863309352518,15,19
250039121002,429,431,854,933,405,-0.46403712296983757,-8.467309753483388,-2,-79
250039121003,277,280,582,605,260,-1.0714285714285714,-3.8016528925619832,-3,-23
250039121004,357,382,819,931,319,-6.544502617801047,-12.030075187969924,-25,-112
250039121005,249,249,547,603,232,0,-9.286898839137644,0,-56
250039121006,557,555,1219,1292,501,0.36036036036036034,-5.65015479876161,2,-73
250039121007,545,524,1179,1280,512,4.007633587786259,-7.890625,21,-101
250039131001,297,285,600,644,261,4.2105263157894735,-6.832298136645963,12,-44
250039131002,426,382,756,649,331,11.518324607329843,16.486902927580893,44,107
250039131003,536,526,869,823,366,1.9011406844106464,5.5893074119076545,10,46
250039131004,247,250,473,480,189,-1.2,-1.4583333333333333,-3,-7
250039131005,830,825,1044,1128,689,0.6060606060606061,-7.446808510638298,5,-84
250039131006,472,417,598,584,272,13.189448441247004,2.3972602739726026,55,14
250039131007,376,359,752,717,320,4.735376044568245,4.881450488145049,17,35
250039141001,667,617,1193,1155,508,8.103727714748784,3.29004329004329,50,38
250039141002,508,468,924,994,451,8.547008547008547,-7.042253521126761,40,-70
250039141003,522,516,956,1057,462,1.1627906976744187,-9.555345316934721,6,-101
250039141004,625,618,1191,1140,504,1.132686084142395,4.473684210526316,7,51
250039141005,765,528,1084,1117,449,44.88636363636363,-2.954341987466428,237,-33
250039141006,313,309,441,480,220,1.2944983818770228,-8.125,4,-39
250039201011,374,366,732,636,294,2.185792349726776,15.09433962264151,8,96
250039201012,664,643,1334,1390,611,3.265940902021773,-4.028776978417266,21,-56
250039201013,394,320,1815,1751,346,23.125,3.6550542547115934,74,64
250039201014,311,551,621,861,270,-43.55716878402904,-27.874564459930312,-240,-240
250039201021,188,186,981,1005,148,1.0752688172043012,-2.3880597014925375,2,-24
250039201022,498,503,895,1065,365,-0.9940357852882704,-15.96244131455399,-5,-170
250039201023,581,505,1133,1046,484,15.049504950495049,8.317399617590821,76,87
250039213001,764,678,1252,1239,612,12.684365781710916,1.0492332526230832,86,13
250039213002,1089,1049,2146,2307,972,3.813155386081983,-6.978760294755093,40,-161
250039213003,474,478,655,680,394,-0.8368200836820083,-3.6764705882352944,-4,-25
250039213004,140,133,784,892,119,5.263157894736842,-12.10762331838565,7,-108
250039214001,399,412,698,780,359,-3.1553398058252426,-10.512820512820513,-13,-82
250039214002,464,475,764,919,400,-2.3157894736842106,-16.866158868335145,-11,-155
250039215001,482,501,915,979,418,-3.792415169660679,-6.537282941777324,-19,-64
250039215002,959,974,2019,2121,893,-1.5400410677618068,-4.809052333804809,-15,-102
250039221001,371,375,653,699,330,-1.0666666666666667,-6.580829756795422,-4,-46
250039221002,399,391,717,720,367,2.0460358056265986,-0.4166666666666667,8,-3
250039221003,446,440,636,680,337,1.3636363636363635,-6.470588235294119,6,-44
250039221004,319,316,623,581,266,0.949367088607595,7.228915662650602,3,42
250039222001,266,279,519,554,220,-4.659498207885305,-6.31768953068592,-13,-35
250039222002,372,378,752,815,342,-1.5873015873015872,-7.730061349693251,-6,-63
250039222003,654,666,1249,1305,579,-1.8018018018018018,-4.291187739463601,-12,-56
250039222004,536,541,995,1015,497,-0.9242144177449169,-1.9704433497536946,-5,-20
250039223001,456,476,983,963,413,-4.201680672268908,2.0768431983385254,-20,20
250039223002,518,509,1039,1153,471,1.768172888015717,-9.887250650477016,9,-114
250039231001,403,416,894,874,374,-3.125,2.2883295194508007,-13,20
250039231002,523,515,1106,1104,467,1.5533980582524272,0.18115942028985507,8,2
250039231003,611,598,1256,1257,566,2.1739130434782608,-0.07955449482895784,13,-1
250039241001,749,796,627,614,288,-5.9045226130653266,2.1172638436482085,-47,13
250039241002,537,548,841,779,426,-2.0072992700729926,7.958921694480104,-11,62
250039241003,348,348,549,554,246,0,-0.9025270758122743,0,-5
250039251001,314,304,545,558,269,3.289473684210526,-2.3297491039426523,10,-13
250039251002,877,798,2158,2059,646,9.899749373433583,4.808159300631375,79,99
250039251003,425,410,738,793,376,3.6585365853658534,-6.935687263556116,15,-55
250039251004,357,344,613,659,299,3.77906976744186,-6.980273141122914,13,-46
250039251005,503,452,728,710,429,11.283185840707963,2.535211267605634,51,18
250039251006,673,647,1261,1198,545,4.01854714064915,5.258764607679465,26,63
250039251007,537,511,1128,1127,463,5.088062622309197,0.08873114463176575,26,1
250039261001,663,638,1215,1099,525,3.918495297805643,10.555050045495905,25,116
250039261002,299,306,507,537,262,-2.287581699346405,-5.58659217877095,-7,-30
250039261003,419,426,795,729,362,-1.643192488262911,9.053497942386832,-7,66
250039261004,384,381,809,892,334,0.7874015748031495,-9.304932735426009,3,-83
250039311001,322,308,668,695,293,4.545454545454546,-3.884892086330935,14,-27
250039311002,427,407,989,1007,398,4.914004914004914,-1.787487586891758,20,-18
250039313001,362,356,695,752,329,1.6853932584269662,-7.579787234042554,6,-57
250039313002,349,357,645,692,293,-2.2408963585434174,-6.791907514450866,-8,-47
250039314001,473,491,831,899,365,-3.6659877800407332,-7.563959955506118,-18,-68
250039314002,416,413,814,847,344,0.7263922518159807,-3.896103896103896,3,-33
250039322001,271,261,494,538,214,3.8314176245210727,-8.178438661710038,10,-44
250039322002,1143,1190,1199,1071,543,-3.949579831932773,11.951447245564893,-47,128
250039322003,542,538,732,708,346,0.7434944237918215,3.389830508474576,4,24
250039323001,284,287,574,637,253,-1.0452961672473868,-9.89010989010989,-3,-63
250039323002,843,846,1348,1395,617,-0.3546099290780142,-3.369175627240143,-3,-47
250039332001,290,280,427,327,176,3.571428571428571,30.58103975535168,10,100
250039332002,883,928,1093,961,499,-4.849137931034483,13.735691987513007,-45,132
250039333001,524,540,869,931,380,-2.9629629629629632,-6.659505907626208,-16,-62
250039333002,472,499,657,578,298,-5.410821643286573,13.667820069204154,-27,79
250039334001,601,585,752,754,349,2.735042735042735,-0.2652519893899204,16,-2
250039334002,1007,1116,882,858,422,-9.767025089605735,2.797202797202797,-109,24
250039334003,659,671,990,915,392,-1.7883755588673622,8.19672131147541,-12,75
250039342001,352,347,558,548,274,1.440922190201729,1.824817518248175,5,10
250039342002,501,509,783,758,346,-1.5717092337917484,3.2981530343007917,-8,25
250039343001,336,342,486,494,227,-1.7543859649122806,-1.6194331983805668,-6,-8
250039343002,1114,1069,1532,1392,715,4.20954162768943,10.057471264367816,45,140
250039351001,125,112,251,228,109,11.607142857142858,10.087719298245613,13,23
250039351002,998,534,757,717,334,86.89138576779027,5.578800557880056,464,40
250039351003,528,539,827,889,372,-2.0408163265306123,-6.974128233970754,-11,-62
250039351004,358,363,579,586,263,-1.3774104683195594,-1.1945392491467577,-5,-7
250039352001,662,649,1453,1529,637,2.0030816640986133,-4.970568999345978,13,-76
250039352002,477,480,1051,1031,457,-0.625,1.939864209505335,-3,20
250039352003,472,476,968,961,431,-0.8403361344537815,0.72840790842872,-4,7
250039352004,310,308,654,683,306,0.6493506493506493,-4.24597364568082,2,-29
250039352005,410,407,825,917,391,0.7371007371007371,-10.032715376226827,3,-92
250039353001,528,534,981,1039,438,-1.1235955056179776,-5.582290664100096,-6,-58
250039353002,737,720,1275,1323,607,2.361111111111111,-3.6281179138321997,17,-48
250039353003,477,472,1008,988,424,1.059322033898305,2.0242914979757085,5,20
250039353004,357,326,464,441,252,9.509202453987731,5.215419501133787,31,23
250056001001,838,818,2306,2224,816,2.444987775061125,3.6870503597122304,20,82
250056001002,923,833,1724,1696,837,10.804321728691477,1.650943396226415,90,28
250056002021,1232,1216,2914,2823,1174,1.3157894736842104,3.22352107686858,16,91
250056002022,414,361,908,816,386,14.681440443213297,11.27450980392157,53,92
250056002023,490,431,992,842,472,13.68909512761021,17.81472684085511,59,150
250056002031,627,616,1855,1805,608,1.7857142857142856,2.7700831024930745,11,50
250056002032,318,305,992,927,312,4.2622950819672125,7.011866235167206,13,65
250056002033,1395,1052,3538,2879,1340,32.60456273764258,22.889892323723515,343,659
250056002041,724,602,1898,1790,687,20.26578073089701,6.033519553072626,122,108
250056002042,773,759,2195,2105,747,1.844532279314888,4.275534441805226,14,90
250056101001,790,693,1933,1833,745,13.997113997113997,5.455537370430987,97,100
250056101002,1047,1008,2189,2091,1010,3.869047619047619,4.68675274988044,39,98
250056101003,653,643,1238,1179,623,1.5552099533437014,5.004240882103478,10,59
250056102021,669,662,1972,2051,650,1.0574018126888218,-3.8517796196977088,7,-79
250056102022,468,462,1194,1185,455,1.2987012987012987,0.7594936708860759,6,9
250056102023,492,454,1514,1364,492,8.370044052863436,10.997067448680351,38,150
250056102024,335,330,980,986,321,1.5151515151515151,-0.6085192697768762,5,-6
250056102031,409,404,1332,1427,409,1.2376237623762376,-6.657323055360898,5,-95
250056102032,537,525,1505,1560,523,2.2857142857142856,-3.5256410256410255,12,-55
250056102033,1146,1109,2950,2767,1108,3.3363390441839496,6.613661004698229,37,183
250056102034,379,371,1032,1129,374,2.15633423180593,-8.591674047829938,8,-97
250056102041,622,604,1985,2059,615,2.980132450331126,-3.5939776590577948,18,-74
250056102042,865,777,2023,1850,806,11.325611325611327,9.35135135135135,88,173
250056102043,871,704,2016,1703,842,23.72159090909091,18.37933059307105,167,313
250056111011,1326,1022,3312,2780,1291,29.74559686888454,19.136690647482013,304,532
250056111012,679,793,1801,1805,661,-14.37578814627995,-0.221606648199446,-114,-4
250056111021,495,506,2785,2770,461,-2.1739130434782608,0.5415162454873645,-11,15
250056111022,849,858,2192,2277,820,-1.048951048951049,-3.7329819938515594,-9,-85
250056112011,331,331,832,826,327,0,0.7263922518159807,0,6
250056112012,750,741,2156,2177,741,1.214574898785425,-0.964630225080386,9,-21
250056112021,1033,1010,2821,2887,1007,2.277227722772277,-2.28611014894354,23,-66
250056112022,711,705,1721,1890,667,0.851063829787234,-8.941798941798943,6,-169
250056112023,792,775,1581,1619,749,2.193548387096774,-2.347127856701668,17,-38
250056121001,484,372,1214,1048,473,30.107526881720432,15.839694656488549,112,166
250056121002,926,908,2374,2410,903,1.9823788546255507,-1.4937759336099585,18,-36
250056121003,419,413,1126,1080,406,1.4527845036319613,4.2592592592592595,6,46
250056122001,931,921,2568,2442,913,1.0857763300760044,5.159705159705159,10,126
250056122002,502,480,1318,1226,484,4.583333333333333,7.504078303425775,22,92
250056122003,1390,1068,3980,2997,1358,30.1498127340824,32.799466132799466,322,983
250056122004,1098,904,2572,2180,1055,21.460176991150444,17.98165137614679,194,392
250056131001,788,776,1791,1768,760,1.5463917525773196,1.3009049773755657,12,23
250056131002,859,794,1939,1805,805,8.18639798488665,7.42382271468144,65,134
250056131003,761,684,1730,1539,729,11.257309941520468,12.410656270305392,77,191
250056131004,553,519,1258,1215,543,6.551059730250482,3.539094650205761,34,43
250056133001,768,695,1775,1535,728,10.503597122302159,15.63517915309446,73,240
250056133002,798,754,1941,2006,791,5.835543766578249,-3.2402791625124627,44,-65
250056133003,673,637,1831,1757,659,5.651491365777081,4.21172453044963,36,74
250056133004,697,652,2008,1903,684,6.901840490797547,5.517603783499737,45,105
250056134001,853,796,2288,2154,828,7.160804020100503,6.220984215413185,57,134
250056134002,659,640,1584,1658,631,2.96875,-4.463208685162847,19,-74
250056136001,1000,984,2333,2059,927,1.6260162601626018,13.30743079164643,16,274
250056136002,778,748,1839,1712,739,4.0106951871657754,7.418224299065421,30,127
250056137001,1058,1023,2453,2453,1024,3.4213098729227758,0,35,0
250056137002,1000,982,2136,1916,906,1.8329938900203666,11.482254697286013,18,220
250056138001,329,321,742,662,304,2.4922118380062304,12.084592145015106,8,80
250056138002,867,882,1777,1750,800,-1.7006802721088436,1.542857142857143,-15,27
250056138003,493,513,997,946,422,-3.898635477582846,5.391120507399577,-20,51
250056138004,715,748,1395,1161,653,-4.411764705882353,20.155038759689923,-33,234
250056139011,602,600,1310,1332,558,0.33333333333333337,-1.6516516516516515,2,-22
250056139012,780,763,1615,1469,754,2.2280471821756227,9.938733832539143,17,146
250056139021,833,591,2022,1328,808,40.947546531302876,52.25903614457831,242,694
250056139022,907,841,2089,1915,860,7.8478002378121285,9.086161879895561,66,174
250056139023,597,561,1652,1508,581,6.417112299465241,9.549071618037134,36,144
250056140001,893,877,2151,2073,829,1.8244013683010263,3.762662807525326,16,78
250056140002,1109,1079,2443,2399,1033,2.7803521779425395,1.8340975406419342,30,44
250056141011,1104,1093,2954,2888,1072,1.0064043915827996,2.285318559556787,11,66
250056141012,760,790,1817,1796,725,-3.79746835443038,1.1692650334075725,-30,21
250056141013,1006,978,2299,2149,935,2.8629856850715747,6.979990693345742,28,150
250056141021,1062,993,2502,2442,1012,6.948640483383686,2.457002457002457,69,60
250056141022,898,842,2564,2466,885,6.65083135391924,3.9740470397404706,56,98
250056141023,764,740,2172,2110,736,3.2432432432432434,2.938388625592417,24,62
250056151001,458,459,1065,1095,443,-0.2178649237472767,-2.73972602739726,-1,-30
250056151002,594,499,1781,1487,579,19.03807615230461,19.77135171486214,95,294
250056151003,558,508,1490,1423,536,9.84251968503937,4.708362614195362,50,67
250056151004,355,343,956,925,332,3.498542274052478,3.3513513513513513,12,31
250056151005,1017,782,2807,2156,982,30.051150895140665,30.1948051948052,235,651
250056161001,685,657,1965,1951,670,4.26179604261796,0.7175807278318811,28,14
250056161002,1011,917,2905,2693,989,10.25081788440567,7.872261418492387,94,212
250056161003,663,613,1894,1767,639,8.156606851549755,7.187323146576118,50,127
250056171011,509,499,1403,1290,492,2.004008016032064,8.759689922480622,10,113
250056171012,321,292,904,840,316,9.931506849315069,7.6190476190476195,29,64
250056171013,396,374,1116,1056,390,5.88235294117647,5.681818181818182,22,60
250056171014,581,570,1487,1495,563,1.9298245614035088,-0.5351170568561873,11,-8
250056171015,0,0,0,0,0,NA,NA,0,0
250056171021,691,633,1901,1761,669,9.162717219589258,7.950028392958547,58,140
250056171022,986,949,2395,2428,925,3.8988408851422554,-1.3591433278418452,37,-33
250056301011,467,401,993,853,443,16.458852867830423,16.412661195779602,66,140
250056301012,1063,969,2263,2002,1020,9.700722394220847,13.036963036963037,94,261
250056301021,549,539,1028,1070,503,1.855287569573284,-3.925233644859813,10,-42
250056301022,504,460,1001,855,491,9.565217391304348,17.076023391812868,44,146
250056301023,668,591,1379,1220,605,13.028764805414554,13.032786885245901,77,159
250056301024,549,490,1259,1056,529,12.040816326530612,19.223484848484848,59,203
250056302001,427,418,1047,1041,421,2.15311004784689,0.57636887608069165,9,6
250056302002,688,665,2000,2023,674,3.4586466165413534,-1.1369253583786456,23,-23
250056302003,327,316,869,842,320,3.481012658227848,3.2066508313539197,11,27
250056302004,370,348,958,937,359,6.321839080459771,2.2411953041622197,22,21
250056302005,1138,1086,3509,3361,1114,4.788213627992634,4.403451353763761,52,148
250056303001,797,729,2413,2283,775,9.327846364883403,5.694261936049058,68,130
250056303002,1441,1333,3898,3750,1415,8.102025506376593,3.9466666666666663,108,148
250056303003,622,538,1345,1170,588,15.613382899628252,14.957264957264957,84,175
250056303004,590,570,1499,1394,572,3.508771929824561,7.532281205164992,20,105
250056304001,556,576,1571,1537,541,-3.4722222222222223,2.2121014964216004,-20,34
250056304002,691,548,1837,1684,650,26.094890510948904,9.085510688836104,143,153
250056304003,1105,1019,1969,1634,1045,8.4396467124632,20.501835985312116,86,335
250056311001,386,370,990,955,374,4.324324324324325,3.664921465968586,16,35
250056311002,255,247,665,635,235,3.2388663967611335,4.724409448818897,8,30
250056311003,798,791,1491,1430,756,0.8849557522123894,4.265734265734266,7,61
250056311004,490,474,1157,1108,457,3.375527426160337,4.422382671480144,16,49
250056311005,585,579,1880,1642,563,1.0362694300518136,14.494518879415347,6,238
250056311006,567,524,1276,1214,543,8.206106870229007,5.107084019769357,43,62
250056311007,468,443,1086,1109,460,5.643340857787811,-2.0739404869251574,25,-23
250056312001,581,475,1432,1223,553,22.315789473684212,17.089125102207685,106,209
250056312002,306,294,808,768,304,4.081632653061225,5.208333333333334,12,40
250056312003,743,653,1629,1308,728,13.782542113323123,24.541284403669724,90,321
250056312004,586,534,1617,1497,561,9.737827715355806,8.016032064128256,52,120
250056312005,779,794,2066,2045,745,-1.8891687657430731,1.0268948655256724,-15,21
250056313001,680,634,1883,1806,662,7.255520504731862,4.263565891472868,46,77
250056313002,802,733,1931,1715,791,9.413369713506139,12.59475218658892,69,216
250056313003,807,782,1743,1662,765,3.1969309462915603,4.873646209386282,25,81
250056314001,712,719,1603,1497,646,-0.9735744089012517,7.080828323313293,-7,106
250056314002,711,653,1286,1177,654,8.88208269525268,9.260832625318606,58,109
250056315001,846,823,1878,1822,807,2.7946537059538272,3.0735455543358947,23,56
250056315002,428,406,1009,975,410,5.41871921182266,3.4871794871794872,22,34
250056316001,613,596,1539,1518,560,2.8523489932885906,1.383399209486166,17,21
250056316002,440,418,982,1025,414,5.263157894736842,-4.195121951219512,22,-43
250056316003,613,594,1523,1412,565,3.1986531986531985,7.861189801699717,19,111
250056317001,441,430,1248,1221,403,2.558139534883721,2.211302211302211,11,27
250056317002,753,744,1605,1656,698,1.2096774193548387,-3.0797101449275366,9,-51
250056317003,729,666,2085,1809,712,9.45945945945946,15.257048092868988,63,276
250056317004,704,616,2033,1785,695,14.285714285714285,13.893557422969188,88,248
250056318001,1246,1210,2785,2693,1222,2.975206611570248,3.416264389157074,36,92
250056318002,452,424,1354,1366,438,6.60377358490566,-0.8784773060029283,28,-12
250056318003,960,885,2500,2293,939,8.47457627118644,9.027474923680767,75,207
250056318004,619,511,1374,1227,596,21.135029354207436,11.98044009779951,108,147
250056321001,472,451,1367,1251,448,4.656319290465632,9.272581934452438,21,116
250056321002,472,452,1208,1167,464,4.424778761061947,3.513281919451585,20,41
250056321003,322,325,774,815,309,-0.9230769230769231,-5.030674846625767,-3,-41
250056321004,309,283,775,722,295,9.187279151943462,7.340720221606649,26,53
250056321005,377,346,976,887,368,8.959537572254336,10.033821871476889,31,89
250056321006,677,642,1756,1701,656,5.451713395638629,3.2333921222810114,35,55
250056322001,550,480,1404,1192,529,14.583333333333334,17.78523489932886,70,212
250056322002,764,670,2014,1736,727,14.029850746268657,16.013824884792626,94,278
250056322003,731,713,2023,1978,722,2.524544179523142,2.2750252780586453,18,45
250056322004,535,468,1362,1171,517,14.316239316239315,16.310845431255338,67,191
250056322005,846,467,1872,1102,799,81.15631691648822,69.87295825771325,379,770
250056331001,950,895,2635,2448,918,6.145251396648044,7.638888888888889,55,187
250056331002,1192,1110,3245,3042,1164,7.3873873873873865,6.6732412886259045,82,203
250056332001,1361,1219,3641,3274,1291,11.648892534864643,11.209529627367134,142,367
250056332002,621,608,1624,1589,603,2.138157894736842,2.2026431718061676,13,35
250056332003,486,448,1357,1255,469,8.482142857142858,8.127490039840637,38,102
250056401001,516,481,1171,1110,482,7.276507276507277,5.495495495495495,35,61
250056401002,403,358,882,869,316,12.569832402234638,1.4959723820483315,45,13
250056401003,291,264,732,644,281,10.227272727272728,13.664596273291925,27,88
250056401004,556,488,1476,1268,542,13.934426229508196,16.40378548895899,68,208
250056401005,622,561,1616,1467,595,10.87344028520499,10.156782549420585,61,149
250056402001,515,501,1155,1067,485,2.7944111776447107,8.24742268041237,14,88
250056402002,355,326,736,626,328,8.895705521472392,17.57188498402556,29,110
250056402003,573,584,1156,1113,523,-1.8835616438356164,3.8634321653189576,-11,43
250056402004,989,957,1963,1714,909,3.343782654127482,14.527421236872812,32,249
250056402005,709,699,1476,1434,642,1.4306151645207439,2.928870292887029,10,42
250056403001,754,660,1700,1471,729,14.242424242424242,15.56764106050306,94,229
250056403002,477,447,1060,1032,453,6.7114093959731544,2.7131782945736433,30,28
250056403003,585,562,1290,1190,558,4.092526690391459,8.403361344537815,23,100
250056404001,346,337,715,651,292,2.6706231454005933,9.831029185867896,9,64
250056404002,495,479,935,932,438,3.3402922755741122,0.3218884120171674,16,3
250056404003,552,510,1239,1099,508,8.235294117647058,12.738853503184714,42,140
250056405001,480,455,920,812,427,5.4945054945054945,13.30049261083744,25,108
250056405002,352,379,723,750,332,-7.12401055408971,-3.5999999999999996,-27,-27
250056405003,443,427,973,856,407,3.747072599531616,13.66822429906542,16,117
250056405004,592,562,1148,1094,518,5.338078291814947,4.93601462522852,30,54
250056405005,911,887,1690,1653,824,2.705749718151071,2.238354506957048,24,37
250056406001,500,489,1039,941,451,2.2494887525562373,10.414452709883102,11,98
250056406002,464,456,1134,1021,412,1.7543859649122806,11.067580803134183,8,113
250056406003,781,718,1688,1478,747,8.774373259052924,14.208389715832206,63,210
250056406004,477,470,1030,1010,437,1.4893617021276597,1.9801980198019802,7,20
250056407001,697,670,1528,1526,645,4.029850746268656,0.1310615989515072,27,2
250056407002,344,340,754,764,339,1.1764705882352942,-1.3089005235602094,4,-10
250056407003,287,282,632,610,264,1.773049645390071,3.606557377049181,5,22
250056408001,509,517,1208,1230,467,-1.5473887814313347,-1.788617886178862,-8,-22
250056408002,504,552,1255,1222,484,-8.695652173913043,2.7004909983633385,-48,33
250056408003,542,504,1377,1361,496,7.5396825396825395,1.1756061719324025,38,16
250056409011,266,270,541,500,228,-1.4814814814814816,8.200000000000001,-4,41
250056409012,819,791,1631,1471,767,3.5398230088495577,10.876954452753228,28,160
250056409013,621,595,1328,1240,540,4.369747899159663,7.096774193548387,26,88
250056409014,590,588,1318,1249,559,0.3401360544217687,5.524419535628502,2,69
250056409015,281,276,654,611,254,1.8115942028985508,7.037643207855974,5,43
250056410001,491,492,780,780,472,-0.20325203252032523,0,-1,0
250056410002,413,421,767,827,367,-1.9002375296912115,-7.255139056831923,-8,-60
250056410003,439,437,859,812,387,0.4576659038901602,5.788177339901478,2,47
250056411011,760,746,1222,1095,693,1.876675603217158,11.598173515981735,14,127
250056411012,433,447,681,617,378,-3.131991051454139,10.372771474878444,-14,64
250056412001,895,850,1816,1621,806,5.294117647058823,12.02961135101789,45,195
250056412002,631,630,1162,1182,581,0.15873015873015872,-1.6920473773265652,1,-20
250056413001,329,318,824,836,320,3.459119496855346,-1.4354066985645932,11,-12
250056413002,646,630,1356,1221,607,2.5396825396825395,11.056511056511056,16,135
250056413003,489,482,959,978,439,1.4522821576763485,-1.9427402862985685,7,-19
250056413004,569,531,1414,1244,526,7.1563088512241055,13.665594855305466,38,170
250056413005,556,552,991,1047,523,0.7246376811594203,-5.348615090735435,4,-56
250056414001,272,278,730,575,250,-2.158273381294964,26.956521739130434,-6,155
250056414002,436,444,940,881,398,-1.8018018018018018,6.696935300794552,-8,59
250056414003,917,608,1661,1130,876,50.82236842105263,46.991150442477874,309,531
250056415001,662,655,1311,1337,597,1.0687022900763359,-1.944652206432311,7,-26
250056415002,628,611,1152,1064,575,2.7823240589198037,8.270676691729323,17,88
250056416001,484,488,1090,1052,452,-0.819672131147541,3.6121673003802277,-4,38
250056416002,596,592,1246,1271,577,0.6756756756756757,-1.9669551534225018,4,-25
250056417001,262,254,612,609,257,3.149606299212598,0.49261083743842365,8,3
250056417002,627,596,1429,1267,577,5.201342281879195,12.786108918705605,31,162
250056417003,431,427,1096,1078,400,0.936768149882904,1.6697588126159555,4,18
250056417004,937,913,2093,2142,886,2.628696604600219,-2.287581699346405,24,-49
250056418001,486,478,1042,1051,446,1.6736401673640167,-0.8563273073263558,8,-9
250056418002,251,257,524,495,212,-2.3346303501945527,5.858585858585859,-6,29
250056418003,305,305,506,513,285,0,-1.364522417153996,0,-7
250056419001,518,507,956,978,443,2.1696252465483234,-2.2494887525562373,11,-22
250056419002,819,795,1475,1297,733,3.018867924528302,13.723978411719354,24,178
250056420001,324,346,610,631,286,-6.358381502890173,-3.328050713153724,-22,-21
250056420002,563,452,1111,882,516,24.557522123893804,25.963718820861676,111,229
250056420003,836,833,1763,1761,765,0.36014405762304924,0.1135718341851221,3,2
250056421001,1361,1340,2587,2394,1306,1.5671641791044775,8.061821219715956,21,193
250056421002,660,668,1161,1172,581,-1.1976047904191618,-0.938566552901024,-8,-11
250056421003,267,228,603,578,243,17.105263157894736,4.325259515570934,39,25
250056422001,311,306,1040,1089,310,1.6339869281045754,-4.499540863177227,5,-49
250056422002,415,412,1008,1036,378,0.7281553398058253,-2.7027027027027026,3,-28
250056422003,472,471,1048,990,449,0.21231422505307856,5.858585858585859,1,58
250056422004,373,372,762,766,319,0.2688172043010753,-0.5221932114882507,1,-4
250056423001,440,439,1064,1075,431,0.22779043280182232,-1.0232558139534882,1,-11
250056423002,459,452,1053,1120,426,1.5486725663716814,-5.982142857142858,7,-67
250056424001,528,525,1030,992,518,0.5714285714285714,3.8306451612903225,3,38
250056424002,354,344,836,756,331,2.9069767441860463,10.582010582010582,10,80
250056424003,508,500,1012,1012,490,1.6,0,8,0
250056425001,742,657,1743,1510,708,12.93759512937595,15.43046357615894,85,233
250056425002,1254,1219,3001,3007,1206,2.871205906480722,-0.19953441968739608,35,-6
250056441011,717,718,1764,1818,686,-0.1392757660167131,-2.9702970297029703,-1,-54
250056441012,651,643,1541,1498,616,1.244167962674961,2.8704939919893193,8,43
250056441013,1143,1120,2694,2512,1113,2.0535714285714284,7.245222929936306,23,182
250056441021,918,900,2628,2590,890,2,1.4671814671814671,18,38
250056441022,1037,1024,2404,2467,1001,1.26953125,-2.553708958248885,13,-63
250056442001,553,553,1290,1300,536,0,-0.7692307692307693,0,-10
250056442002,404,400,1018,908,388,1,12.114537444933921,4,110
250056442003,847,832,2025,1975,826,1.8028846153846152,2.5316455696202533,15,50
250056442004,485,513,1258,1315,446,-5.458089668615984,-4.334600760456274,-28,-57
250056442005,337,336,813,916,333,0.2976190476190476,-11.244541484716157,1,-103
250056442006,356,355,866,866,351,0.28169014084507044,0,1,0
250056451011,378,312,889,691,346,21.153846153846153,28.65412445730825,66,198
250056451012,1206,1171,2674,2630,1123,2.9888983774551665,1.6730038022813687,35,44
250056451013,717,701,1560,1542,686,2.282453637660485,1.1673151750972763,16,18
250056451021,1336,1175,3744,3318,1307,13.702127659574467,12.839059674502712,161,426
250056451022,413,377,1136,976,398,9.549071618037134,16.39344262295082,36,160
250056451023,501,479,1177,1091,488,4.592901878914405,7.882676443629697,22,86
250056451031,827,765,2248,2162,799,8.104575163398692,3.9777983348751156,62,86
250056451032,1060,990,2831,2689,1047,7.07070707070707,5.280773521755299,70,142
250056451033,466,373,884,766,452,24.932975871313673,15.404699738903393,93,118
250056461011,438,406,1140,1089,401,7.8817733990147785,4.683195592286501,32,51
250056461012,1169,1100,2676,2549,1116,6.2727272727272725,4.982346018046293,69,127
250056461013,574,565,1320,1411,546,1.592920353982301,-6.449326718639263,9,-91
250056461014,1132,987,2704,2307,1081,14.69098277608916,17.208495882097964,145,397
250056461031,1031,935,2428,2285,968,10.267379679144385,6.258205689277899,96,143
250056461032,828,749,2064,2020,795,10.54739652870494,2.178217821782178,79,44
250056461033,572,523,1338,1299,552,9.369024856596559,3.0023094688221708,49,39
250056461041,617,549,817,825,379,12.386156648451731,-0.9696969696969697,68,-8
250056461042,1434,1379,1858,1747,890,3.9883973894126177,6.3537492844876935,55,111
250056501011,709,683,1772,1936,681,3.806734992679356,-8.47107438016529,26,-164
250056501012,683,648,1636,1668,662,5.401234567901234,-1.9184652278177456,35,-32
250056501013,880,860,2131,2149,855,2.3255813953488373,-0.837598883201489,20,-18
250056501021,548,538,1422,1364,532,1.858736059479554,4.252199413489736,10,58
250056501022,905,905,2055,2014,875,0,2.035749751737835,0,41
250056501023,717,678,1643,1501,702,5.752212389380531,9.460359760159893,39,142
250056502011,478,477,1116,1093,458,0.20964360587002098,2.104300091491308,1,23
250056502012,538,517,1167,1067,505,4.061895551257253,9.372071227741332,21,100
250056502013,348,326,886,756,340,6.748466257668712,17.195767195767196,22,130
250056502021,974,964,2187,2142,925,1.0373443983402488,2.100840336134454,10,45
250056503001,329,308,679,715,307,6.8181818181818175,-5.034965034965035,21,-36
250056503002,461,421,893,772,431,9.501187648456057,15.67357512953368,40,121
250056503003,539,508,1124,1108,523,6.102362204724409,1.444043321299639,31,16
250056503004,338,334,765,709,322,1.1976047904191618,7.898448519040903,4,56
250056504001,584,379,1137,810,536,54.089709762532976,40.370370370370374,205,327
250056504002,653,603,1419,1316,616,8.291873963515755,7.826747720364742,50,103
250056504003,422,414,1028,960,396,1.932367149758454,7.083333333333333,8,68
250056504004,337,325,697,687,312,3.6923076923076925,1.455604075691412,12,10
250056505001,325,326,665,658,304,-0.3067484662576687,1.0638297872340425,-1,7
250056505002,532,521,1265,1142,505,2.111324376199616,10.770577933450088,11,123
250056505003,706,628,1475,1341,660,12.420382165605096,9.99254287844892,78,134
250056506001,810,686,1600,1322,762,18.075801749271136,21.02874432677761,124,278
250056506002,362,341,800,767,328,6.158357771260997,4.3024771838331155,21,33
250056506003,342,333,773,670,319,2.7027027027027026,15.37313432835821,9,103
250056507001,497,484,1250,1119,439,2.6859504132231407,11.706881143878462,13,131
250056507002,648,568,1784,1464,586,14.084507042253522,21.85792349726776,80,320
250056508001,444,439,931,970,407,1.1389521640091116,-4.020618556701031,5,-39
250056508002,450,461,836,795,414,-2.386117136659436,5.157232704402516,-11,41
250056508003,394,378,1046,935,363,4.232804232804233,11.871657754010695,16,111
250056508004,439,435,998,951,400,0.9195402298850575,4.942166140904311,4,47
250056509001,312,314,855,799,292,-0.6369426751592357,7.008760951188986,-2,56
250056509002,556,497,1430,1151,535,11.87122736418511,24.23979148566464,59,279
250056509003,353,346,855,917,344,2.023121387283237,-6.761177753544166,7,-62
250056510011,1305,1245,3024,2865,1259,4.819277108433735,5.549738219895288,60,159
250056510021,888,880,1963,1970,835,0.9090909090909091,-0.3553299492385787,8,-7
250056510022,726,703,1903,1863,706,3.2716927453769555,2.147074610842727,23,40
250056511001,576,533,1199,1061,532,8.067542213883677,13.006597549481622,43,138
250056511002,554,561,1398,1325,505,-1.2477718360071302,5.509433962264151,-7,73
250056511003,413,411,1009,923,383,0.48661800486618007,9.317443120260021,2,86
250056511004,387,378,916,808,376,2.380952380952381,13.366336633663368,9,108
250056512001,311,302,849,733,283,2.980132450331126,15.82537517053206,9,116
250056512002,767,655,1610,1335,733,17.099236641221374,20.59925093632959,112,275
250056513001,597,577,1152,1161,555,3.466204506065858,-0.7751937984496124,20,-9
250056513002,543,509,1034,1066,472,6.679764243614931,-3.0018761726078798,34,-32
250056514001,464,445,1153,1168,425,4.269662921348314,-1.2842465753424657,19,-15
250056514002,335,315,799,737,299,6.349206349206349,8.4124830393487109,20,62
250056514003,358,338,712,701,335,5.9171597633136095,1.5691868758915835,20,11
250056514004,319,302,703,609,276,5.629139072847682,15.435139573070607,17,94
250056515001,428,415,1018,906,408,3.132530120481928,12.362030905077264,13,112
250056515002,261,259,557,604,241,0.7722007722007722,-7.781456953642383,2,-47
250056515003,253,248,628,564,218,2.0161290322580645,11.347517730496454,5,64
250056515004,388,408,1077,1041,388,-4.901960784313726,3.45821325648415,-20,36
250056516001,318,314,796,780,289,1.2738853503184715,2.051282051282051,4,16
250056516002,473,466,986,1011,448,1.502145922746781,-2.472799208704253,7,-25
250056516003,428,427,1001,959,416,0.234192037470726,4.37956204379562,1,42
250056516004,510,487,1153,1112,488,4.722792607802875,3.6870503597122304,23,41
250056517001,539,471,1007,843,520,14.437367303609342,19.45432977461447,68,164
250056517002,531,535,1194,1140,492,-0.7476635514018692,4.736842105263158,-4,54
250056518001,977,946,1321,1037,904,3.276955602536998,27.38669238187078,31,284
250056518002,436,436,744,708,398,0,5.084745762711865,0,36
250056519001,273,341,743,683,260,-19.941348973607038,8.784773060029282,-68,60
250056519002,635,591,1424,1259,581,7.4450084602368864,13.105639396346305,44,165
250056520001,326,316,738,629,305,3.1645569620253164,17.329093799682035,10,109
250056520002,449,421,950,887,415,6.65083135391924,7.1025930101465615,28,63
250056520003,503,487,1180,1160,466,3.285420944558522,1.7241379310344827,16,20
250056521001,310,318,711,698,291,-2.515723270440252,1.8624641833810889,-8,13
250056521002,360,355,800,838,337,1.4084507042253522,-4.534606205250596,5,-38
250056521003,574,565,1253,1279,544,1.592920353982301,-2.032838154808444,9,-26
250056522001,432,426,1056,1089,406,1.4084507042253522,-3.0303030303030303,6,-33
250056522002,464,462,1037,979,452,0.4329004329004329,5.9244126659857,2,58
250056522003,359,350,824,768,340,2.571428571428571,7.291666666666667,9,56
250056523001,467,461,1037,1018,443,1.3015184381778742,1.8664047151277015,6,19
250056523002,441,435,1079,1044,414,1.3793103448275863,3.3524904214559386,6,35
250056523003,387,382,814,808,364,1.3089005235602094,0.7425742574257426,5,6
250056524001,629,605,1388,1392,577,3.9669421487603307,-0.28735632183908044,24,-4
250056524002,642,627,1357,1272,588,2.3923444976076556,6.682389937106918,15,85
250056525001,599,577,1511,1179,560,3.8128249566724435,28.159457167090757,22,332
250056525002,629,586,1500,1410,575,7.337883959044368,6.382978723404255,43,90
250056526001,561,546,1406,1295,510,2.7472527472527473,8.571428571428571,15,111
250056526002,641,618,1803,1548,603,3.7216828478964405,16.472868217054263,23,255
250056527001,346,384,881,888,323,-9.895833333333332,-0.7882882882882882,-38,-7
250056527002,569,594,1049,1070,543,-4.208754208754209,-1.9626168224299065,-25,-21
250056527003,487,485,1182,1027,455,0.4123711340206186,15.092502434274586,2,155
250056527004,331,345,815,777,295,-4.057971014492753,4.89060489060489,-14,38
250056528001,516,512,1133,1153,476,0.78125,-1.7346053772766694,4,-20
250056528002,512,503,1198,1113,491,1.7892644135188867,7.637017070979335,9,85
250056528003,451,430,984,1011,421,4.883720930232558,-2.6706231454005933,21,-27
250056531011,459,464,1146,1059,399,-1.0775862068965518,8.21529745042493,-5,87
250056531012,586,580,1473,1363,557,1.0344827586206897,8.070432868672047,6,110
250056531013,1536,1280,3064,2760,1446,20,11.014492753623188,256,304
250056531014,590,574,1448,1482,552,2.7874564459930316,-2.2941970310391366,16,-34
250056531021,726,695,2116,2204,707,4.460431654676259,-3.9927404718693285,31,-88
250056531022,913,772,3134,3177,877,18.264248704663213,-1.3534781240163676,141,-43
250056532031,550,514,1315,1251,509,7.003891050583658,5.115907274180655,36,64
250056532032,635,627,1435,1458,600,1.2759170653907497,-1.577503429355281,8,-23
250056532033,625,596,1503,1472,589,4.865771812080537,2.1059782608695654,29,31
250056532034,364,345,843,824,355,5.507246376811594,2.3058252427184467,19,19
250056532041,1316,1230,3373,3214,1275,6.991869918699186,4.947106409458619,86,159
250056533011,669,651,1383,1442,606,2.7649769585253456,-4.091539528432732,18,-59
250056533012,294,300,565,552,241,-2,2.355072463768116,-6,13
250056533013,770,773,1358,1300,719,-0.38809831824062097,4.461538461538462,-3,58
250056533014,398,382,802,799,373,4.18848167539267,0.37546933667083854,16,3
250056533015,433,419,1068,964,396,3.341288782816229,10.78838174273859,14,104
250056533041,491,483,1045,1110,419,1.6563146997929608,-5.8558558558558556,8,-65
250056533042,1295,1251,2236,2095,897,3.5171862509992007,6.730310262529833,44,141
250056541001,684,664,1833,1795,671,3.0120481927710845,2.116991643454039,20,38
250056541002,277,271,617,627,251,2.214022140221402,-1.5948963317384368,6,-10
250056541003,732,694,1872,1792,721,5.475504322766571,4.464285714285714,38,80
250056541004,1096,1028,2873,2702,1058,6.614785992217899,6.328645447816432,68,171
250056542001,387,369,926,859,369,4.878048780487805,7.799767171129219,18,67
250056542002,519,508,1165,1221,490,2.1653543307086616,-4.586404586404586,11,-56
250056542003,597,584,1273,1307,572,2.2260273972602738,-2.601377199693956,13,-34
250056551001,593,584,1436,1402,542,1.5410958904109588,2.4251069900142657,9,34
250056551002,887,840,2283,2238,851,5.595238095238096,2.0107238605898123,47,45
250056551003,251,242,548,585,236,3.71900826446281,-6.3247863247863245,9,-37
250056552001,498,482,1221,1178,477,3.319502074688797,3.65025466893039,16,43
250056552002,480,471,1143,1074,432,1.910828025477707,6.424581005586592,9,69
250056552003,400,397,706,720,382,0.7556675062972292,-1.9444444444444444,3,-14
250056552004,464,464,757,735,460,0,2.9931972789115644,0,22
250056552005,310,308,661,708,289,0.6493506493506493,-6.638418079096045,2,-47
250056553001,673,640,1438,1421,625,5.15625,1.1963406052076002,33,17
250056553002,484,455,876,871,454,6.373626373626373,0.5740528128587831,29,5
250056553003,402,382,1026,1025,387,5.2356020942408374,0.0975609756097561,20,1
250056554001,632,626,1336,1329,574,0.9584664536741214,0.5267118133935289,6,7
250056554002,492,487,883,955,413,1.0266940451745379,-7.539267015706806,5,-72
250056554003,360,357,726,780,326,0.8403361344537815,-6.923076923076923,3,-54
250056554004,744,740,884,852,420,0.5405405405405406,3.755868544600939,4,32
250059855001,537,499,4476,5506,505,7.615230460921844,-18.706865237922266,38,-1030
250059856001,1398,1162,5732,5205,1337,20.309810671256454,10.124879923150816,236,527
250059900000,0,0,0,0,0,NA,NA,0,0
250072001001,841,859,944,688,412,-2.0954598370197903,37.2093023255814,-18,256
250072001002,961,950,1652,1341,695,1.1578947368421053,23.19164802386279,11,311
250072001003,496,452,672,702,342,9.734513274336283,-4.273504273504273,44,-30
250072001004,657,551,1117,924,525,19.237749546279492,20.88744588744589,106,193
250072001005,269,282,430,294,161,-4.609929078014184,46.25850340136054,-13,136
250072002001,748,774,723,637,301,-3.359173126614987,13.500784929356357,-26,86
250072002002,807,811,482,376,260,-0.4932182490752158,28.191489361702125,-4,106
250072002003,1515,1452,2098,1810,904,4.338842975206612,15.91160220994475,63,288
250072002004,701,681,907,813,408,2.936857562408223,11.562115621156211,20,94
250072002005,659,628,1130,891,444,4.936305732484077,26.823793490460158,31,239
250072003001,567,577,252,179,118,-1.733102253032929,40.78212290502793,-10,73
250072003002,1176,1265,606,392,256,-7.035573122529644,54.59183673469388,-89,214
250072003003,1864,1791,1795,1294,800,4.075935231714126,38.717156105100464,73,501
250072003004,1627,1587,2514,2202,1016,2.520478890989288,14.168937329700274,40,312
250072004001,789,751,1039,853,437,5.0599201065246335,21.805392731535754,38,186
250072004002,1582,1453,2517,1887,1071,8.878183069511355,33.38632750397456,129,630
250072004003,829,829,583,409,277,0,42.54278728606357,0,174
250072004004,747,777,625,457,259,-3.861003861003861,36.76148796498906,-30,168
250072004005,480,503,442,311,205,-4.572564612326044,42.12218649517685,-23,131
250072004006,218,215,69,75,35,1.3953488372093024,-8,3,-6
250079900000,0,0,0,0,0,NA,NA,0,0
250092011001,318,319,623,629,272,-0.3134796238244514,-0.9538950715421303,-1,-6
250092011002,264,262,562,547,260,0.7633587786259541,2.742230347349177,2,15
250092011003,426,425,906,907,384,0.2352941176470588,-0.11025358324145534,1,-1
250092011004,671,671,1243,1327,631,0,-6.330067822155237,0,-84
250092021011,344,268,779,681,326,28.35820895522388,14.390602055800294,76,98
250092021012,271,273,714,690,267,-0.7326007326007326,3.4782608695652173,-2,24
250092021013,329,305,755,692,314,7.868852459016394,9.104046242774565,24,63
250092021021,512,508,1278,1195,493,0.7874015748031495,6.94560669456067,4,83
250092021022,544,514,1483,1344,530,5.836575875486381,10.342261904761903,30,139
250092021023,1214,960,2329,1863,1146,26.458333333333332,25.013419216317768,254,466
250092021024,392,385,853,793,354,1.8181818181818181,7.566204287515762,7,60
250092021025,283,263,732,641,275,7.604562737642586,14.19656786271451,20,91
250092022001,303,302,889,839,281,0.33112582781456956,5.959475566150179,1,50
250092022002,416,401,1052,989,404,3.7406483790523692,6.370070778564206,15,63
250092022003,296,288,845,759,284,2.7777777777777777,11.330698287220025,8,86
250092022004,783,758,1583,1532,739,3.2981530343007917,3.328981723237598,25,51
250092022005,388,382,1026,993,368,1.5706806282722512,3.3232628398791544,6,33
250092022006,287,281,793,776,269,2.135231316725979,2.190721649484536,6,17
250092031001,391,386,1153,1152,388,1.2953367875647668,0.08680555555555555,5,1
250092031002,355,354,968,1008,330,0.2824858757062147,-3.968253968253968,1,-40
250092031003,234,237,614,654,221,-1.2658227848101267,-6.116207951070336,-3,-40
250092031004,434,431,1147,1126,410,0.6960556844547563,1.8650088809946712,3,21
250092031005,329,325,989,929,327,1.2307692307692308,6.458557588805166,4,60
250092031006,276,273,707,668,268,1.098901098901099,5.838323353293413,3,39
250092031007,272,269,730,709,268,1.1152416356877324,2.9619181946403383,3,21
250092031008,319,308,926,825,313,3.571428571428571,12.242424242424242,11,101
250092032001,456,458,1194,1136,395,-0.43668122270742354,5.105633802816902,-2,58
250092032002,365,360,779,791,350,1.3888888888888888,-1.5170670037926675,5,-12
250092032003,414,409,780,695,356,1.2224938875305624,12.23021582733813,5,85
250092032004,357,355,832,881,337,0.5633802816901409,-5.561861520998865,2,-49
250092032005,406,405,1083,1054,390,0.24691358024691357,2.7514231499051234,1,29
250092033011,482,489,761,704,413,-1.4314928425357873,8.096590909090908,-7,57
250092033012,890,895,1997,1966,821,-0.5586592178770949,1.5768056968463884,-5,31
250092033013,332,342,579,616,321,-2.923976608187134,-6.0064935064935066,-10,-37
250092033014,316,308,762,724,306,2.5974025974025974,5.248618784530387,8,38
250092033021,725,728,1268,1214,632,-0.4120879120879121,4.448105436573312,-3,54
250092033022,1061,964,2306,2088,982,10.062240663900415,10.440613026819925,97,218
250092033023,552,542,870,868,499,1.8450184501845017,0.2304147465437788,10,2
250092041011,564,552,1148,1127,544,2.1739130434782608,1.8633540372670807,12,21
250092041012,510,487,1675,1867,479,4.722792607802875,-10.283877878950188,23,-192
250092041013,584,548,1244,1118,550,6.569343065693431,11.270125223613595,36,126
250092041014,329,315,597,557,305,4.444444444444445,7.1813285457809695,14,40
250092041021,1060,1055,2259,2072,1008,0.47393364928909953,9.025096525096526,5,187
250092041022,947,929,3458,2863,917,1.9375672766415502,20.78239608801956,18,595
250092042001,615,596,1246,1091,601,3.1879194630872485,14.207149404216315,19,155
250092042002,445,360,812,685,417,23.61111111111111,18.54014598540146,85,127
250092042003,708,653,1323,1223,666,8.422664624808576,8.176614881439084,55,100
250092042004,420,381,822,829,402,10.236220472440944,-0.8443908323281062,39,-7
250092042005,504,502,1033,969,468,0.398406374501992,6.604747162022703,2,64
250092043001,901,825,1408,1267,810,9.212121212121211,11.128650355169691,76,141
250092043002,529,497,1475,1516,505,6.438631790744467,-2.704485488126649,32,-41
250092043003,538,476,1193,1121,511,13.025210084033615,6.422836752899197,62,72
250092044001,360,343,747,731,344,4.956268221574344,2.188782489740082,17,16
250092044002,649,574,1135,1077,620,13.066202090592336,5.385329619312906,75,58
250092044003,412,389,696,656,371,5.912596401028278,6.097560975609756,23,40
250092044004,554,509,911,837,519,8.840864440078585,8.841099163679809,45,74
250092045001,590,551,1290,1190,572,7.078039927404718,8.403361344537815,39,100
250092045002,794,735,1332,1163,745,8.027210884353742,14.531384350816854,59,169
250092045003,550,505,915,779,515,8.91089108910891,17.458279845956355,45,136
250092046001,542,541,1211,1225,513,0.18484288354898337,-1.1428571428571428,1,-14
250092046002,582,577,1335,1311,566,0.8665511265164645,1.8306636155606408,5,24
250092046003,349,327,791,676,303,6.727828746177369,17.011834319526628,22,115
250092046004,547,469,1116,1040,524,16.631130063965884,7.307692307692308,78,76
250092046005,433,417,916,902,408,3.8369304556354913,1.5521064301552108,16,14
250092047011,402,328,1014,785,382,22.5609756097561,29.17197452229299,74,229
250092047012,771,765,1775,1530,742,0.7843137254901961,16.013071895424837,6,245
250092047013,1585,1571,3396,3467,1532,0.8911521323997454,-2.047880011537352,14,-71
250092047021,564,405,1082,861,525,39.25925925925926,25.667828106852497,159,221
250092047022,1194,1131,3083,2903,1171,5.570291777188329,6.200482259731312,63,180
250092047023,472,469,1128,1040,454,0.6396588486140725,8.461538461538462,3,88
250092047024,342,347,915,862,323,-1.440922190201729,6.148491879350348,-5,53
250092051001,538,534,1434,1192,530,0.7490636704119851,20.302013422818792,4,242
250092051002,424,413,1275,1077,418,2.663438256658596,18.384401114206128,11,198
250092051003,364,361,1074,919,343,0.8310249307479225,16.866158868335145,3,155
250092051004,576,556,1653,1527,573,3.5971223021582732,8.25147347740668,20,126
250092051005,261,264,692,637,251,-1.1363636363636365,8.634222919937205,-3,55
250092052001,424,410,869,806,411,3.414634146341464,7.816377171215881,14,63
250092052002,285,277,805,714,274,2.888086642599278,12.745098039215685,8,91
250092052003,577,564,1607,1510,544,2.304964539007092,6.4238410596026485,13,97
250092052004,521,511,1658,1435,506,1.9569471624266144,15.540069686411151,10,223
250092052005,390,385,1041,854,372,1.2987012987012987,21.89695550351288,5,187
250092053001,604,591,1674,1586,585,2.199661590524535,5.548549810844893,13,88
250092053002,356,352,1054,909,347,1.1363636363636365,15.951595159515952,4,145
250092053003,391,386,965,926,385,1.2953367875647668,4.211663066954643,5,39
250092053004,395,395,1114,1069,378,0,4.20954162768943,0,45
250092054001,607,802,1677,1948,597,-24.3142144638404,-13.911704312114988,-195,-271
250092054002,630,620,1644,1584,624,1.6129032258064515,3.787878787878788,10,60
250092054003,537,536,1552,1516,521,0.18656716417910446,2.3746701846965697,1,36
250092055001,762,736,2390,2054,733,3.532608695652174,16.358325219084712,26,336
250092055002,1009,961,3054,2552,971,4.994797086368366,19.670846394984327,48,502
250092056001,479,468,1237,1258,458,2.3504273504273505,-1.669316375198728,11,-21
250092056002,469,324,1090,723,459,44.75308641975309,50.76071922544951,145,367
250092056003,567,552,1400,1320,565,2.717391304347826,6.0606060606060606,15,80
250092056004,240,238,695,580,226,0.8403361344537815,19.82758620689655,2,115
250092057001,307,302,804,768,294,1.6556291390728477,4.6875,5,36
250092057002,356,350,1060,937,343,1.7142857142857144,13.127001067235858,6,123
250092057003,385,374,1171,1072,371,2.941176470588235,9.235074626865671,11,99
250092057004,320,318,903,835,317,0.628930817610063,8.1437125748503,2,68
250092057005,420,416,1133,1038,398,0.9615384615384616,9.152215799614643,4,95
250092058001,364,362,1124,1044,354,0.5524861878453038,7.662835249042145,2,80
250092058002,342,342,1220,1089,333,0,12.029384756657484,0,131
250092058003,508,435,1381,1179,493,16.7816091954023,17.133163698049195,73,202
250092059001,581,598,1952,1743,544,-2.842809364548495,11.990820424555364,-17,209
250092059002,453,443,1398,1262,449,2.2573363431151243,10.776545166402537,10,136
250092059003,501,502,1448,1345,468,-0.199203187250996,7.657992565055761,-1,103
250092060001,478,478,1630,1443,465,0,12.959112959112959,0,187
250092060002,685,642,2074,1916,648,6.697819314641744,8.24634655532359,43,158
250092061001,795,797,1998,1793,750,-0.2509410288582183,11.43335192414947,-2,205
250092061002,684,665,2201,2051,655,2.857142857142857,7.313505607020964,19,150
250092062001,361,327,1352,1128,346,10.397553516819572,19.858156028368796,34,224
250092062002,811,786,2507,2267,793,3.1806615776081424,10.5866784296427,25,240
250092062003,570,573,1998,1859,538,-0.5235602094240838,7.477138246369015,-3,139
250092063001,258,250,839,712,250,3.2,17.837078651685392,8,127
250092063002,325,316,1018,991,308,2.848101265822785,2.7245206861755804,9,27
250092063003,388,379,1220,1030,378,2.3746701846965697,18.446601941747574,9,190
250092063004,376,367,1137,1040,344,2.452316076294278,9.326923076923077,9,97
250092064001,380,363,1228,1018,357,4.683195592286501,20.6286836935167,17,210
250092064002,719,722,1979,1847,694,-0.41551246537396125,7.146724417975095,-3,132
250092064003,389,388,1275,1042,373,0.25773195876288657,22.36084452975048,1,233
250092064004,499,493,1578,1342,479,1.2170385395537524,17.58569299552906,6,236
250092065001,340,330,1091,943,336,3.0303030303030303,15.69459172852598,10,148
250092065002,434,436,1473,1267,403,-0.45871559633027525,16.25887924230466,-2,206
250092065003,387,394,1183,1148,377,-1.7766497461928936,3.048780487804878,-7,35
250092066001,479,431,1001,884,472,11.1368909512761,13.23529411764706,48,117
250092066002,402,387,869,740,380,3.875968992248062,17.43243243243243,15,129
250092066003,571,552,1367,1034,553,3.4420289855072466,32.20502901353966,19,333
250092066004,679,658,1879,1585,626,3.1914893617021276,18.548895899053626,21,294
250092067001,610,593,1547,1470,582,2.866779089376054,5.238095238095238,17,77
250092067002,477,471,858,746,448,1.2738853503184715,15.013404825737265,6,112
250092067003,315,308,836,682,287,2.272727272727273,22.58064516129032,7,154
250092067004,682,684,1323,1182,653,-0.29239766081871343,11.928934010152284,-2,141
250092068001,719,687,1982,1754,672,4.657933042212519,12.998859749144811,32,228
250092068002,1069,915,2465,1792,1005,16.830601092896174,37.55580357142857,154,673
250092069001,672,549,1006,641,638,22.404371584699454,56.94227769110765,123,365
250092069002,1022,1005,2180,1910,978,1.691542288557214,14.136125654450263,17,270
250092069003,967,838,1809,1414,946,15.393794749403341,27.934936350777935,129,395
250092070001,614,585,966,963,574,4.957264957264957,0.3115264797507788,29,3
250092070002,440,456,1323,1235,431,-3.508771929824561,7.125506072874494,-16,88
250092071001,455,444,1581,1446,434,2.4774774774774775,9.336099585062241,11,135
250092071002,326,307,1176,992,322,6.188925081433225,18.548387096774192,19,184
250092071003,338,342,1050,1075,320,-1.1695906432748537,-2.3255813953488373,-4,-25
250092072001,409,391,1443,1212,384,4.603580562659847,19.05940594059406,18,231
250092072002,713,789,1560,1727,703,-9.632446134347274,-9.669947886508396,-76,-167
250092081011,356,351,989,956,346,1.4245014245014245,3.4518828451882846,5,33
250092081012,695,689,1833,1710,679,0.8708272859216255,7.192982456140351,6,123
250092081013,404,409,1176,1086,391,-1.2224938875305624,8.287292817679557,-5,90
250092081014,563,551,1394,1372,540,2.1778584392014517,1.6034985422740524,12,22
250092081021,301,301,811,752,276,0,7.845744680851063,0,59
250092081022,355,342,958,872,346,3.8011695906432745,9.862385321100918,13,86
250092081023,323,292,868,790,320,10.616438356164384,9.873417721518987,31,78
250092081024,326,317,900,829,314,2.8391167192429023,8.56453558504222,9,71
250092082001,487,474,1276,1228,474,2.7426160337552745,3.908794788273615,13,48
250092082002,344,344,929,843,332,0,10.201660735468565,0,86
250092082003,963,925,1943,1872,925,4.108108108108108,3.7927350427350426,38,71
250092082004,553,552,1373,1319,539,0.18115942028985507,4.094010614101592,1,54
250092083001,430,431,1203,1152,420,-0.23201856148491878,4.427083333333334,-1,51
250092083002,878,865,2442,2268,852,1.5028901734104045,7.671957671957672,13,174
250092083003,502,500,1341,1257,481,0.4,6.682577565632458,2,84
250092083004,1119,1096,2677,2577,1094,2.0985401459854014,3.880481179666279,23,100
250092084001,677,396,1367,935,614,70.95959595959596,46.20320855614973,281,432
250092084002,622,618,1603,1632,600,0.6472491909385114,-1.7769607843137254,4,-29
250092084003,463,450,1320,1245,452,2.888888888888889,6.024096385542169,13,75
250092084004,935,872,2195,1933,904,7.224770642201834,13.55406104500776,63,262
250092091001,491,485,1417,1335,470,1.2371134020618557,6.142322097378277,6,82
250092091002,302,280,703,617,294,7.857142857142857,13.938411669367909,22,86
250092091003,566,559,1746,1503,555,1.2522361359570662,16.16766467065868,7,243
250092091004,408,404,1081,1102,392,0.9900990099009901,-1.9056261343012704,4,-21
250092091005,997,674,2228,1531,928,47.92284866468843,45.52580013063357,323,697
250092092001,400,399,1249,1214,392,0.2506265664160401,2.883031301482702,1,35
250092092002,594,541,1480,1354,585,9.796672828096119,9.30576070901034,53,126
250092092003,485,481,1449,1395,458,0.8316008316008316,3.870967741935484,4,54
250092092004,529,531,1644,1545,515,-0.3766478342749529,6.407766990291262,-2,99
250092101001,1076,1024,2634,2639,1059,5.078125,-0.189465706707086,52,-5
250092101002,503,491,1416,1440,495,2.4439918533604885,-1.6666666666666667,12,-24
250092101003,517,514,1510,1506,506,0.5836575875486382,0.2656042496679947,3,4
250092101004,472,465,1320,1363,454,1.5053763440860215,-3.1548055759354363,7,-43
250092102001,515,511,1374,1399,496,0.7827788649706457,-1.7869907076483202,4,-25
250092102002,728,731,1823,1827,719,-0.4103967168262654,-0.21893814997263275,-3,-4
250092102003,764,763,2111,2158,744,0.1310615989515072,-2.1779425393883227,1,-47
250092103001,734,711,1848,1640,703,3.2348804500703237,12.682926829268293,23,208
250092103002,3250,2821,5175,4536,3010,15.207373271889402,14.087301587301587,429,639
250092103003,1298,1239,3070,2934,1219,4.761904761904762,4.635310156782549,59,136
250092104001,821,788,1975,1582,801,4.187817258883249,24.84197218710493,33,393
250092104002,493,481,1181,1092,475,2.494802494802495,8.15018315018315,12,89
250092104003,1010,986,2520,2450,977,2.434077079107505,2.857142857142857,24,70
250092104004,721,691,1810,1699,707,4.341534008683068,6.533254855797528,30,111
250092105001,403,397,1113,1107,389,1.5113350125944585,0.5420054200542005,6,6
250092105002,926,908,2532,2563,913,1.9823788546255507,-1.2095200936402655,18,-31
250092105003,662,530,1824,1392,644,24.90566037735849,31.03448275862069,132,432
250092105004,476,580,1358,1376,461,-17.93103448275862,-1.308139534883721,-104,-18
250092106001,735,705,1776,1586,709,4.25531914893617,11.979823455233293,30,190
250092106002,268,270,765,692,265,-0.7407407407407408,10.54913294797688,-2,73
250092106003,516,491,1202,1194,504,5.091649694501019,0.6700167504187605,25,8
250092106004,248,250,648,623,242,-0.8,4.012841091492777,-2,25
250092107001,534,522,1326,1247,510,2.2988505747126435,6.335204490777866,12,79
250092107002,509,411,1062,865,505,23.844282238442823,22.77456647398844,98,197
250092107003,545,523,1271,1199,513,4.2065009560229445,6.005004170141785,22,72
250092107004,295,281,821,690,270,4.98220640569395,18.985507246376812,14,131
250092108001,539,547,1338,1337,516,-1.4625228519195612,0.07479431563201197,-8,1
250092108002,627,613,1327,1111,614,2.2838499184339316,19.441944194419442,14,216
250092108003,1244,1233,2286,2121,1189,0.8921330089213302,7.779349363507778,11,165
250092109001,539,537,1270,1192,515,0.37243947858473,6.543624161073826,2,78
250092109002,375,362,940,878,375,3.591160220994475,7.061503416856492,13,62
250092109003,845,844,1854,1813,814,0.11848341232227488,2.2614451185879756,1,41
250092111001,359,333,992,897,343,7.807807807807808,10.590858416945373,26,95
250092111002,467,450,1168,1202,454,3.7777777777777777,-2.828618968386023,17,-34
250092111003,429,405,951,912,407,5.9259259259259265,4.276315789473684,24,39
250092111004,350,397,921,783,331,-11.838790931989925,17.624521072796934,-47,138
250092112001,525,500,1120,1031,499,5,8.63239573229874,25,89
250092112002,700,683,1484,1479,656,2.4890190336749636,0.3380662609871535,17,5
250092112003,844,790,1779,1626,816,6.8354430379746836,9.40959409594096,54,153
250092112004,973,923,2053,1964,894,5.417118093174431,4.531568228105906,50,89
250092113001,1039,860,2326,2157,972,20.813953488372093,7.8349559573481695,179,169
250092113002,561,573,1601,1536,545,-2.094240837696335,4.231770833333334,-12,65
250092113003,1134,1157,3181,3274,1111,-1.9878997407087293,-2.8405620036652413,-23,-93
250092114011,1863,1496,4263,3560,1730,24.532085561497325,19.747191011235955,367,703
250092114021,496,482,1281,1249,460,2.904564315352697,2.5620496397117694,14,32
250092114022,881,824,1857,1749,838,6.917475728155339,6.174957118353345,57,108
250092114023,932,902,2184,2032,909,3.325942350332594,7.480314960629922,30,152
250092114024,385,360,1119,1042,378,6.944444444444445,7.389635316698656,25,77
250092121001,524,438,1520,1290,506,19.63470319634703,17.829457364341085,86,230
250092121002,883,821,2562,2233,850,7.551766138855055,14.733542319749215,62,329
250092121003,866,808,2279,2142,841,7.1782178217821775,6.3958916900093365,58,137
250092121004,1085,978,3419,3322,1047,10.940695296523517,2.9199277543648403,107,97
250092131001,639,641,1878,1841,619,-0.31201248049922,2.009777294948398,-2,37
250092131002,448,440,1355,1357,439,1.8181818181818181,-0.14738393515106854,8,-2
250092131003,614,594,1821,1721,594,3.3670033670033668,5.8105752469494485,20,100
250092131004,285,274,853,823,277,4.014598540145985,3.6452004860267313,11,30
250092131005,827,807,2276,2219,808,2.478314745972739,2.568724650743578,20,57
250092141001,570,518,1767,1572,552,10.038610038610038,12.404580152671755,52,195
250092141002,538,541,1509,1455,525,-0.5545286506469501,3.711340206185567,-3,54
250092141003,851,825,2283,2196,816,3.151515151515152,3.9617486338797816,26,87
250092141004,403,292,1030,866,372,38.013698630136986,18.937644341801384,111,164
250092151011,768,757,2074,2055,736,1.453104359313078,0.9245742092457422,11,19
250092151012,684,689,1782,2080,582,-0.7256894049346879,-14.326923076923077,-5,-298
250092151013,267,251,767,761,243,6.374501992031872,0.7884362680683311,16,6
250092151021,318,297,609,570,240,7.07070707070707,6.842105263157896,21,39
250092151022,291,292,767,830,281,-0.3424657534246575,-7.590361445783132,-1,-63
250092151023,326,324,900,881,323,0.6172839506172839,2.1566401816118046,2,19
250092151024,273,270,663,587,271,1.1111111111111112,12.947189097103918,3,76
250092161001,416,438,1048,1033,380,-5.0228310502283104,1.452081316553727,-22,15
250092161002,675,641,1855,1699,661,5.30421216848674,9.181871689228958,34,156
250092161003,369,351,2077,2143,354,5.128205128205128,-3.079794680354643,18,-66
250092171001,1237,1223,2840,2704,1168,1.1447260834014716,5.029585798816568,14,136
250092171002,975,966,2631,2577,959,0.9316770186335404,2.0954598370197903,9,54
250092171003,841,805,2166,2010,796,4.472049689440994,7.761194029850746,36,156
250092172011,463,460,1190,1126,456,0.6521739130434783,5.683836589698046,3,64
250092172012,422,423,1055,1039,419,-0.2364066193853428,1.539942252165544,-1,16
250092172013,930,932,1992,2053,904,-0.2145922746781116,-2.9712615684364345,-2,-61
250092172021,424,414,991,927,417,2.4154589371980677,6.903991370010787,10,64
250092172022,338,330,809,785,319,2.4242424242424243,3.0573248407643314,8,24
250092172023,281,275,678,676,266,2.181818181818182,0.2958579881656805,6,2
250092172024,436,436,1108,1103,429,0,0.45330915684496825,0,5
250092173001,441,297,1097,817,414,48.484848484848484,34.27172582619339,144,280
250092173002,428,430,1063,993,417,-0.46511627906976744,7.049345417925479,-2,70
250092173003,729,593,1473,1164,690,22.93423271500843,26.54639175257732,136,309
250092173004,244,241,683,620,226,1.2448132780082988,10.161290322580644,3,63
250092173005,436,437,965,910,433,-0.2288329519450801,6.043956043956044,-1,55
250092174001,405,385,821,764,373,5.194805194805195,7.460732984293193,20,57
250092174002,1054,833,1602,1342,968,26.53061224489796,19.374068554396423,221,260
250092174003,772,704,1309,1230,715,9.659090909090908,6.4227642276422765,68,79
250092174004,1198,1005,2100,1882,1130,19.203980099502488,11.583421891604676,193,218
250092175001,376,370,972,894,354,1.6216216216216217,8.724832214765101,6,78
250092175002,478,471,1000,1022,457,1.48619957537155,-2.152641878669276,7,-22
250092175003,419,410,1024,1042,392,2.195121951219512,-1.727447216890595,9,-18
250092175004,291,280,798,723,278,3.9285714285714284,10.37344398340249,11,75
250092175005,541,496,1232,1109,506,9.07258064516129,11.09107303877367,45,123
250092175006,700,682,1394,1311,661,2.6392961876832843,6.331045003813883,18,83
250092176001,921,921,2654,2735,898,0,-2.9616087751371114,0,-81
250092176002,286,276,685,688,275,3.6231884057971016,-0.436046511627907,10,-3
250092176003,489,485,1083,1034,463,0.8247422680412372,4.738878143133462,4,49
250092176004,889,805,2078,1790,817,10.434782608695652,16.089385474860336,84,288
250092176005,270,257,2986,2432,239,5.058365758754864,22.779605263157894,13,554
250092181001,570,554,1251,1226,494,2.888086642599278,2.039151712887439,16,25
250092181002,307,316,751,752,283,-2.848101265822785,-0.13297872340425532,-9,-1
250092181003,522,514,989,888,454,1.556420233463035,11.373873873873874,8,101
250092181004,736,723,1597,1551,702,1.7980636237897647,2.9658284977433915,13,46
250092181005,297,287,807,719,261,3.484320557491289,12.23922114047288,10,88
250092201011,702,647,760,688,382,8.500772797527048,10.465116279069768,55,72
250092201012,526,503,1119,1151,455,4.572564612326044,-2.780191138140747,23,-32
250092201013,718,696,827,888,485,3.1609195402298855,-6.86936936936937,22,-61
250092201014,828,799,1306,1276,646,3.629536921151439,2.3510971786833856,29,30
250092201021,1177,1165,2143,2145,979,1.0300429184549356,-0.09324009324009325,12,-2
250092201022,431,413,834,804,396,4.358353510895883,3.731343283582089,18,30
250092211001,738,715,1323,1266,574,3.2167832167832167,4.502369668246446,23,57
250092211002,866,853,1573,1495,679,1.5240328253223916,5.217391304347826,13,78
250092211003,644,594,1452,1421,604,8.417508417508419,2.1815622800844476,50,31
250092213001,810,804,1489,1514,713,0.7462686567164178,-1.6512549537648615,6,-25
250092213002,620,629,935,945,474,-1.4308426073131957,-1.0582010582010581,-9,-10
250092213003,351,363,535,599,255,-3.3057851239669422,-10.684474123539232,-12,-64
250092213004,828,783,1449,1474,627,5.747126436781609,-1.6960651289009496,45,-25
250092214001,523,504,1014,980,488,3.7698412698412698,3.4693877551020407,19,34
250092214002,820,724,1785,1644,771,13.259668508287293,8.576642335766424,96,141
250092214003,306,296,616,597,285,3.3783783783783785,3.1825795644891124,10,19
250092215001,854,897,1509,1513,822,-4.793756967670011,-0.2643754130865829,-43,-4
250092215002,872,788,1608,1410,805,10.65989847715736,14.042553191489363,84,198
250092216001,319,311,839,802,303,2.572347266881029,4.613466334164588,8,37
250092216002,447,440,970,897,425,1.5909090909090908,8.138238573021182,7,73
250092216003,359,316,832,749,354,13.60759493670886,11.081441922563418,43,83
250092217001,575,526,1086,1035,530,9.315589353612168,4.9275362318840585,49,51
250092217002,793,808,1792,1805,754,-1.8564356435643563,-0.7202216066481995,-15,-13
250092218001,417,410,879,839,376,1.707317073170732,4.767580452920143,7,40
250092218002,337,312,894,934,302,8.012820512820513,-4.282655246252676,25,-40
250092219011,1100,1021,2558,2506,1022,7.737512242899118,2.0750199521149244,79,52
250092219012,561,566,932,913,507,-0.88339222614841,2.08105147864184,-5,19
250092219021,824,795,1618,1474,770,3.647798742138365,9.76933514246947,29,144
250092219022,1169,1102,2043,1977,860,6.0798548094373865,3.338391502276176,67,66
250092221001,557,523,1201,1049,431,6.5009560229445515,14.489990467111536,34,152
250092221002,679,645,1517,1471,645,5.271317829457364,3.127124405166554,34,46
250092221003,426,432,958,984,412,-1.3888888888888888,-2.642276422764228,-6,-26
250092231001,1021,767,1902,1624,900,33.116036505867015,17.118226600985224,254,278
250092231002,1170,1144,2247,2256,993,2.272727272727273,-0.39893617021276595,26,-9
250092232001,677,636,1308,1248,630,6.446540880503145,4.807692307692308,41,60
250092232002,782,715,1650,1504,743,9.37062937062937,9.707446808510637,67,146
250092232003,426,403,925,988,402,5.707196029776675,-6.376518218623482,23,-63
250092233001,879,849,2158,2081,838,3.53356890459364,3.700144161460836,30,77
250092233002,1114,1098,2448,2340,1055,1.4571948998178506,4.615384615384616,16,108
250092233003,406,395,1147,1134,403,2.7848101265822782,1.1463844797178129,11,13
250092501001,2004,1425,3753,2329,1859,40.63157894736842,61.142121082009446,579,1424
250092502001,861,742,2762,2179,841,16.037735849056602,26.755392381826525,119,583
250092502002,466,437,1587,1352,446,6.636155606407322,17.381656804733726,29,235
250092502003,373,340,1177,1048,373,9.705882352941178,12.30916030534351,33,129
250092502004,377,357,1238,945,363,5.602240896358544,31.005291005291006,20,293
250092503001,949,636,2905,2101,938,49.21383647798742,38.26749167063303,313,804
250092504001,428,386,1392,1288,428,10.880829015544041,8.074534161490684,42,104
250092504002,546,512,1878,1686,516,6.640625,11.387900355871885,34,192
250092504003,302,315,800,884,301,-4.1269841269841265,-9.502262443438914,-13,-84
250092505001,444,367,1627,1455,437,20.98092643051771,11.821305841924397,77,172
250092505002,240,219,908,779,221,9.58904109589041,16.5596919127086,21,129
250092505003,511,486,1822,1576,500,5.1440329218107,15.609137055837563,25,246
250092506001,492,460,1593,1429,478,6.956521739130435,11.476557032890133,32,164
250092506002,451,409,1425,1188,435,10.268948655256724,19.94949494949495,42,237
250092506003,454,422,1524,1521,446,7.5829383886255926,0.19723865877712032,32,3
250092506004,490,454,1700,1461,483,7.929515418502203,16.358658453114305,36,239
250092507001,763,693,2498,2069,733,10.1010101010101,20.734654422426292,70,429
250092507002,424,388,1283,1072,411,9.278350515463918,19.682835820895523,36,211
250092507003,534,470,1793,1615,515,13.617021276595745,11.021671826625386,64,178
250092508001,582,549,1983,1645,567,6.0109289617486334,20.54711246200608,33,338
250092508002,641,605,2020,1811,610,5.950413223140496,11.54058531198233,36,209
250092508003,487,387,2559,1278,478,25.839793281653744,100.23474178403755,100,1281
250092508004,391,369,1238,1087,379,5.9620596205962055,13.891444342226311,22,151
250092508005,450,438,1270,1111,434,2.73972602739726,14.311431143114312,12,159
250092509001,329,318,1150,1113,312,3.459119496855346,3.324348607367475,11,37
250092509002,503,458,1105,1080,490,9.82532751091703,2.314814814814815,45,25
250092510001,588,539,1895,1782,557,9.090909090909092,6.341189674523008,49,113
250092511001,785,761,1381,1414,764,3.1537450722733245,-2.333804809052334,24,-33
250092511002,340,336,1061,1015,340,1.1904761904761905,4.532019704433497,4,46
250092511003,180,160,576,508,163,12.5,13.385826771653544,20,68
250092512001,616,588,1474,1357,585,4.761904761904762,8.621960206337508,28,117
250092513001,746,741,2024,2014,734,0.6747638326585695,0.49652432969215493,5,10
250092513002,343,324,1068,1041,339,5.864197530864197,2.5936599423631126,19,27
250092513003,230,216,801,666,226,6.481481481481481,20.27027027027027,14,135
250092514001,709,642,2304,2231,682,10.43613707165109,3.2720753025549083,67,73
250092514002,281,259,911,768,280,8.494208494208493,18.619791666666664,22,143
250092514003,306,285,1019,927,300,7.368421052631578,9.924487594390508,21,92
250092514004,375,357,1286,1127,352,5.042016806722689,14.108251996450754,18,159
250092515001,462,437,1210,1070,453,5.720823798627003,13.084112149532709,25,140
250092515002,460,441,1374,1120,443,4.308390022675737,22.678571428571427,19,254
250092515003,586,542,1782,1615,569,8.118081180811808,10.340557275541794,44,167
250092515004,361,336,1280,928,343,7.440476190476191,37.93103448275862,25,352
250092515005,542,519,1376,1416,497,4.431599229287091,-2.824858757062147,23,-40
250092516001,588,384,1507,1073,558,53.125,40.44734389561976,204,434
250092516002,729,687,2301,2070,710,6.11353711790393,11.159420289855072,42,231
250092516003,668,628,2108,1718,630,6.369426751592357,22.700814901047732,40,390
250092516004,428,384,1247,1116,426,11.458333333333332,11.738351254480287,44,131
250092517001,550,498,1756,1476,529,10.441767068273093,18.97018970189702,52,280
250092517002,754,738,1615,1542,719,2.168021680216802,4.734111543450065,16,73
250092517003,467,419,1442,1277,464,11.455847255369928,12.920908379013312,48,165
250092517004,320,302,996,850,309,5.960264900662252,17.176470588235293,18,146
250092518001,545,519,1598,1322,536,5.009633911368015,20.87745839636914,26,276
250092518002,648,578,1814,1489,619,12.110726643598616,21.82672934855608,70,325
250092518003,1007,986,2621,2202,953,2.129817444219067,19.02815622161671,21,419
250092518004,900,889,2317,2141,877,1.2373453318335208,8.220457730032695,11,176
250092521011,571,556,1531,1334,548,2.697841726618705,14.767616191904049,15,197
250092521012,277,253,876,730,277,9.486166007905137,20,24,146
250092521013,737,706,1706,1445,728,4.390934844192635,18.06228373702422,31,261
250092521021,520,516,1472,1439,502,0.7751937984496124,2.2932592077831826,4,33
250092521022,556,501,1510,1479,551,10.978043912175648,2.0960108181203516,55,31
250092521023,590,343,1435,880,567,72.01166180758017,63.06818181818182,247,555
250092522011,502,485,1324,1248,492,3.5051546391752577,6.089743589743589,17,76
250092522012,778,754,2085,1982,750,3.183023872679045,5.196770938446014,24,103
250092522021,656,640,1971,1944,642,2.5,1.3888888888888888,16,27
250092522022,486,480,1309,1254,463,1.25,4.385964912280701,6,55
250092523001,314,293,774,595,271,7.167235494880546,30.084033613445378,21,179
250092523002,539,452,1383,1115,521,19.24778761061947,24.03587443946188,87,268
250092523003,527,475,1537,1317,507,10.947368421052632,16.704631738800305,52,220
250092523004,437,416,1214,1062,429,5.048076923076923,14.312617702448211,21,152
250092523005,817,737,1700,1505,799,10.854816824966079,12.956810631229235,80,195
250092523006,475,459,989,958,456,3.485838779956427,3.2359081419624216,16,31
250092524001,417,400,1315,1168,393,4.25,12.585616438356166,17,147
250092524002,585,502,1900,1587,578,16.533864541832667,19.72274732199118,83,313
250092524003,598,532,1639,1420,573,12.406015037593985,15.422535211267604,66,219
250092525011,741,719,2050,1804,693,3.05980528511822,13.636363636363635,22,246
250092525012,401,379,1117,1018,385,5.804749340369393,9.724950884086445,22,99
250092525013,358,372,1159,1052,349,-3.763440860215054,10.171102661596958,-14,107
250092525021,486,470,1330,1155,476,3.404255319148936,15.151515151515152,16,175
250092525022,694,679,1782,1756,663,2.2091310751104567,1.4806378132118452,15,26
250092525023,290,277,925,954,272,4.693140794223827,-3.039832285115304,13,-29
250092525024,401,389,1022,1000,393,3.0848329048843186,2.1999999999999997,12,22
250092526011,939,854,2118,1805,898,9.953161592505854,17.34072022160665,85,313
250092526012,479,441,1399,1286,473,8.616780045351474,8.786936236391913,38,113
250092526013,908,892,2397,2173,890,1.7937219730941705,10.308329498389323,16,224
250092526014,629,616,1486,1357,609,2.1103896103896105,9.506263817243921,13,129
250092526021,515,560,1002,1132,488,-8.035714285714286,-11.484098939929329,-45,-130
250092526022,597,304,1361,881,502,96.38157894736842,54.48354143019296,293,480
250092526023,406,127,954,453,394,219.68503937007875,110.59602649006624,279,501
250092526024,738,650,2151,1941,703,13.538461538461538,10.819165378670787,88,210
250092526031,1233,1111,3141,3026,1110,10.981098109810981,3.8003965631196297,122,115
250092531001,448,450,1012,975,423,-0.4444444444444444,3.794871794871795,-2,37
250092531002,412,411,1069,1013,412,0.24330900243309003,5.528134254689043,1,56
250092531003,446,446,1233,1150,431,0,7.217391304347825,0,83
250092531004,872,831,1788,1514,825,4.9338146811071,18.09775429326288,41,274
250092531005,364,356,780,700,335,2.247191011235955,11.428571428571429,8,80
250092532011,1109,879,2254,2042,923,26.16609783845279,10.381978452497552,230,212
250092532012,425,375,1020,871,413,13.333333333333334,17.106773823191734,50,149
250092532021,265,260,729,659,248,1.9230769230769231,10.62215477996965,5,70
250092532022,787,783,2855,2363,768,0.5108556832694764,20.82099026661024,4,492
250092532023,459,443,1013,983,448,3.611738148984198,3.0518819938962363,16,30
250092532024,1123,1124,2264,2248,1088,-0.0889679715302491,0.7117437722419928,-1,16
250092532031,338,333,956,1008,329,1.5015015015015014,-5.158730158730158,5,-52
250092532032,565,557,1627,1647,558,1.436265709156194,-1.214329083181542,8,-20
250092532033,658,622,1582,1505,625,5.787781350482315,5.116279069767442,36,77
250092532041,487,447,1332,1287,481,8.94854586129754,3.4965034965034967,40,45
250092532042,1361,1057,4055,3253,1331,28.760643330179754,24.654165385797725,304,802
250092532043,405,262,992,789,335,54.58015267175572,25.728770595690747,143,203
250092532051,854,802,2673,2588,840,6.483790523690773,3.284389489953632,52,85
250092532052,537,526,1681,1757,533,2.091254752851711,-4.325554923164485,11,-76
250092541001,564,556,1301,1301,531,1.4388489208633095,0,8,0
250092541002,592,592,1318,1252,574,0,5.271565495207668,0,66
250092541003,991,812,2090,1746,924,22.04433497536946,19.702176403207332,179,344
250092541004,364,340,1000,837,351,7.0588235294117645,19.47431302270012,24,163
250092541005,329,325,891,873,322,1.2307692307692308,2.0618556701030926,4,18
250092542001,794,741,3067,2739,728,7.152496626180836,11.975173420956553,53,328
250092542002,596,569,1199,1148,564,4.745166959578207,4.442508710801394,27,51
250092542003,660,631,1209,1131,610,4.595879556259905,6.896551724137931,29,78
250092543011,726,686,2382,2150,689,5.830903790087463,10.790697674418604,40,232
250092543012,628,576,1887,1743,613,9.027777777777777,8.2616179001721175,52,144
250092543021,848,829,2503,2462,825,2.2919179734620023,1.6653127538586516,19,41
250092543022,376,355,1114,1002,367,5.915492957746479,11.177644710578843,21,112
250092543023,465,463,1046,1029,452,0.4319654427645789,1.6520894071914478,2,17
250092544011,1388,1159,3709,3235,1337,19.75841242450388,14.65224111282844,229,474
250092544021,678,416,1609,1159,638,62.980769230769226,38.826574633304574,262,450
250092544022,964,716,2856,2241,939,34.63687150837989,27.443105756358772,248,615
250092544023,503,641,1540,1515,483,-21.528861154446176,1.65016501650165,-138,25
250092544024,766,697,2013,1798,738,9.899569583931134,11.957730812013349,69,215
250092544031,904,905,2631,2620,873,-0.11049723756906078,0.41984732824427484,-1,11
250092544032,414,414,1224,1220,400,0,0.32786885245901637,0,4
250092601001,832,757,2284,2048,766,9.907529722589167,11.5234375,75,236
250092601002,765,702,1424,1223,705,8.974358974358974,16.43499591169256,63,201
250092601003,1355,846,2441,1518,1262,60.16548463356975,60.80368906455863,509,923
250092602001,787,753,1873,1823,742,4.51527224435591,2.7427317608337902,34,50
250092602002,984,964,1750,1614,924,2.0746887966804977,8.426270136307311,20,136
250092603011,746,678,1762,1674,725,10.029498525073747,5.256869772998805,68,88
250092603012,777,750,1847,1774,729,3.5999999999999996,4.114994363021421,27,73
250092603013,444,426,1090,1018,433,4.225352112676056,7.072691552062868,18,72
250092603021,362,354,941,935,352,2.2598870056497176,0.6417112299465241,8,6
250092603022,858,875,2336,2156,824,-1.9428571428571426,8.348794063079778,-17,180
250092604011,292,292,736,756,288,0,-2.6455026455026456,0,-20
250092604012,417,407,1126,1108,410,2.457002457002457,1.6245487364620936,10,18
250092604013,313,296,822,774,304,5.743243243243244,6.2015503875969,17,48
250092604014,814,651,1484,1182,780,25.038402457757297,25.549915397631136,163,302
250092604021,1275,1098,2695,2236,1235,16.120218579234972,20.527728085867622,177,459
250092604022,1084,1017,2960,2893,1062,6.588003933136677,2.3159350155547873,67,67
250092604023,478,418,1345,1082,478,14.354066985645932,24.306839186691313,60,263
250092605001,709,674,1814,1697,676,5.192878338278932,6.894519740718915,35,117
250092605002,528,520,1413,1289,501,1.5384615384615385,9.619860356865788,8,124
250092605003,266,238,913,802,252,11.76470588235294,13.840399002493767,28,111
250092606001,475,469,1124,1119,455,1.279317697228145,0.44682752457551383,6,5
250092606002,435,427,1173,1110,420,1.873536299765808,5.675675675675676,8,63
250092606003,519,470,1405,1148,486,10.425531914893616,22.38675958188153,49,257
250092607001,962,939,2419,2219,923,2.4494142705005326,9.013068949977468,23,200
250092607002,927,875,2462,2279,900,5.942857142857143,8.029837648091268,52,183
250092608001,1138,956,3078,2320,1045,19.03765690376569,32.67241379310345,182,758
250092608002,1182,1020,3054,2311,1105,15.88235294117647,32.15058416270013,162,743
250092609001,346,348,914,855,336,-0.5747126436781609,6.900584795321637,-2,59
250092609002,489,466,1341,1281,463,4.935622317596566,4.683840749414521,23,60
250092609003,427,426,1116,1032,403,0.2347417840375587,8.13953488372093,1,84
250092609004,962,922,2062,1921,927,4.3383947939262475,7.3399271212909944,40,141
250092610001,472,456,1095,1030,448,3.508771929824561,6.310679611650485,16,65
250092610002,856,780,2070,1781,807,9.7435897435897445,16.22683885457608,76,289
250092610003,527,513,1233,1131,504,2.729044834307992,9.018567639257293,14,102
250092611011,684,583,1655,1481,673,17.32418524871355,11.74881836596894,101,174
250092611012,546,528,1392,1381,528,3.4090909090909087,0.7965242577842143,18,11
250092611013,714,660,1982,1920,693,8.181818181818182,3.229166666666667,54,62
250092611021,308,289,922,834,293,6.5743944636678195,10.551558752997602,19,88
250092611022,659,619,1396,1341,653,6.462035541195476,4.1014168530947055,40,55
250092611023,1210,1195,2832,2783,1188,1.2552301255230125,1.760689902982393,15,49
250092621001,405,400,1007,961,393,1.25,4.786680541103017,5,46
250092621002,1412,1287,3114,2875,1344,9.712509712509712,8.31304347826087,125,239
250092621003,943,868,2597,2502,882,8.640552995391705,3.796962430055955,75,95
250092631001,652,587,1633,1526,627,11.073253833049405,7.011795543905635,65,107
250092631002,416,373,1002,938,388,11.528150134048257,6.823027718550106,43,64
250092631003,672,620,1866,1771,659,8.38709677419355,5.364201016374929,52,95
250092641001,793,746,2104,2039,781,6.3002680965147455,3.1878371750858268,47,65
250092641002,772,715,2011,1819,757,7.972027972027972,10.555250137438152,57,192
250092641003,1030,978,2637,2601,980,5.316973415132924,1.384083044982699,52,36
250092651011,377,373,758,757,374,1.0723860589812333,0.13210039630118892,4,1
250092651012,345,315,890,815,322,9.523809523809524,9.202453987730062,30,75
250092651013,372,361,979,993,363,3.0470914127423825,-1.4098690835850958,11,-14
250092651014,398,370,1221,1080,394,7.567567567567568,13.055555555555557,28,141
250092651021,538,530,1439,1425,525,1.509433962264151,0.9824561403508772,8,14
250092651022,1130,1095,3183,3113,1114,3.1963470319634704,2.24863475746868,35,70
250092661001,388,371,932,854,358,4.5822102425876015,9.133489461358314,17,78
250092661002,317,308,762,734,299,2.922077922077922,3.8147138964577656,9,28
250092661003,344,317,872,812,327,8.517350157728707,7.389162561576355,27,60
250092661004,555,318,1278,918,533,74.52830188679245,39.21568627450981,237,360
250092661005,425,345,896,714,412,23.18840579710145,25.49019607843137,80,182
250092662001,1012,894,2248,1983,966,13.19910514541387,13.363590519415029,118,265
250092662002,918,890,1929,1925,847,3.146067415730337,0.2077922077922078,28,4
250092662003,584,525,1291,1286,561,11.238095238095239,0.38880248833592534,59,5
250092663001,408,380,805,704,383,7.368421052631578,14.346590909090908,28,101
250092663002,552,503,1209,1179,511,9.74155069582505,2.5445292620865136,49,30
250092663003,871,831,1766,1826,837,4.813477737665464,-3.285870755750274,40,-60
250092664001,365,316,850,817,341,15.50632911392405,4.039167686658507,49,33
250092664002,300,286,797,801,296,4.895104895104895,-0.4993757802746567,14,-4
250092664003,509,502,935,973,483,1.394422310756972,-3.905447070914697,7,-38
250092664004,340,324,792,757,319,4.938271604938271,4.623513870541611,16,35
250092671011,672,640,643,718,371,5,-10.445682451253482,32,-75
250092671012,1191,1200,1087,1040,587,-0.75,4.519230769230769,-9,47
250092671013,1368,858,2455,1815,1270,59.44055944055944,35.26170798898072,510,640
250092671021,663,537,1444,1296,617,23.463687150837988,11.419753086419753,126,148
250092671022,664,621,1586,1529,639,6.924315619967794,3.727926749509483,43,57
250092671023,442,425,1214,1124,419,4,8.007117437722421,17,90
250092671024,270,269,719,761,269,0.37174721189591076,-5.519053876478318,1,-42
250092681001,276,276,762,798,275,0,-4.511278195488721,0,-36
250092681002,607,601,1840,1870,602,0.9983361064891847,-1.6042780748663104,6,-30
250092682001,594,580,1384,1299,558,2.413793103448276,6.543494996150885,14,85
250092682002,468,423,1083,957,424,10.638297872340425,13.166144200626958,45,126
250092682003,875,818,2016,1732,842,6.968215158924205,16.397228637413395,57,284
250092682004,999,962,2434,2334,956,3.8461538461538463,4.284490145672665,37,100
250092683001,846,799,1353,1186,749,5.88235294117647,14.080944350758854,47,167
250092683002,800,763,1540,1523,768,4.849279161205767,1.1162179908076166,37,17
250092683003,463,455,883,807,435,1.7582417582417582,9.417596034696405,8,76
250092683004,295,274,619,610,277,7.664233576642336,1.4754098360655739,21,9
250092684001,513,480,714,650,380,6.875000000000001,9.846153846153847,33,64
250092684002,511,504,1097,1102,458,1.3888888888888888,-0.4537205081669692,7,-5
250092684003,611,607,1106,1093,573,0.6589785831960462,1.1893870082342177,4,13
250092684004,755,722,1459,1455,675,4.570637119113574,0.27491408934707906,33,4
250092691001,754,709,920,921,539,6.346967559943582,-0.10857763300760044,45,-1
250092691002,528,509,1091,1099,451,3.732809430255403,-0.7279344858962694,19,-8
250092691003,478,457,1162,1146,444,4.595185995623632,1.3961605584642234,21,16
250092691004,954,917,2456,2446,921,4.0348964013086155,0.4088307440719542,37,10
250092691005,359,344,1087,1054,341,4.3604651162790695,3.130929791271347,15,33
250092701001,1148,1093,2954,2832,1107,5.032021957913998,4.307909604519774,55,122
250092701002,1258,1160,3210,3024,1222,8.448275862068966,6.15079365079365,98,186
250099901000,0,0,0,0,0,NA,NA,0,0
250110401001,681,692,1143,1220,531,-1.5895953757225432,-6.311475409836066,-11,-77
250110401002,816,898,1194,1182,506,-9.131403118040089,1.015228426395939,-82,12
250110401003,557,569,1136,1195,480,-2.10896309314587,-4.937238493723849,-12,-59
250110401004,476,491,937,897,387,-3.054989816700611,4.459308807134894,-15,40
250110402001,855,834,1819,1822,794,2.5179856115107913,-0.1646542261251372,21,-3
250110402002,452,439,1016,1018,440,2.9612756264236904,-0.19646365422396855,13,-2
250110402003,699,608,1548,1500,609,14.967105263157896,3.2,91,48
250110403001,702,689,1302,1338,574,1.8867924528301887,-2.690582959641256,13,-36
250110403002,704,702,1565,1694,650,0.2849002849002849,-7.6151121605667065,2,-129
250110404001,483,525,978,971,418,-8,0.7209062821833162,-42,7
250110404002,624,708,1466,1609,598,-11.864406779661017,-8.887507768800496,-84,-143
250110404003,448,436,924,848,409,2.7522935779816518,8.962264150943396,12,76
250110405011,313,326,670,742,284,-3.9877300613496933,-9.703504043126685,-13,-72
250110405012,490,496,1083,1248,441,-1.2096774193548387,-13.221153846153847,-6,-165
250110405013,352,359,778,853,320,-1.9498607242339834,-8.792497069167643,-7,-75
250110405014,586,601,1367,1421,552,-2.4958402662229617,-3.8001407459535534,-15,-54
250110405021,348,350,640,613,272,-0.5714285714285714,4.404567699836868,-2,27
250110405022,624,608,1459,1393,556,2.631578947368421,4.737975592246949,16,66
250110405023,832,853,1571,1569,793,-2.4618991793669402,0.12746972594008923,-21,2
250110406001,828,811,1866,1851,771,2.096177558569667,0.8103727714748784,17,15
250110406002,853,866,1715,1771,724,-1.5011547344110854,-3.1620553359683794,-13,-56
250110406003,461,465,982,990,428,-0.8602150537634409,-0.8080808080808081,-4,-8
250110407011,417,409,1003,1029,388,1.9559902200488997,-2.5267249757045676,8,-26
250110407012,703,661,1329,1229,661,6.354009077155824,8.136696501220504,42,100
250110407013,498,484,1084,1062,474,2.8925619834710745,2.0715630885122414,14,22
250110407014,433,426,871,893,412,1.643192488262911,-2.463605823068309,7,-22
250110407021,456,450,885,893,432,1.3333333333333335,-0.8958566629339306,6,-8
250110407022,587,566,1311,1251,566,3.7102473498233217,4.796163069544365,21,60
250110407023,345,331,706,701,323,4.229607250755287,0.7132667617689016,14,5
250110407024,674,631,1393,1379,634,6.814580031695722,1.015228426395939,43,14
250110408001,727,661,1607,1496,686,9.984871406959153,7.419786096256685,66,111
250110408002,370,363,770,745,364,1.9283746556473829,3.3557046979865772,7,25
250110408003,682,669,1519,1622,653,1.9431988041853512,-6.350184956843403,13,-103
250110408004,719,697,1374,1317,687,3.1563845050215207,4.328018223234624,22,57
250110409001,397,380,934,1073,365,4.473684210526316,-12.954333643988816,17,-139
250110409002,952,922,2263,2207,886,3.2537960954446854,2.5373810602628004,30,56
250110409003,626,592,1294,1267,592,5.743243243243244,2.131018153117601,34,27
250110409004,317,287,599,578,280,10.452961672473867,3.633217993079585,30,21
250110410001,417,407,1092,941,401,2.457002457002457,16.046758767268862,10,151
250110410002,591,585,1312,1332,566,1.0256410256410255,-1.5015015015015014,6,-20
250110410003,451,439,1080,998,434,2.733485193621868,8.216432865731463,12,82
250110411001,416,380,805,771,389,9.473684210526317,4.409857328145266,36,34
250110411002,494,482,1043,1049,472,2.4896265560165975,-0.5719733079122974,12,-6
250110411003,370,363,915,820,343,1.9283746556473829,11.585365853658537,7,95
250110411004,467,477,968,963,437,-2.0964360587002098,0.5192107995846313,-10,5
250110412001,634,609,1270,1372,610,4.105090311986864,-7.434402332361516,25,-102
250110412002,358,352,788,767,328,1.7045454545454544,2.737940026075619,6,21
250110412003,454,446,959,1017,437,1.7937219730941705,-5.703048180924287,8,-58
250110413001,497,492,855,870,472,1.0162601626016259,-1.7241379310344827,5,-15
250110413002,537,479,914,879,499,12.10855949895616,3.981797497155859,58,35
250110413003,428,430,817,846,385,-0.46511627906976744,-3.4278959810874707,-2,-29
250110413004,653,650,963,1002,611,0.46153846153846156,-3.8922155688622757,3,-39
250110413005,636,600,1053,1045,588,6,0.7655502392344498,36,8
250110414001,558,539,1512,1391,518,3.525046382189239,8.698777857656362,19,121
250110414002,685,647,1420,1393,625,5.873261205564142,1.938262742282843,38,27
250110415011,569,581,1036,1083,486,-2.0654044750430294,-4.339796860572484,-12,-47
250110415012,311,296,659,654,285,5.0675675675675675,0.764525993883792,15,5
250110415013,826,830,1761,1897,749,-0.48192771084337355,-7.16921454928835,-4,-136
250110415021,491,477,1055,1079,443,2.9350104821802936,-2.2242817423540315,14,-24
250110415022,433,431,928,965,392,0.46403712296983757,-3.83419689119171,2,-37
250110415023,474,457,888,937,430,3.7199124726477026,-5.229455709711846,17,-49
250110415024,510,454,828,814,482,12.334801762114537,1.71990171990172,56,14
250138001011,535,520,1308,1275,526,2.8846153846153846,2.588235294117647,15,33
250138001012,501,499,1314,1445,436,0.4008016032064128,-9.065743944636678,2,-131
250138001013,626,614,1467,1332,597,1.9543973941368076,10.135135135135135,12,135
250138001021,821,802,2005,1906,746,2.369077306733167,5.194123819517314,19,99
250138001022,354,350,984,821,329,1.1428571428571428,19.853836784409257,4,163
250138001023,673,651,1449,1392,615,3.3794162826420893,4.094827586206897,22,57
250138002011,548,536,1409,1456,525,2.2388059701492535,-3.2280219780219785,12,-47
250138002012,656,641,1600,1536,628,2.3400936037441498,4.166666666666666,15,64
250138002013,286,283,639,659,270,1.0600706713780919,-3.0349013657056148,3,-20
250138002014,517,512,1252,1156,489,0.9765625,8.304498269896193,5,96
250138002015,657,640,1677,1527,643,2.65625,9.823182711198427,17,150
250138002021,600,584,1436,1333,582,2.73972602739726,7.726931732933233,16,103
250138003001,673,525,1646,1252,661,28.19047619047619,31.469648562300318,148,394
250138003002,503,498,1167,1152,490,1.0040160642570282,1.3020833333333335,5,15
250138003003,435,425,1143,1068,402,2.3529411764705883,7.02247191011236,10,75
250138003004,397,395,965,923,379,0.5063291139240507,4.550379198266522,2,42
250138004001,646,635,1808,1732,601,1.7322834645669292,4.387990762124711,11,76
250138004002,539,541,1378,1405,514,-0.36968576709796674,-1.9217081850533808,-2,-27
250138004003,264,255,707,799,250,3.5294117647058822,-11.514392991239049,9,-92
250138004004,626,616,1622,1532,583,1.6233766233766231,5.87467362924282,10,90
250138004005,370,364,1117,1258,350,1.6483516483516485,-11.208267090620032,6,-141
250138005001,494,482,1351,1331,476,2.4896265560165975,1.5026296018031555,12,20
250138005002,363,347,1129,1031,333,4.610951008645533,9.50533462657614,16,98
250138005003,415,410,1061,1004,401,1.2195121951219512,5.677290836653386,5,57
250138006001,319,333,788,902,286,-4.2042042042042045,-12.638580931263856,-14,-114
250138006002,343,347,1008,1029,312,-1.1527377521613833,-2.0408163265306123,-4,-21
250138006003,219,248,479,689,186,-11.693548387096774,-30.478955007256893,-29,-210
250138007001,627,602,1611,1547,618,4.152823920265781,4.137039431157078,25,64
250138007002,891,895,2291,2453,857,-0.44692737430167595,-6.604158173664901,-4,-162
250138008001,608,608,1214,1278,572,0,-5.007824726134586,0,-64
250138008002,332,343,767,820,307,-3.206997084548105,-6.463414634146342,-11,-53
250138009001,639,615,1526,1504,602,3.902439024390244,1.4627659574468086,24,22
250138009002,869,826,1377,1394,806,5.205811138014528,-1.2195121951219512,43,-17
250138009003,419,392,1322,1238,387,6.887755102040815,6.78513731825525,27,84
250138011011,1296,1253,1993,1862,1217,3.4317637669592975,7.035445757250268,43,131
250138011021,498,537,783,891,453,-7.262569832402235,-12.121212121212121,-39,-108
250138011022,214,244,372,646,191,-12.295081967213115,-42.414860681114554,-30,-274
250138012001,415,408,772,885,399,1.715686274509804,-12.768361581920903,7,-113
250138012002,581,489,1335,1113,535,18.813905930470348,19.946091644204852,92,222
250138012003,375,395,619,640,341,-5.063291139240507,-3.28125,-20,-21
250138013001,511,511,1289,1195,474,0,7.866108786610878,0,94
250138013002,431,445,1195,1155,398,-3.146067415730337,3.463203463203463,-14,40
250138013003,524,517,1440,1408,459,1.3539651837524178,2.272727272727273,7,32
250138013004,359,350,935,878,322,2.571428571428571,6.492027334851937,9,57
250138014011,777,749,2010,1972,719,3.7383177570093453,1.9269776876267748,28,38
250138014012,755,699,2259,2020,663,8.011444921316166,11.83168316831683,56,239
250138014021,429,419,1066,1078,404,2.386634844868735,-1.1131725417439702,10,-12
250138014022,525,371,1079,938,491,41.509433962264154,15.031982942430705,154,141
250138015011,792,839,2209,1960,721,-5.601907032181168,12.704081632653061,-47,249
250138015012,306,301,843,826,291,1.6611295681063125,2.0581113801452786,5,17
250138015013,503,480,1310,1301,483,4.791666666666667,0.6917755572636434,23,9
250138015014,466,478,1162,1274,448,-2.510460251046025,-8.791208791208792,-12,-112
250138015021,501,486,1242,1224,478,3.0864197530864197,1.4705882352941175,15,18
250138015022,323,315,804,761,313,2.5396825396825395,5.650459921156373,8,43
250138015023,555,554,1358,1427,541,0.18050541516245489,-4.835318850735809,1,-69
250138015031,473,434,1224,1096,451,8.986175115207374,11.678832116788321,39,128
250138015032,973,948,2103,2125,919,2.6371308016877637,-1.035294117647059,25,-22
250138015033,331,306,898,815,329,8.169934640522875,10.184049079754601,25,83
250138016011,527,522,2316,2398,514,0.9578544061302682,-3.419516263552961,5,-82
250138016012,254,251,602,666,238,1.1952191235059761,-9.60960960960961,3,-64
250138016013,539,471,1091,1023,486,14.437367303609342,6.647116324535679,68,68
250138016014,427,418,949,980,397,2.15311004784689,-3.1632653061224487,9,-31
250138016021,1097,1095,2714,2789,1080,0.182648401826484,-2.6891358910003587,2,-75
250138016022,367,363,895,893,337,1.1019283746556474,0.22396416573348266,4,2
250138016023,416,432,1414,1426,397,-3.7037037037037033,-0.8415147265077139,-16,-12
250138016031,637,624,1487,1522,605,2.083333333333333,-2.299605781865966,13,-35
250138016032,1206,1197,2634,2663,1166,0.7518796992481203,-1.0889973713856553,9,-29
250138016041,1121,1102,2692,2635,1084,1.7241379310344827,2.163187855787476,19,57
250138016042,454,447,1030,1132,447,1.5659955257270695,-9.010600706713781,7,-102
250138016051,416,411,1028,1043,404,1.2165450121654502,-1.4381591562799616,5,-15
250138016052,1105,1106,2903,2917,1091,-0.09041591320072333,-0.47994514912581415,-1,-14
250138016053,275,273,635,648,261,0.7326007326007326,-2.006172839506173,2,-13
250138017001,460,452,1338,1129,422,1.7699115044247788,18.511957484499558,8,209
250138017002,90,81,1912,1654,53,11.11111111111111,15.598548972188633,9,258
250138017003,365,363,960,927,323,0.5509641873278237,3.559870550161812,2,33
250138017004,394,382,1394,1472,373,3.1413612565445024,-5.298913043478261,12,-78
250138017005,512,506,1294,1364,457,1.185770750988142,-5.131964809384164,6,-70
250138017006,362,360,947,1031,335,0.5555555555555556,-8.147429679922405,2,-84
250138018001,308,301,828,740,270,2.3255813953488373,11.891891891891893,7,88
250138018002,376,375,1135,1038,359,0.26666666666666666,9.344894026974952,1,97
250138018003,208,284,787,994,188,-26.76056338028169,-20.824949698189137,-76,-207
250138018004,301,291,725,712,270,3.436426116838488,1.8258426966292134,10,13
250138018005,312,282,876,795,266,10.638297872340425,10.18867924528302,30,81
250138019011,537,596,1163,1263,500,-9.899328859060402,-7.91765637371338,-59,-100
250138019012,1135,1083,2791,2675,1014,4.801477377654663,4.336448598130841,52,116
250138019021,939,907,1759,1634,878,3.528114663726571,7.649938800489596,32,125
250138019022,616,612,1130,1270,539,0.6535947712418301,-11.023622047244094,4,-140
250138019023,246,236,667,710,224,4.23728813559322,-6.056338028169014,10,-43
250138020001,898,963,2005,2174,818,-6.749740394600208,-7.773689052437903,-65,-169
250138020002,292,294,731,675,292,-0.6802721088435374,8.296296296296296,-2,56
250138021001,690,687,1614,1503,635,0.43668122270742354,7.385229540918163,3,111
250138021002,319,326,788,664,279,-2.147239263803681,18.67469879518072,-7,124
250138021003,398,398,824,816,359,0,0.9803921568627451,0,8
250138021004,434,482,892,1063,386,-9.95850622406639,-16.086547507055503,-48,-171
250138021005,431,421,818,721,395,2.375296912114014,13.453536754507628,10,97
250138021006,476,478,1239,1308,439,-0.41841004184100417,-5.275229357798166,-2,-69
250138022001,402,369,1286,987,390,8.94308943089431,30.29381965552178,33,299
250138022002,450,444,1133,1159,392,1.3513513513513513,-2.2433132010353756,6,-26
250138022003,458,447,1175,1162,419,2.460850111856823,1.1187607573149743,11,13
250138023001,291,295,763,737,271,-1.3559322033898304,3.5278154681139755,-4,26
250138023002,648,660,1806,1805,574,-1.8181818181818181,0.0554016620498615,-12,1
250138023003,877,867,2409,2469,782,1.1534025374855825,-2.4301336573511545,10,-60
250138023004,338,325,873,839,307,4,4.052443384982122,13,34
250138023005,404,405,1182,988,352,-0.24691358024691357,19.63562753036437,-1,194
250138024001,336,333,794,752,333,0.9009009009009009,5.585106382978723,3,42
250138024002,319,318,699,714,295,0.3144654088050315,-2.100840336134454,1,-15
250138024003,603,604,1435,1380,583,-0.16556291390728478,3.985507246376811,-1,55
250138024004,324,326,701,698,323,-0.6134969325153374,0.42979942693409745,-2,3
250138025001,388,383,861,912,381,1.3054830287206265,-5.592105263157895,5,-51
250138025002,473,459,1154,1087,465,3.0501089324618738,6.163753449862005,14,67
250138025003,457,456,1010,1007,442,0.21929824561403508,0.29791459781529295,1,3
250138025004,428,428,1092,1015,421,0,7.586206896551724,0,77
250138025005,628,580,1425,1277,603,8.275862068965518,11.58966327329679,48,148
250138025006,564,554,1431,1396,538,1.8050541516245486,2.5071633237822346,10,35
250138026011,293,290,694,655,276,1.0344827586206897,5.9541984732824424,3,39
250138026012,521,513,1386,1391,472,1.5594541910331383,-0.35945363048166784,8,-5
250138026013,507,501,1397,1319,480,1.1976047904191618,5.913570887035633,6,78
250138026014,516,507,1368,1291,468,1.7751479289940828,5.964368706429124,9,77
250138026015,478,461,1270,1164,436,3.68763557483731,9.106529209621993,17,106
250138026016,475,465,1235,1218,473,2.1505376344086025,1.3957307060755337,10,17
250138026021,994,982,2021,1902,949,1.2219959266802443,6.256572029442692,12,119
250138101001,954,945,2365,2493,903,0.9523809523809524,-5.134376253509827,9,-128
250138101002,529,528,1122,1091,493,0.1893939393939394,2.841429880843263,1,31
250138101003,917,901,1798,1774,846,1.7758046614872365,1.3528748590755355,16,24
250138101004,475,478,871,932,431,-0.6276150627615062,-6.545064377682404,-3,-61
250138102001,426,400,979,944,390,6.5,3.7076271186440675,26,35
250138102002,515,520,1067,1112,493,-0.9615384615384616,-4.046762589928058,-5,-45
250138102003,421,315,896,654,393,33.65079365079365,37.00305810397553,106,242
250138103001,758,625,1523,1293,709,21.279999999999998,17.788089713843775,133,230
250138103002,861,822,1831,1847,794,4.744525547445255,-0.8662696264212236,39,-16
250138104031,623,620,1287,1285,595,0.4838709677419355,0.1556420233463035,3,2
250138104032,778,768,1592,1636,740,1.3020833333333335,-2.689486552567237,10,-44
250138104033,607,501,1154,1010,575,21.157684630738522,14.257425742574256,106,144
250138104041,403,397,1024,1068,383,1.5113350125944585,-4.119850187265917,6,-44
250138104042,1162,1145,2586,2693,1128,1.48471615720524,-3.973264017823988,17,-107
250138104121,1236,1149,2588,2442,1187,7.5718015665796345,5.978705978705979,87,146
250138104122,779,745,1889,1881,762,4.563758389261745,0.42530568846358324,34,8
250138104123,633,636,1543,1610,605,-0.4716981132075472,-4.161490683229814,-3,-67
250138104141,518,526,2281,2413,485,-1.520912547528517,-5.470368835474513,-8,-132
250138104142,680,671,1574,1672,651,1.3412816691505216,-5.861244019138756,9,-98
250138104143,1334,1225,3485,3393,1290,8.89795918367347,2.7114647804302976,109,92
250138106011,421,424,831,806,393,-0.7075471698113208,3.101736972704715,-3,25
250138106012,1306,1301,2343,2403,1227,0.3843197540353574,-2.4968789013732833,5,-60
250138106013,486,477,986,1058,455,1.8867924528301887,-6.805293005671078,9,-72
250138106021,1076,1075,2572,2657,1049,0.09302325581395349,-3.1990967256304104,1,-85
250138107001,771,752,1683,1577,735,2.5265957446808507,6.721623335447051,19,106
250138107002,356,353,902,827,342,0.84985835694051,9.068923821039904,3,75
250138107003,654,644,1377,1427,611,1.5527950310559007,-3.50385423966363,10,-50
250138107004,416,408,926,927,386,1.9607843137254901,-0.10787486515641855,8,-1
250138107005,663,659,1358,1393,622,0.6069802731411229,-2.512562814070352,4,-35
250138108001,942,899,1770,1494,876,4.78309232480534,18.473895582329316,43,276
250138108002,639,571,1230,1293,558,11.908931698774081,-4.872389791183294,68,-63
250138108003,467,460,1080,1036,435,1.5217391304347827,4.247104247104247,7,44
250138109011,1074,997,1988,1948,923,7.723169508525577,2.0533880903490758,77,40
250138109021,560,553,1602,1446,521,1.2658227848101267,10.78838174273859,7,156
250138109022,282,275,649,678,272,2.5454545454545454,-4.277286135693215,7,-29
250138109023,707,689,1500,1483,662,2.6124818577648767,1.1463250168577208,18,17
250138109024,372,378,850,971,341,-1.5873015873015872,-12.461380020597321,-6,-121
250138110001,478,477,900,973,441,0.20964360587002098,-7.50256937307297,1,-73
250138110002,332,325,771,702,311,2.1538461538461537,9.82905982905983,7,69
250138110003,427,425,910,948,419,0.4705882352941176,-4.008438818565401,2,-38
250138110004,480,473,1143,1049,452,1.4799154334038054,8.960915157292659,7,94
250138110005,516,451,1138,950,494,14.412416851441243,19.789473684210527,65,188
250138111011,609,579,1380,1529,566,5.181347150259067,-9.74493132766514,30,-149
250138111012,687,649,1577,1361,647,5.855161787365177,15.870683321087437,38,216
250138111013,525,522,1424,1426,500,0.5747126436781609,-0.1402524544179523,3,-2
250138111014,346,344,770,742,328,0.5813953488372093,3.7735849056603774,2,28
250138111021,586,580,1428,1487,561,1.0344827586206897,-3.967720242098184,6,-59
250138111022,906,912,1938,2047,875,-0.6578947368421052,-5.324865657059111,-6,-109
250138111023,617,596,1511,1452,606,3.523489932885906,4.0633608815427,21,59
250138111024,507,508,1118,1114,479,-0.19685039370078738,0.3590664272890485,-1,4
250138112001,790,783,1637,1667,741,0.8939974457215836,-1.7996400719856027,7,-30
250138112002,536,524,1171,1233,500,2.2900763358778624,-5.02838605028386,12,-62
250138112003,471,476,1040,976,430,-1.050420168067227,6.557377049180328,-5,64
250138112004,367,408,920,983,354,-10.049019607843137,-6.408952187182096,-41,-63
250138113011,664,650,1352,1368,642,2.1538461538461537,-1.1695906432748537,14,-16
250138113012,360,348,848,776,358,3.4482758620689653,9.278350515463918,12,72
250138113013,1168,1166,2218,2236,1086,0.17152658662092624,-0.8050089445438283,2,-18
250138113014,463,457,1158,1114,442,1.312910284463895,3.949730700179533,6,44
250138113021,0,0,0,0,0,NA,NA,0,0
250138113022,632,624,1476,1419,619,1.282051282051282,4.0169133192389,8,57
250138113023,437,509,1022,1303,435,-14.145383104125736,-21.565617805065234,-72,-281
250138113024,651,638,1491,1406,638,2.037617554858934,6.0455192034139404,13,85
250138113025,800,801,1573,1613,777,-0.12484394506866417,-2.4798512089274647,-1,-40
250138114001,437,396,1070,1016,411,10.353535353535353,5.31496062992126,41,54
250138114002,507,545,1220,1431,484,-6.972477064220184,-14.74493361285814,-38,-211
250138115001,395,381,1062,1182,375,3.674540682414698,-10.152284263959391,14,-120
250138115002,385,402,1140,1095,329,-4.228855721393035,4.10958904109589,-17,45
250138116001,324,306,829,910,309,5.88235294117647,-8.901098901098901,18,-81
250138116002,390,373,904,1026,323,4.557640750670242,-11.890838206627679,17,-122
250138116003,261,264,629,654,229,-1.1363636363636365,-3.82262996941896,-3,-25
250138116004,514,465,1139,1159,473,10.53763440860215,-1.7256255392579811,49,-20
250138117001,351,347,525,481,334,1.1527377521613833,9.147609147609149,4,44
250138117002,594,483,1052,1016,529,22.981366459627328,3.543307086614173,111,36
250138117003,286,276,473,532,181,3.6231884057971016,-11.090225563909774,10,-59
250138118001,305,286,727,717,272,6.643356643356643,1.394700139470014,19,10
250138118002,285,278,689,781,236,2.5179856115107913,-11.7797695262484,7,-92
250138118003,516,509,1039,1109,479,1.37524557956778,-6.311992786293959,7,-70
250138118004,264,244,648,633,227,8.19672131147541,2.3696682464454977,20,15
250138118005,374,361,887,899,334,3.6011080332409975,-1.3348164627363739,13,-12
250138119001,607,626,1275,1340,564,-3.035143769968051,-4.850746268656716,-19,-65
250138119002,481,474,1106,1097,474,1.4767932489451476,0.8204193254329991,7,9
250138119003,488,494,1083,1118,442,-1.214574898785425,-3.1305903398926653,-6,-35
250138120011,498,486,1083,1073,452,2.4691358024691357,0.9319664492078285,12,10
250138120012,241,229,781,755,208,5.240174672489083,3.443708609271523,12,26
250138120013,450,439,810,869,424,2.5056947608200453,-6.789413118527042,11,-59
250138120014,379,379,775,754,340,0,2.7851458885941645,0,21
250138120021,899,871,2129,2346,821,3.214695752009185,-9.249786871270247,28,-217
250138120022,284,274,754,714,277,3.64963503649635,5.602240896358544,10,40
250138120023,325,324,722,703,311,0.30864197530864196,2.7027027027027026,1,19
250138120024,386,392,834,883,355,-1.530612244897959,-5.549263873159683,-6,-49
250138121011,379,379,813,836,372,0,-2.751196172248804,0,-23
250138121012,958,929,2104,2175,932,3.1216361679224973,-3.2643678160919536,29,-71
250138121013,274,270,778,893,268,1.4814814814814816,-12.877939529675253,4,-115
250138121014,515,512,1226,1202,504,0.5859375,1.9966722129783694,3,24
250138121031,412,387,922,867,368,6.459948320413436,6.343713956170703,25,55
250138121032,1128,1051,2657,2969,1032,7.326355851569934,-10.508588750421017,77,-312
250138121041,617,607,1313,1395,574,1.6474464579901154,-5.878136200716845,10,-82
250138121042,568,564,1288,1390,520,0.7092198581560284,-7.338129496402877,4,-102
250138121043,301,293,700,698,284,2.7303754266211606,0.28653295128939826,8,2
250138121044,496,488,1052,1162,455,1.639344262295082,-9.46643717728055,8,-110
250138122011,921,908,2144,2112,865,1.4317180616740088,1.5151515151515151,13,32
250138122012,670,678,1189,1220,621,-1.1799410029498525,-2.540983606557377,-8,-31
250138122013,753,735,1457,1268,702,2.4489795918367347,14.905362776025235,18,189
250138122021,1130,1205,1931,2215,1061,-6.224066390041494,-12.821670428893906,-75,-284
250138122022,416,426,654,857,409,-2.3474178403755865,-23.687281213535588,-10,-203
250138122023,590,508,1122,971,549,16.141732283464567,15.550978372811535,82,151
250138123001,441,410,1233,1203,401,7.560975609756097,2.493765586034913,31,30
250138123002,741,760,1585,1552,717,-2.5,2.1262886597938144,-19,33
250138123003,967,877,2511,2370,920,10.262257696693272,5.949367088607595,90,141
250138123004,369,359,804,736,331,2.785515320334262,9.239130434782608,10,68
250138124011,293,293,726,736,280,0,-1.358695652173913,0,-10
250138124012,671,670,1634,1594,639,0.1492537313432836,2.5094102885821834,1,40
250138124013,638,622,1616,1513,626,2.572347266881029,6.8076668869795105,16,103
250138124014,947,972,2390,2367,927,-2.57201646090535,0.9716941275876637,-25,23
250138124031,404,370,947,862,378,9.18918918918919,9.860788863109049,34,85
250138124032,578,574,1061,1008,560,0.6968641114982579,5.257936507936508,4,53
250138124033,503,499,1150,1141,473,0.8016032064128256,0.7887817703768624,4,9
250138124034,365,361,799,785,345,1.10803324099723,1.78343949044586,4,14
250138124041,717,707,1871,1799,684,1.4144271570014144,4.002223457476376,10,72
250138124042,770,763,2013,2082,750,0.9174311926605505,-3.314121037463977,7,-69
250138125001,331,346,920,969,319,-4.335260115606936,-5.056759545923633,-15,-49
250138125002,553,550,1401,1293,509,0.5454545454545455,8.352668213457076,3,108
250138125003,1130,952,2340,2332,1091,18.69747899159664,0.34305317324185247,178,8
250138125004,278,282,627,624,239,-1.4184397163120568,0.4807692307692308,-4,3
250138125005,898,892,2400,2447,887,0.672645739910314,-1.9207192480588478,6,-47
250138126001,771,727,1636,1673,724,6.052269601100413,-2.211595935445308,44,-37
250138126002,419,415,895,915,415,0.9638554216867471,-2.185792349726776,4,-20
250138126003,973,962,2663,2701,945,1.1434511434511436,-1.4068863383931878,11,-38
250138126004,558,550,1445,1510,546,1.4545454545454546,-4.304635761589404,8,-65
250138127011,647,636,1346,1270,587,1.729559748427673,5.984251968503937,11,76
250138127012,640,614,1474,1590,561,4.234527687296417,-7.29559748427673,26,-116
250138127013,559,553,1146,1218,522,1.0849909584086799,-5.911330049261084,6,-72
250138127021,914,915,2091,2122,829,-0.1092896174863388,-1.4608859566446748,-1,-31
250138127022,1051,1028,1982,2110,926,2.237354085603113,-6.066350710900474,23,-128
250138127023,649,628,1169,1257,567,3.343949044585987,-7.000795544948289,21,-88
250138128001,372,361,744,819,358,3.0470914127423825,-9.157509157509157,11,-75
250138128002,721,674,1821,1728,692,6.973293768545995,5.381944444444445,47,93
250138128003,1067,951,2453,2187,1005,12.197686645636173,12.162780064014632,116,266
250138128004,800,715,2094,1932,766,11.888111888111888,8.385093167701864,85,162
250138129011,806,751,1784,1677,783,7.323568575233022,6.380441264162194,55,107
250138129012,340,325,782,721,319,4.615384615384616,8.460471567267684,15,61
250138129013,248,248,526,604,244,0,-12.91390728476821,0,-78
250138129021,336,278,557,556,321,20.863309352517987,0.1798561151079137,58,1
250138129022,846,785,2061,1969,802,7.770700636942675,4.672422549517521,61,92
250138129023,923,908,2264,2277,896,1.6519823788546255,-0.5709266578831796,15,-13
250138129031,38,29,2213,2593,33,31.03448275862069,-14.654839953721558,9,-380
250138130001,351,343,819,838,337,2.3323615160349855,-2.267303102625298,8,-19
250138130002,702,699,1643,1775,647,0.4291845493562232,-7.436619718309859,3,-132
250138130003,622,645,1226,1337,535,-3.565891472868217,-8.302169035153328,-23,-111
250138130004,577,574,1215,1233,512,0.5226480836236934,-1.4598540145985401,3,-18
250138130005,502,510,471,485,221,-1.5686274509803921,-2.88659793814433,-8,-14
250138130006,655,647,1538,1566,607,1.2364760432766615,-1.7879948914431671,8,-28
250138131011,912,849,1938,1979,839,7.420494699646643,-2.0717534108135425,63,-41
250138131012,719,672,1438,1439,674,6.9940476190476195,-0.06949270326615706,47,-1
250138131013,990,978,2283,2470,903,1.2269938650306749,-7.57085020242915,12,-187
250138131021,761,708,1697,1711,716,7.4858757062146895,-0.8182349503214494,53,-14
250138131022,734,709,1877,1903,695,3.5260930888575457,-1.3662637940094586,25,-26
250138132041,318,310,767,817,305,2.5806451612903225,-6.119951040391677,8,-50
250138132042,958,891,2581,2423,940,7.519640852974187,6.520841931489889,67,158
250138132051,949,949,2066,2037,920,0,1.4236622484045165,0,29
250138132052,455,421,1123,1165,428,8.076009501187649,-3.6051502145922747,34,-42
250138132053,1089,1096,2654,2949,1067,-0.6386861313868614,-10.003390979993219,-7,-295
250138132054,678,604,1414,1330,656,12.251655629139073,6.315789473684211,74,84
250138132061,630,633,1554,1601,613,-0.47393364928909953,-2.9356652092442226,-3,-47
250138132062,357,346,883,845,340,3.1791907514450863,4.497041420118343,11,38
250138132063,685,679,1543,1596,652,0.8836524300441826,-3.3208020050125313,6,-53
250138132071,989,945,2364,2258,939,4.656084656084656,4.694419840566874,44,106
250138132072,444,440,1054,1053,424,0.9090909090909091,0.0949667616334283,4,1
250138132073,920,897,1883,1800,873,2.564102564102564,4.611111111111111,23,83
250138132081,600,601,1526,1503,587,-0.16638935108153077,1.5302727877578177,-1,23
250138132082,633,617,1430,1415,608,2.593192868719611,1.0600706713780919,16,15
250138132091,747,721,1407,1213,716,3.6061026352288486,15.993404781533387,26,194
250138132092,822,802,1712,1654,800,2.493765586034913,3.506650544135429,20,58
250138132093,1093,1187,2733,2779,1039,-7.919123841617523,-1.6552716804605974,-94,-46
250138133011,1080,1065,2853,2886,1052,1.4084507042253522,-1.1434511434511436,15,-33
250138133012,761,769,2366,2401,730,-1.0403120936280885,-1.4577259475218658,-8,-35
250138133013,820,807,2055,2056,801,1.6109045848822798,-0.048638132295719845,13,-1
250138133031,780,777,2188,2160,759,0.3861003861003861,1.2962962962962963,3,28
250138133032,965,977,2261,2227,899,-1.2282497441146365,1.5267175572519083,-12,34
250138133041,691,684,1853,1849,683,1.023391812865497,0.2163331530557058,7,4
250138133042,421,419,1074,1038,404,0.47732696897374705,3.4682080924855487,2,36
250138133043,451,450,1204,1167,424,0.2222222222222222,3.1705227077977725,1,37
250138134011,462,453,1214,1163,451,1.9867549668874174,4.3852106620808255,9,51
250138134012,417,403,1054,1057,408,3.4739454094292808,-0.28382213812677387,14,-3
250138134013,797,724,2116,2037,777,10.082872928176796,3.8782523318605793,73,79
250138134014,417,409,958,986,396,1.9559902200488997,-2.839756592292089,8,-28
250138134031,1119,1043,2893,2600,1061,7.28667305848514,11.269230769230768,76,293
250138134032,600,579,1262,1247,575,3.6269430051813467,1.202886928628709,21,15
250138134041,764,746,2213,2152,726,2.4128686327077746,2.8345724907063197,18,61
250138134042,825,804,1905,1876,808,2.6119402985074625,1.5458422174840085,21,29
250138134043,970,945,2815,2602,932,2.6455026455026456,8.186010760953113,25,213
250138135001,549,527,1343,1406,525,4.174573055028463,-4.480796586059744,22,-63
250138135002,425,418,1058,1061,418,1.674641148325359,-0.2827521206409048,7,-3
250138135003,552,534,1423,1476,536,3.3707865168539324,-3.590785907859079,18,-53
250138135004,482,470,1142,1196,466,2.553191489361702,-4.51505016722408,12,-54
250138136011,489,407,959,821,470,20.14742014742015,16.808769792935443,82,138
250138136012,1014,964,2525,2448,966,5.186721991701245,3.145424836601307,50,77
250138136013,521,517,1468,1494,516,0.7736943907156674,-1.7402945113788488,4,-26
250138136014,393,388,1189,1145,382,1.2886597938144329,3.8427947598253276,5,44
250138136015,597,586,1297,1278,562,1.877133105802048,1.486697965571205,11,19
250138136016,354,346,894,960,335,2.312138728323699,-6.875000000000001,8,-66
250138136021,428,413,1254,1128,410,3.631961259079903,11.170212765957446,15,126
250138136022,1251,1209,3110,3006,1219,3.4739454094292808,3.4597471723220226,42,104
250138136023,667,667,1918,1939,652,0,-1.083032490974729,0,-21
250138137011,650,628,1623,1672,628,3.5031847133757963,-2.930622009569378,22,-49
250138137012,818,782,1735,1790,769,4.603580562659847,-3.072625698324022,36,-55
250138137021,632,618,1544,1570,608,2.26537216828479,-1.6560509554140128,14,-26
250138137022,899,874,2098,2214,843,2.8604118993135015,-5.239385727190606,25,-116
250138137023,309,295,649,758,294,4.745762711864407,-14.379947229551451,14,-109
250138137024,120,117,220,233,114,2.564102564102564,-5.579399141630901,3,-13
250138137025,122,124,267,323,109,-1.6129032258064515,-17.3374613003096,-2,-56
250138138011,897,882,1833,1838,756,1.7006802721088436,-0.2720348204570185,15,-5
250138138012,499,485,1187,1165,472,2.88659793814433,1.888412017167382,14,22
250138138013,905,880,1416,1316,622,2.840909090909091,7.598784194528875,25,100
250138138021,951,869,2084,2027,857,9.4361334867664,2.8120374938332513,82,57
250138138022,721,729,1610,1582,639,-1.0973936899862824,1.7699115044247788,-8,28
250158201011,1146,1058,2588,2498,1070,8.31758034026465,3.6028823058446755,88,90
250158201012,804,775,1759,1771,735,3.741935483870968,-0.6775832862789385,29,-12
250158201013,502,503,1023,1063,472,-0.19880715705765406,-3.762935089369708,-1,-40
250158201014,415,391,932,857,386,6.138107416879795,8.751458576429405,24,75
250158201021,346,363,751,789,311,-4.683195592286501,-4.816223067173637,-17,-38
250158201022,581,587,1066,1004,502,-1.0221465076660987,6.175298804780876,-6,62
250158201023,964,913,1954,1890,850,5.585980284775466,3.3862433862433865,51,64
250158202021,574,570,1281,1321,544,0.7017543859649122,-3.028009084027252,4,-40
250158202031,1377,1185,2970,2767,1302,16.20253164556962,7.336465486086014,192,203
250158202032,889,868,1866,1889,846,2.4193548387096775,-1.2175754367390152,21,-23
250158202033,621,611,1425,1387,577,1.6366612111292964,2.73972602739726,10,38
250158202034,913,866,2480,2464,903,5.427251732101617,0.6493506493506493,47,16
250158202041,1106,993,3004,2807,1074,11.379657603222558,7.018168863555398,113,197
250158202042,1451,1316,3605,3335,1400,10.25835866261398,8.095952023988005,135,270
250158203001,911,730,1947,1709,784,24.794520547945208,13.926272674078408,181,238
250158203002,671,551,1609,1401,650,21.77858439201452,14.846538187009278,120,208
250158203003,362,338,1083,973,346,7.100591715976331,11.30524152106886,24,110
250158203004,596,557,1257,1388,436,7.001795332136446,-9.438040345821326,39,-131
250158203005,595,546,1261,1347,569,8.974358974358974,-6.384558277654046,49,-86
250158204001,218,147,7238,5791,84,48.29931972789115,24.987048868934554,71,1447
250158204002,42,2,6141,6288,34,2000,-2.3377862595419847,40,-147
250158205001,550,535,1050,1173,500,2.803738317757009,-10.485933503836318,15,-123
250158205002,442,408,1014,941,417,8.333333333333332,7.7577045696068,34,73
250158205003,577,366,1069,766,537,57.650273224043715,39.55613577023499,211,303
250158205004,394,356,1056,1075,358,10.674157303370785,-1.7674418604651163,38,-19
250158205005,583,566,1121,1116,554,3.0035335689045937,0.4480286738351254,17,5
250158205006,517,500,1181,1271,455,3.4000000000000004,-7.081038552321008,17,-90
250158206001,63,41,1641,1681,33,53.65853658536586,-2.379535990481856,22,-40
250158207001,730,701,1698,1719,685,4.136947218259629,-1.2216404886561953,29,-21
250158207002,622,614,1419,1450,600,1.3029315960912053,-2.1379310344827585,8,-31
250158207003,530,497,1341,1340,514,6.639839034205232,0.0746268656716418,33,1
250158208011,428,420,1017,996,403,1.9047619047619049,2.108433734939759,8,21
250158208012,736,726,1550,1526,676,1.3774104683195594,1.5727391874180863,10,24
250158208013,862,824,1921,1932,853,4.611650485436893,-0.5693581780538302,38,-11
250158208014,319,285,1072,778,296,11.929824561403509,37.789203084832906,34,294
250158208021,0,1,579,1158,0,-100,-50,-1,-579
250158209001,566,550,1327,1321,534,2.909090909090909,0.45420136260408783,16,6
250158209002,591,568,1307,1368,575,4.049295774647888,-4.45906432748538,23,-61
250158209003,612,594,1740,1707,591,3.0303030303030303,1.9332161687170473,18,33
250158209004,737,748,1751,1844,708,-1.4705882352941175,-5.043383947939263,-11,-93
250158210001,297,301,696,718,279,-1.3289036544850499,-3.064066852367688,-4,-22
250158210002,406,398,960,946,400,2.0100502512562812,1.4799154334038054,8,14
250158210003,373,344,770,670,352,8.430232558139535,14.925373134328357,29,100
250158210004,906,865,2017,1917,873,4.7398843930635834,5.216484089723526,41,100
250158211001,675,672,1490,1419,658,0.4464285714285714,5.003523608174771,3,71
250158211002,767,728,1611,1535,724,5.357142857142857,4.951140065146579,39,76
250158211003,607,600,1247,1247,573,1.1666666666666667,0,7,0
250158211004,1030,1009,2319,2372,990,2.0812685827552033,-2.2344013490725128,21,-53
250158211005,269,254,374,366,255,5.905511811023622,2.185792349726776,15,8
250158212001,134,92,2428,2127,119,45.65217391304348,14.151386929948284,42,301
250158213001,1050,1025,2188,2119,1006,2.4390243902439024,3.256252949504483,25,69
250158213002,463,456,1135,1160,427,1.5350877192982455,-2.1551724137931036,7,-25
250158213003,454,412,897,918,416,10.194174757281553,-2.287581699346405,42,-21
250158214001,561,540,1211,1144,521,3.888888888888889,5.856643356643357,21,67
250158214002,350,335,813,772,337,4.477611940298507,5.310880829015544,15,41
250158214003,496,461,1164,1135,473,7.592190889370933,2.555066079295154,35,29
250158214004,932,894,2137,2199,881,4.250559284116331,-2.819463392451114,38,-62
250158215001,479,463,992,956,460,3.455723542116631,3.765690376569038,16,36
250158215002,430,354,836,808,410,21.468926553672315,3.4653465346534658,76,28
250158215003,725,746,1524,1515,688,-2.8150134048257374,0.594059405940594,-21,9
250158216011,928,875,1828,1708,853,6.057142857142858,7.02576112412178,53,120
250158216012,919,870,1781,1716,869,5.632183908045977,3.787878787878788,49,65
250158216021,508,506,949,961,473,0.3952569169960474,-1.2486992715920915,2,-12
250158216022,746,710,1445,1428,722,5.070422535211268,1.1904761904761905,36,17
250158216023,633,615,1483,1455,603,2.9268292682926833,1.9243986254295533,18,28
250158217001,1346,1159,3016,2736,1257,16.13459879206212,10.23391812865497,187,280
250158217002,400,393,750,758,399,1.7811704834605597,-1.0554089709762533,7,-8
250158217003,44,11,265,231,37,300,14.71861471861472,33,34
250158219011,1044,1042,2472,2430,966,0.19193857965451055,1.728395061728395,2,42
250158219012,474,466,877,861,458,1.7167381974248928,1.8583042973286876,8,16
250158219031,1036,772,1683,1303,944,34.196891191709845,29.16346891788181,264,380
250158219032,0,0,124,249,0,NA,-50.20080321285141,0,-125
250158219033,1151,1082,1832,1873,1081,6.377079482439926,-2.189001601708489,69,-41
250158219041,484,458,1023,979,460,5.676855895196507,4.49438202247191,26,44
250158219042,1145,1084,1878,1785,1026,5.627306273062731,5.2100840336134455,61,93
250158220001,211,165,2123,1962,159,27.878787878787882,8.205912334352702,46,161
250158222001,437,431,948,886,406,1.3921113689095126,6.997742663656885,6,62
250158222002,949,943,2145,2349,912,0.6362672322375398,-8.684546615581098,6,-204
250158222003,1213,1146,2947,2879,1172,5.846422338568935,2.3619312261201806,67,68
250158223001,1060,994,2150,2086,1009,6.639839034205232,3.0680728667305845,66,64
250158223002,716,716,1368,1387,687,0,-1.36986301369863,0,-19
250158223003,404,402,767,787,373,0.4975124378109453,-2.5412960609911055,2,-20
250158223004,643,590,1128,1112,615,8.983050847457626,1.4388489208633095,53,16
250158224011,802,788,1816,1804,784,1.7766497461928936,0.6651884700665188,14,12
250158224012,606,580,1427,1529,587,4.482758620689655,-6.671026814911707,26,-102
250158224013,524,525,1369,1405,519,-0.19047619047619047,-2.5622775800711746,-1,-36
250158224014,481,434,1210,1104,459,10.829493087557603,9.601449275362318,47,106
250158224021,1238,1213,2224,2209,1176,2.061005770816158,0.6790402897238569,25,15
250158224022,343,343,699,643,308,0,8.709175738724728,0,56
250158224023,578,581,1140,1070,573,-0.5163511187607573,6.5420560747663545,-3,70
250158224024,455,449,914,917,429,1.3363028953229399,-0.3271537622682661,6,-3
250158225001,402,369,1034,957,390,8.94308943089431,8.045977011494253,33,77
250158225002,501,483,1236,1227,490,3.7267080745341614,0.7334963325183375,18,9
250158225003,626,598,1369,1375,597,4.682274247491638,-0.4363636363636364,28,-6
250158225004,1021,887,2585,2233,968,15.107102593010147,15.763546798029557,134,352
250158226011,631,604,1283,1279,515,4.470198675496689,0.3127443315089914,27,4
250158226012,398,410,811,901,353,-2.9268292682926833,-9.988901220865705,-12,-90
250158226031,747,696,1622,1607,662,7.327586206896551,0.9334163036714374,51,15
250158226051,618,591,1186,1222,536,4.568527918781726,-2.9459901800327333,27,-36
250158226061,593,598,961,1054,431,-0.8361204013377926,-8.823529411764707,-5,-93
250158226062,453,431,976,957,413,5.104408352668213,1.9853709508881923,22,19
250158226063,743,752,1528,1525,696,-1.196808510638298,0.19672131147540983,-9,3
250158227001,335,329,633,648,285,1.82370820668693,-2.314814814814815,6,-15
250158227002,479,485,830,872,400,-1.2371134020618557,-4.81651376146789,-6,-42
250158227003,840,908,1578,1677,723,-7.488986784140969,-5.903398926654741,-68,-99
250173001001,698,654,1731,1618,633,6.727828746177369,6.983930778739183,44,113
250173001002,545,537,1462,1456,527,1.48975791433892,0.4120879120879121,8,6
250173011011,719,674,1959,1886,694,6.6765578635014835,3.870625662778367,45,73
250173011012,501,442,1262,1210,487,13.34841628959276,4.297520661157025,59,52
250173011013,486,448,990,928,475,8.482142857142858,6.68103448275862,38,62
250173011021,473,484,1234,1281,458,-2.272727272727273,-3.669008587041374,-11,-47
250173011022,774,729,2165,2091,771,6.172839506172839,3.5389765662362507,45,74
250173011023,614,608,1518,1530,576,0.9868421052631579,-0.7843137254901961,6,-12
250173101001,706,618,1683,1448,623,14.239482200647249,16.2292817679558,88,235
250173101002,1452,1292,2260,1972,1377,12.38390092879257,14.60446247464503,160,288
250173101003,1170,948,2184,1847,1123,23.417721518987342,18.24580400649702,222,337
250173102001,440,437,1160,1115,434,0.6864988558352403,4.0358744394618835,3,45
250173102002,353,340,1057,911,339,3.823529411764706,16.02634467618002,13,146
250173102003,667,598,1738,1562,627,11.538461538461538,11.267605633802818,69,176
250173102004,390,379,1258,1111,378,2.9023746701846966,13.23132313231323,11,147
250173102005,547,529,1325,1277,527,3.402646502835539,3.7588097102584186,18,48
250173103001,673,671,1622,1465,640,0.29806259314456035,10.716723549488055,2,157
250173103002,654,642,1750,1618,626,1.8691588785046727,8.15822002472188,12,132
250173103003,425,417,1257,1196,415,1.9184652278177456,5.1003344481605355,8,61
250173103004,349,337,1029,852,333,3.5608308605341246,20.774647887323944,12,177
250173103005,393,380,1032,885,385,3.421052631578948,16.610169491525422,13,147
250173104001,462,460,1279,1184,420,0.43478260869565216,8.02364864864865,2,95
250173104002,425,421,1146,1125,405,0.9501187648456058,1.866666666666667,4,21
250173104003,338,327,1004,936,315,3.3639143730886847,7.264957264957266,11,68
250173105001,271,270,755,937,259,0.3703703703703704,-19.423692636072573,1,-182
250173105002,553,544,1308,1377,493,1.6544117647058825,-5.010893246187364,9,-69
250173105003,460,442,1228,1135,435,4.072398190045249,8.193832599118943,18,93
250173106011,1035,949,2406,2211,1025,9.062170706006324,8.819538670284938,86,195
250173106012,1036,891,2974,2751,999,16.273849607182942,8.106143220647038,145,223
250173106013,273,272,813,784,270,0.3676470588235294,3.6989795918367347,1,29
250173106021,719,701,1841,1693,696,2.5677603423680457,8.74187832250443,18,148
250173106022,813,791,1872,1799,758,2.781289506953224,4.05780989438577,22,73
250173106023,268,268,750,604,256,0,24.17218543046358,0,146
250173106024,681,652,1895,1729,662,4.447852760736196,9.600925390399075,29,166
250173107001,585,584,1526,1536,532,0.17123287671232876,-0.6510416666666667,1,-10
250173107002,308,286,1105,1142,267,7.6923076923076925,-3.239929947460595,22,-37
250173107003,799,758,1899,1763,692,5.408970976253298,7.714123652864435,41,136
250173111001,304,318,899,1002,297,-4.40251572327044,-10.27944111776447,-14,-103
250173111002,647,526,1599,1408,604,23.00380228136882,13.565340909090908,121,191
250173112001,522,563,1474,1561,491,-7.282415630550622,-5.573350416399744,-41,-87
250173112002,593,570,1743,1706,570,4.035087719298246,2.168815943728019,23,37
250173113001,438,434,1307,1221,433,0.9216589861751152,7.0434070434070435,4,86
250173113002,627,557,1856,1649,597,12.567324955116696,12.553062462098241,70,207
250173113003,395,416,2044,1187,372,-5.048076923076923,72.19882055602359,-21,857
250173114001,439,436,1135,1158,427,0.6880733944954129,-1.9861830742659756,3,-23
250173114002,248,250,812,639,233,-0.8,27.073552425665103,-2,173
250173114003,1009,986,2421,2301,977,2.332657200811359,5.215123859191656,23,120
250173114004,902,840,2183,1888,878,7.380952380952381,15.625,62,295
250173115001,291,283,944,837,279,2.8268551236749118,12.783751493428912,8,107
250173115002,446,443,1275,1243,436,0.6772009029345373,2.574416733708769,3,32
250173115003,367,366,1005,894,352,0.273224043715847,12.416107382550337,1,111
250173116001,541,520,1590,1410,525,4.038461538461538,12.76595744680851,21,180
250173116002,456,452,1362,1305,445,0.8849557522123894,4.3678160919540225,4,57
250173116003,290,288,879,754,268,0.6944444444444444,16.578249336870027,2,125
250173116004,495,374,869,967,379,32.35294117647059,-10.13443640124095,121,-98
250173116005,289,288,926,859,279,0.3472222222222222,7.799767171129219,1,67
250173117001,331,317,885,864,315,4.416403785488959,2.430555555555556,14,21
250173117002,367,360,1215,1095,353,1.9444444444444444,10.95890410958904,7,120
250173117003,402,399,1216,1260,369,0.7518796992481203,-3.492063492063492,3,-44
250173117004,576,560,1874,1879,553,2.857142857142857,-0.2660989888238425,16,-5
250173118001,527,506,1824,1728,493,4.150197628458498,5.555555555555555,21,96
250173118002,585,552,1779,1785,573,5.978260869565218,-0.33613445378151263,33,-6
250173119001,542,523,1559,1445,510,3.632887189292543,7.889273356401384,19,114
250173119002,785,646,1503,984,716,21.517027863777088,52.743902439024396,139,519
250173120001,528,520,1451,1479,479,1.5384615384615385,-1.8931710615280595,8,-28
250173120002,542,539,1596,1459,503,0.5565862708719851,9.389993145990404,3,137
250173121001,562,482,1185,1107,491,16.59751037344398,7.046070460704606,80,78
250173121002,396,345,1224,1085,376,14.782608695652174,12.811059907834101,51,139
250173121003,413,363,1116,957,401,13.774104683195592,16.614420062695924,50,159
250173122001,812,750,1975,1697,771,8.266666666666666,16.381850324101354,62,278
250173122002,314,275,953,795,300,14.181818181818182,19.87421383647799,39,158
250173122003,329,317,993,965,311,3.7854889589905363,2.901554404145078,12,28
250173122004,364,355,991,852,356,2.535211267605634,16.314553990610328,9,139
250173123001,569,562,1470,1369,558,1.2455516014234875,7.377647918188458,7,101
250173123002,541,551,1267,1238,518,-1.8148820326678767,2.34248788368336,-10,29
250173123003,996,985,2541,2324,971,1.116751269035533,9.33734939759036,11,217
250173124001,379,376,703,632,362,0.7978723404255319,11.234177215189874,3,71
250173124002,667,620,1802,1722,630,7.580645161290322,4.645760743321719,47,80
250173125011,763,766,1841,1904,746,-0.39164490861618795,-3.308823529411765,-3,-63
250173125012,250,244,699,610,240,2.459016393442623,14.59016393442623,6,89
250173125013,819,781,1916,1950,788,4.865556978233035,-1.7435897435897436,38,-34
250173125021,924,895,2075,1994,889,3.2402234636871508,4.062186559679038,29,81
250173125022,289,291,743,730,280,-0.6872852233676976,1.7808219178082192,-2,13
250173125023,503,508,1270,1236,493,-0.984251968503937,2.750809061488673,-5,34
250173131011,1108,747,2527,1654,1073,48.32663989290496,52.78113663845224,361,873
250173131012,988,932,2891,2825,951,6.008583690987124,2.336283185840708,56,66
250173131013,359,354,1022,1009,346,1.4124293785310735,1.288404360753221,5,13
250173131021,337,335,843,842,306,0.5970149253731344,0.11876484560570072,2,1
250173131022,418,420,998,874,406,-0.4761904761904762,14.187643020594965,-2,124
250173131023,904,880,2532,2548,876,2.727272727272727,-0.6279434850863422,24,-16
250173131024,555,538,1567,1540,540,3.1598513011152414,1.753246753246753,17,27
250173141011,513,509,1558,1500,504,0.7858546168958742,3.8666666666666667,4,58
250173141012,731,666,2207,1859,716,9.75975975975976,18.719741796664874,65,348
250173141013,1227,1057,3018,2696,1214,16.08325449385052,11.943620178041543,170,322
250173141021,562,558,1707,1654,545,0.7168458781362007,3.2043530834340994,4,53
250173141022,519,511,1497,1417,516,1.5655577299412915,5.6457304163726185,8,80
250173141023,555,562,1377,1376,546,-1.2455516014234875,0.07267441860465117,-7,1
250173141024,700,708,1544,1603,683,-1.1299435028248588,-3.680598877105427,-8,-59
250173141025,698,633,1323,1173,671,10.268562401263823,12.787723785166241,65,150
250173142001,667,653,1720,1650,648,2.1439509954058193,4.242424242424243,14,70
250173142002,680,614,1614,1452,658,10.749185667752444,11.15702479338843,66,162
250173142003,855,814,2295,2131,833,5.036855036855037,7.695917409666824,41,164
250173143011,745,548,2203,1596,729,35.94890510948905,38.03258145363409,197,607
250173143012,272,269,609,590,264,1.1152416356877324,3.2203389830508473,3,19
250173143013,959,835,2560,2302,919,14.850299401197606,11.207645525629887,124,258
250173143014,611,576,1570,1514,606,6.076388888888888,3.6988110964332894,35,56
250173143015,946,912,2343,2009,923,3.7280701754385963,16.625186660029865,34,334
250173143021,399,363,1264,1164,387,9.917355371900827,8.59106529209622,36,100
250173143022,686,563,2204,1771,683,21.847246891651864,24.44946357989836,123,433
250173151001,930,906,2810,2686,922,2.6490066225165565,4.616530156366344,24,124
250173151002,1061,1016,2930,2770,1027,4.429133858267717,5.776173285198556,45,160
250173152001,856,822,1664,1668,769,4.13625304136253,-0.2398081534772182,34,-4
250173152002,1249,854,3080,2248,1220,46.25292740046839,37.01067615658363,395,832
250173152003,720,692,1660,1534,699,4.046242774566474,8.213820078226858,28,126
250173152004,860,830,2261,2135,819,3.614457831325301,5.901639344262295,30,126
250173154011,933,881,2081,2007,919,5.902383654937571,3.687095166915795,52,74
250173154012,937,531,2097,1525,888,76.45951035781545,37.50819672131148,406,572
250173154021,559,316,1341,930,549,76.89873417721519,44.193548387096776,243,411
250173154022,685,678,1975,1991,668,1.0324483775811208,-0.803616273229533,7,-16
250173154031,239,240,696,744,237,-0.4166666666666667,-6.451612903225806,-1,-48
250173154032,324,357,964,1001,314,-9.243697478991598,-3.696303696303696,-33,-37
250173155001,557,539,1363,1393,539,3.339517625231911,-2.1536252692031588,18,-30
250173155002,460,450,1512,1307,434,2.2222222222222223,15.68477429227238,10,205
250173155003,265,269,722,758,259,-1.486988847583643,-4.749340369393139,-4,-36
250173155004,344,342,983,1087,334,0.5847953216374269,-9.567617295308189,2,-104
250173155005,539,521,1586,1516,531,3.45489443378119,4.617414248021108,18,70
250173155006,608,604,1587,1661,597,0.6622516556291391,-4.455147501505118,4,-74
250173161011,562,560,1718,1738,552,0.35714285714285715,-1.1507479861910241,2,-20
250173161012,472,462,1403,1377,470,2.1645021645021645,1.888162672476398,10,26
250173161013,656,647,1915,1993,649,1.3910355486862442,-3.9136979427997995,9,-78
250173161021,545,542,1525,1566,545,0.5535055350553505,-2.6181353767560664,3,-41
250173161022,880,825,2529,2455,866,6.666666666666667,3.0142566191446027,55,74
250173161023,356,356,859,897,353,0,-4.23634336677815,0,-38
250173161024,492,555,1240,1142,462,-11.351351351351353,8.581436077057793,-63,98
250173162011,399,376,1216,1152,392,6.117021276595745,5.555555555555555,23,64
250173162012,732,717,2018,2027,714,2.092050209205021,-0.4440059200789344,15,-9
250173162013,346,324,994,925,343,6.790123456790123,7.45945945945946,22,69
250173162021,508,500,1515,1526,500,1.6,-0.7208387942332897,8,-11
250173162022,623,587,1858,1729,622,6.132879045996593,7.4609600925390405,36,129
250173162023,358,348,1057,1035,350,2.8735632183908044,2.1256038647342996,10,22
250173163001,1514,1453,3003,2746,1419,4.198210598761184,9.359067734887109,61,257
250173163002,286,278,943,780,266,2.877697841726619,20.897435897435898,8,163
250173163003,303,301,849,889,290,0.6644518272425249,-4.499437570303712,2,-40
250173163004,380,377,1019,1125,374,0.7957559681697612,-9.422222222222222,3,-106
250173163005,807,796,1972,1909,782,1.3819095477386936,3.300157150340492,11,63
250173163006,254,253,654,723,246,0.3952569169960474,-9.54356846473029,1,-69
250173164001,322,327,957,929,320,-1.529051987767584,3.013993541442411,-5,28
250173164002,354,343,1020,1008,354,3.206997084548105,1.1904761904761905,11,12
250173164003,313,307,912,896,306,1.9543973941368076,1.7857142857142856,6,16
250173164004,612,602,1773,1775,584,1.6611295681063125,-0.11267605633802817,10,-2
250173164005,797,414,1929,1164,679,92.512077294686,65.72164948453609,383,765
250173164006,0,0,506,798,0,NA,-36.59147869674185,0,-292
250173165001,609,572,1641,1557,594,6.468531468531468,5.394990366088632,37,84
250173165002,328,512,908,1107,325,-35.9375,-17.976513098464316,-184,-199
250173165003,607,384,1404,1057,587,58.072916666666664,32.82876064333018,223,347
250173165004,460,456,1389,1433,437,0.8771929824561403,-3.070481507327285,4,-44
250173165005,602,307,1371,785,594,96.09120521172639,74.64968152866241,295,586
250173171011,876,586,1697,1222,818,49.48805460750853,38.87070376432079,290,475
250173171012,740,729,1350,1396,670,1.5089163237311385,-3.29512893982808,11,-46
250173171013,468,441,1304,1242,445,6.122448979591836,4.99194847020934,27,62
250173171014,1216,1061,2767,2279,1177,14.60885956644675,21.412900394910046,155,488
250173171021,714,656,1844,1625,671,8.841463414634147,13.476923076923079,58,219
250173171022,637,354,1455,1003,537,79.94350282485875,45.06480558325025,283,452
250173171023,634,637,1703,1725,628,-0.47095761381475665,-1.2753623188405796,-3,-22
250173171031,693,686,1931,1955,679,1.0204081632653061,-1.2276214833759591,7,-24
250173171032,745,735,2036,1985,729,1.3605442176870748,2.5692695214105794,10,51
250173171033,329,327,909,955,329,0.6116207951070336,-4.81675392670157,2,-46
250173172011,495,495,1394,1426,479,0,-2.244039270687237,0,-32
250173172012,526,520,1505,1423,521,1.153846153846154,5.762473647224174,6,82
250173172021,532,532,1418,1413,525,0,0.3538570417551309,0,5
250173172022,714,709,2008,1975,692,0.7052186177715092,1.6708860759493671,5,33
250173172031,304,297,844,797,293,2.356902356902357,5.897114178168131,7,47
250173172032,984,957,2550,2430,945,2.8213166144200628,4.938271604938271,27,120
250173172033,376,373,859,776,368,0.8042895442359249,10.695876288659793,3,83
250173173011,880,974,2164,1982,835,-9.650924024640657,9.182643794147326,-94,182
250173173012,261,251,704,645,256,3.9840637450199203,9.147286821705427,10,59
250173173021,620,599,1595,1511,592,3.5058430717863103,5.5592322964923895,21,84
250173173022,1303,1176,2884,2550,1253,10.799319727891156,13.098039215686274,127,334
250173173023,716,712,1476,1487,699,0.5617977528089888,-0.7397444519166106,4,-11
250173181001,807,801,2370,2333,788,0.7490636704119851,1.5859408486926703,6,37
250173181002,508,505,1403,1387,486,0.594059405940594,1.1535688536409516,3,16
250173181003,284,287,746,724,280,-1.0452961672473868,3.0386740331491713,-3,22
250173181004,1039,861,2307,2230,770,20.673635307781648,3.4529147982062782,178,77
250173182001,1158,921,3332,2626,1118,25.732899022801302,26.884996191926884,237,706
250173182002,745,538,1492,1227,643,38.47583643122677,21.597392013039933,207,265
250173183001,277,270,830,817,270,2.5925925925925926,1.591187270501836,7,13
250173183002,1228,926,3017,2464,1112,32.6133909287257,22.443181818181817,302,553
250173183003,477,468,1436,1530,464,1.9230769230769231,-6.143790849673202,9,-94
250173183004,1012,948,3044,2705,988,6.751054852320674,12.532347504621072,64,339
250173184001,922,852,2738,2551,909,8.215962441314554,7.330458643669149,70,187
250173184002,777,499,1931,1357,732,55.71142284569138,42.299189388356666,278,574
250173201021,344,305,1052,992,328,12.786885245901638,6.048387096774194,39,60
250173201022,511,484,1296,1119,501,5.578512396694215,15.81769436997319,27,177
250173201023,1009,942,3069,2929,959,7.112526539278131,4.779788323659952,67,140
250173201031,1302,1028,3707,2795,1249,26.653696498054476,32.62969588550984,274,912
250173201041,1337,943,3643,2813,1282,41.78154825026511,29.50586562388909,394,830
250173201042,1631,939,4541,2967,1591,73.6954206602769,53.050219076508256,692,1574
250173201043,510,487,1449,1310,484,4.722792607802875,10.610687022900764,23,139
250173211001,1741,1673,3928,3835,1678,4.064554692169755,2.42503259452412,68,93
250173211002,1113,1117,2537,2397,1081,-0.35810205908683973,5.840634125990822,-4,140
250173211003,264,262,754,760,264,0.7633587786259541,-0.7894736842105263,2,-6
250173212001,1387,1338,3157,2819,1336,3.662182361733931,11.99006739978716,49,338
250173212002,820,818,2005,1789,787,0.24449877750611246,12.073784237003911,2,216
250173212003,638,625,1760,1659,616,2.08,6.088004822182038,13,101
250173213001,554,485,1306,1164,515,14.22680412371134,12.199312714776632,69,142
250173213002,472,470,911,880,422,0.425531914893617,3.5227272727272725,2,31
250173213003,724,683,1578,1363,670,6.002928257686676,15.774027879677183,41,215
250173213004,705,687,1742,1735,679,2.6200873362445414,0.4034582132564841,18,7
250173213005,279,273,641,620,265,2.197802197802198,3.387096774193549,6,21
250173213006,846,825,1829,1735,791,2.5454545454545454,5.4178674351585014,21,94
250173214001,894,863,2387,2398,861,3.5921205098493627,-0.45871559633027525,31,-11
250173214002,1010,419,1853,899,910,141.05011933174225,106.11790878754171,591,954
250173215001,1486,1466,3923,3571,1420,1.364256480218281,9.857182861943434,20,352
250173215002,856,761,2227,1918,810,12.483574244415244,16.11053180396246,95,309
250173215003,704,616,1641,1409,678,14.285714285714285,16.465578424414478,88,232
250173216001,1168,1158,3094,3162,1130,0.8635578583765112,-2.1505376344086025,10,-68
250173216002,595,589,1353,1327,565,1.0186757215619695,1.9593067068575734,6,26
250173216003,486,481,1316,1301,466,1.0395010395010396,1.1529592621060722,5,15
250173216004,802,807,1852,1758,786,-0.6195786864931847,5.346985210466439,-5,94
250173221001,517,511,1172,1198,474,1.1741682974559686,-2.1702838063439067,6,-26
250173221002,378,375,1093,1083,367,0.8,0.9233610341643583,3,10
250173221003,381,382,909,924,372,-0.2617801047120419,-1.6233766233766231,-1,-15
250173221004,540,535,1477,1466,528,0.9345794392523363,0.7503410641200546,5,11
250173222001,931,599,1872,1304,885,55.425709515859765,43.558282208588956,332,568
250173222002,1067,1020,2589,2383,1039,4.6078431372549025,8.644565673520772,47,206
250173223001,819,798,1877,1870,795,2.631578947368421,0.37433155080213903,21,7
250173223002,1271,1218,2954,2803,1231,4.351395730706075,5.3870852657866575,53,151
250173223003,674,659,1451,1417,632,2.2761760242792106,2.399435426958363,15,34
250173224001,679,658,1790,1757,658,3.1914893617021276,1.8782014797951052,21,33
250173224002,735,740,1436,1406,677,-0.6756756756756757,2.1337126600284493,-5,30
250173224003,508,503,1472,1452,491,0.9940357852882704,1.3774104683195594,5,20
250173231001,930,767,2474,2043,903,21.251629726205998,21.09642682329907,163,431
250173231002,332,327,881,872,327,1.529051987767584,1.0321100917431194,5,9
250173231003,517,489,1147,1113,497,5.725971370143149,3.054806828391734,28,34
250173231004,991,943,2671,2562,952,5.090137857900318,4.254488680718189,48,109
250173241011,882,633,2502,1972,858,39.33649289099526,26.8762677484787,249,530
250173241012,623,588,1371,1265,605,5.952380952380952,8.379446640316205,35,106
250173241013,664,641,1694,1524,636,3.58814352574103,11.15485564304462,23,170
250173241021,364,355,955,947,344,2.535211267605634,0.8447729672650475,9,8
250173241022,1027,937,2847,2488,1007,9.6051227321238,14.429260450160772,90,359
250173241023,328,323,772,728,307,1.5479876160990713,6.043956043956044,5,44
250173251001,874,614,2159,1473,838,42.34527687296417,46.57162253903598,260,686
250173251002,709,630,1660,1401,674,12.53968253968254,18.486795146324052,79,259
250173251003,506,524,950,922,478,-3.435114503816794,3.036876355748373,-18,28
250173251004,366,405,853,802,342,-9.62962962962963,6.359102244389027,-39,51
250173251005,359,361,844,936,318,-0.554016620498615,-9.82905982905983,-2,-92
250173251006,662,626,1385,1302,645,5.7507987220447285,6.374807987711213,36,83
250173251007,330,302,628,591,295,9.271523178807946,6.260575296108291,28,37
250173261011,435,385,1190,956,414,12.987012987012985,24.476987447698743,50,234
250173261012,1157,1078,3321,2940,1107,7.328385899814471,12.959183673469388,79,381
250173261021,952,927,2623,2478,927,2.696871628910464,5.851493139628733,25,145
250173261022,1052,1052,2605,2674,987,0,-2.580403889304413,0,-69
250173261023,558,547,1577,1598,537,2.010968921389397,-1.3141426783479349,11,-21
250173271011,663,599,1884,1800,649,10.684474123539232,4.666666666666667,64,84
250173271012,654,637,1778,1786,622,2.6687598116169546,-0.4479283314669653,17,-8
250173271021,515,474,1142,1087,492,8.649789029535865,5.059797608095677,41,55
250173271022,597,563,1574,1522,578,6.039076376554174,3.416557161629435,34,52
250173271023,671,648,1624,1724,646,3.5493827160493825,-5.800464037122969,23,-100
250173271031,652,589,1613,1589,631,10.69609507640068,1.5103838892385149,63,24
250173271032,390,388,767,780,371,0.5154639175257731,-1.6666666666666667,2,-13
250173271033,458,450,1222,1209,443,1.7777777777777777,1.0752688172043012,8,13
250173281001,700,645,2043,1992,684,8.527131782945736,2.5602409638554215,55,51
250173281002,467,453,1314,1187,449,3.090507726269316,10.699241786015163,14,127
250173301001,362,356,1094,1045,352,1.6853932584269662,4.688995215311005,6,49
250173301002,795,768,2293,2140,770,3.515625,7.149532710280374,27,153
250173301003,545,528,1539,1437,541,3.2196969696969697,7.09812108559499,17,102
250173301004,544,500,1672,1567,544,8.799999999999999,6.700701978302488,44,105
250173301005,755,739,2139,2042,714,2.165087956698241,4.750244857982371,16,97
250173302001,996,988,2569,2628,959,0.8097165991902834,-2.2450532724505328,8,-59
250173302002,689,687,1816,1789,670,0.2911208151382824,1.509223029625489,2,27
250173302003,474,455,1141,1068,452,4.175824175824175,6.835205992509364,19,73
250173302004,716,612,1291,1176,663,16.99346405228758,9.77891156462585,104,115
250173311011,520,504,1388,1309,513,3.1746031746031744,6.035141329258977,16,79
250173311012,725,639,1923,1702,685,13.458528951486699,12.98472385428907,86,221
250173311021,467,469,1268,1296,460,-0.42643923240938164,-2.1604938271604937,-2,-28
250173311022,722,725,1998,1949,690,-0.41379310344827586,2.5141097998973834,-3,49
250173311023,844,806,2306,2267,817,4.714640198511166,1.7203352448169384,38,39
250173311024,509,488,1502,1459,509,4.30327868852459,2.9472241261137766,21,43
250173312001,827,809,2424,2367,817,2.2249690976514214,2.4081115335868186,18,57
250173312002,1086,1035,3063,2979,1056,4.9275362318840585,2.8197381671701915,51,84
250173313001,860,804,2435,2385,851,6.965174129353234,2.0964360587002098,56,50
250173313002,913,862,2593,2541,895,5.916473317865429,2.046438410074774,51,52
250173313003,854,667,2470,2071,830,28.035982008995504,19.26605504587156,187,399
250173321001,426,427,1274,1276,417,-0.234192037470726,-0.1567398119122257,-1,-2
250173321002,768,773,2245,2269,746,-0.646830530401035,-1.0577346848832083,-5,-24
250173321003,410,412,1218,1223,402,-0.48543689320388345,-0.4088307440719542,-2,-5
250173321004,471,436,1326,1204,459,8.027522935779817,10.132890365448505,35,122
250173322001,1411,1417,3231,3034,1343,-0.4234297812279464,6.493078444297956,-6,197
250173322002,1054,976,2590,2576,1012,7.991803278688526,0.5434782608695652,78,14
250173322003,566,298,818,676,359,89.93288590604027,21.005917159763314,268,142
250173322004,814,821,2110,2090,789,-0.8526187576126675,0.9569377990430622,-7,20
250173323001,422,420,1279,1222,419,0.4761904761904762,4.6644844517184945,2,57
250173323002,345,346,976,992,340,-0.2890173410404624,-1.6129032258064515,-1,-16
250173323003,406,369,1122,1054,382,10.02710027100271,6.451612903225806,37,68
250173323004,881,884,2251,2054,842,-0.3393665158371041,9.591041869522881,-3,197
250173323005,693,493,1738,1355,651,40.56795131845842,28.26568265682657,200,383
250173324001,690,779,2038,1959,669,-11.424903722721439,4.0326697294538025,-89,79
250173324002,1073,817,2160,1514,990,31.33414932680538,42.668428005284014,256,646
250173331001,1066,1113,2444,2266,1026,-4.22282120395328,7.855251544571932,-47,178
250173331002,435,490,916,1015,414,-11.224489795918368,-9.753694581280788,-55,-99
250173331003,574,475,1323,1146,546,20.842105263157894,15.44502617801047,99,177
250173331004,374,369,909,909,360,1.3550135501355014,0,5,0
250173331005,779,776,2095,2063,753,0.3865979381443299,1.5511391177896268,3,32
250173332001,576,566,1526,1514,558,1.76678445229682,0.7926023778071334,10,12
250173332002,447,455,1007,1001,427,-1.7582417582417582,0.5994005994005994,-8,6
250173332003,556,563,1043,1172,516,-1.2433392539964476,-11.006825938566553,-7,-129
250173332004,651,648,1652,1677,634,0.4629629629629629,-1.4907573047107932,3,-25
250173333001,547,568,1238,1153,508,-3.697183098591549,7.372072853425846,-21,85
250173333002,675,647,1448,1374,640,4.327666151468315,5.385735080058224,28,74
250173333003,701,657,1630,1536,646,6.69710806697108,6.119791666666666,44,94
250173334001,792,781,1731,1716,768,1.4084507042253522,0.8741258741258742,11,15
250173334002,617,525,1428,1230,582,17.523809523809526,16.097560975609756,92,198
250173334003,349,345,913,868,336,1.1594202898550725,5.184331797235023,4,45
250173334004,556,547,1352,1387,537,1.6453382084095063,-2.523431867339582,9,-35
250173334005,415,401,1103,1028,398,3.4912718204488775,7.295719844357977,14,75
250173335011,284,294,729,744,277,-3.4013605442176873,-2.0161290322580645,-10,-15
250173335012,1008,930,2426,2171,975,8.38709677419355,11.745739290649471,78,255
250173335013,798,815,2082,2086,768,-2.085889570552147,-0.19175455417066153,-17,-4
250173335021,750,740,1653,1633,696,1.3513513513513513,1.224739742804654,10,20
250173335022,749,725,1775,1640,710,3.310344827586207,8.231707317073171,24,135
250173336001,1078,944,2157,1976,1011,14.194915254237289,9.15991902834008,134,181
250173336002,330,336,859,861,318,-1.7857142857142856,-0.23228803716608595,-6,-2
250173336003,960,236,1789,615,787,306.77966101694915,190.89430894308944,724,1174
250173336004,428,411,1080,1010,426,4.13625304136253,6.9306930693069315,17,70
250173336005,447,381,1205,985,434,17.322834645669293,22.33502538071066,66,220
250173336006,595,571,1366,1344,537,4.203152364273205,1.636904761904762,24,22
250173341001,699,632,1853,1723,666,10.601265822784809,7.544979686593152,67,130
250173341002,1096,668,2700,2069,1077,64.07185628742515,30.4978250362494,428,631
250173341003,954,1263,2445,2926,922,-24.46555819477435,-16.438824333561175,-309,-481
250173342001,358,354,1001,981,351,1.1299435028248588,2.038735983690112,4,20
250173342002,471,363,968,905,366,29.75206611570248,6.961325966850829,108,63
250173342003,516,519,1015,976,512,-0.5780346820809248,3.995901639344263,-3,39
250173342004,401,401,1086,1106,377,0,-1.8083182640144666,0,-20
250173343001,628,622,1874,1847,615,0.964630225080386,1.4618299945858149,6,27
250173343002,376,385,1074,1058,364,-2.3376623376623376,1.5122873345935728,-9,16
250173343003,660,639,1959,1935,647,3.286384976525822,1.2403100775193798,21,24
250173343004,964,960,2860,2765,945,0.4166666666666667,3.4358047016274864,4,95
250173344001,441,442,1285,1232,441,-0.22624434389140274,4.301948051948052,-1,53
250173344002,755,747,1930,1769,718,1.07095046854083,9.101187111362352,8,161
250173344003,603,610,1366,1456,579,-1.1475409836065573,-6.181318681318682,-7,-90
250173344004,288,268,619,598,256,7.462686567164178,3.511705685618729,20,21
250173344005,739,744,1481,1401,708,-0.6720430107526881,5.710206995003569,-5,80
250173351001,494,471,1299,1222,488,4.8832271762208075,6.30114566284779,23,77
250173351002,418,422,932,977,406,-0.9478672985781991,-4.605936540429887,-4,-45
250173351003,379,321,708,545,361,18.06853582554517,29.908256880733948,58,163
250173351004,805,655,1417,1229,747,22.900763358778626,15.29698942229455,150,188
250173351005,408,407,1034,982,393,0.2457002457002457,5.295315682281059,1,52
250173351006,341,303,870,773,332,12.541254125412541,12.548512289780078,38,97
250173352001,316,321,869,850,301,-1.557632398753894,2.235294117647059,-5,19
250173352002,320,305,839,804,314,4.918032786885246,4.353233830845771,15,35
250173352003,439,312,1230,780,390,40.705128205128204,57.692307692307686,127,450
250173352004,737,731,1459,1532,730,0.8207934336525308,-4.765013054830288,6,-73
250173352005,709,677,1876,1671,687,4.726735598227474,12.268102932375822,32,205
250173353011,866,871,2021,1969,850,-0.5740528128587831,2.6409344845099034,-5,52
250173353012,583,517,1290,1114,541,12.76595744680851,15.798922800718133,66,176
250173353013,427,416,813,769,419,2.644230769230769,5.721716514954486,11,44
250173353021,552,368,1116,735,503,50,51.83673469387755,184,381
250173353022,1212,1164,3230,3040,1181,4.123711340206185,6.25,48,190
250173353023,391,381,960,846,372,2.6246719160104988,13.47517730496454,10,114
250173354001,272,266,911,865,261,2.2556390977443606,5.317919075144509,6,46
250173354002,680,667,1893,1922,671,1.9490254872563717,-1.5088449531737773,13,-29
250173354003,596,590,1442,1393,581,1.0169491525423728,3.5175879396984926,6,49
250173354004,360,335,879,914,354,7.462686567164178,-3.8293216630196936,25,-35
250173361001,416,415,1063,965,394,0.24096385542168677,10.15544041450777,1,98
250173361002,827,780,1428,1285,811,6.0256410256410255,11.1284046692607,47,143
250173361003,331,327,968,872,316,1.2232415902140672,11.009174311926607,4,96
250173361004,309,314,774,802,301,-1.5923566878980893,-3.4912718204488775,-5,-28
250173361005,269,267,775,694,260,0.7490636704119851,11.671469740634006,2,81
250173361006,414,410,750,742,397,0.975609756097561,1.078167115902965,4,8
250173362001,318,307,939,817,313,3.5830618892508146,14.932680538555692,11,122
250173362002,337,336,1005,924,325,0.2976190476190476,8.766233766233766,1,81
250173362003,373,362,1060,1025,368,3.0386740331491713,3.414634146341464,11,35
250173362004,373,356,1024,942,356,4.775280898876404,8.70488322717622,17,82
250173362005,285,277,644,599,275,2.888086642599278,7.512520868113523,8,45
250173362006,258,257,686,765,257,0.38910505836575876,-10.326797385620914,1,-79
250173362007,398,401,1118,1070,389,-0.7481296758104738,4.485981308411215,-3,48
250173363001,260,266,770,744,255,-2.2556390977443606,3.494623655913978,-6,26
250173363002,265,262,688,677,244,1.1450381679389312,1.6248153618906942,3,11
250173363003,339,339,969,903,339,0,7.308970099667775,0,66
250173363004,277,275,781,720,273,0.7272727272727273,8.472222222222223,2,61
250173363005,510,492,1430,1398,501,3.6585365853658534,2.28898426323319,18,32
250173363006,450,447,1225,1187,447,0.6711409395973155,3.201347935973041,3,38
250173363007,511,500,1121,1035,498,2.1999999999999997,8.309178743961352,11,86
250173364011,505,460,1029,937,470,9.782608695652174,9.818569903948772,45,92
250173364012,1060,1026,2318,1933,1011,3.313840155945419,19.91722710812209,34,385
250173364013,1277,716,2485,1390,1209,78.35195530726257,78.77697841726618,561,1095
250173364021,551,473,998,813,510,16.49048625792812,22.75522755227552,78,185
250173364022,626,625,1342,1272,593,0.16,5.50314465408805,1,70
250173364023,606,596,1235,1275,594,1.6778523489932886,-3.1372549019607843,10,-40
250173364024,468,465,1189,1197,434,0.6451612903225806,-0.6683375104427736,3,-8
250173371011,491,487,1363,1387,472,0.8213552361396305,-1.7303532804614274,4,-24
250173371012,838,796,1857,1708,832,5.276381909547738,8.723653395784543,42,149
250173371021,417,296,635,560,347,40.87837837837838,13.392857142857142,121,75
250173371022,814,713,2175,2002,753,14.165497896213184,8.641358641358641,101,173
250173371023,1040,1024,2603,2480,1027,1.5625,4.959677419354839,16,123
250173372011,977,920,1908,1802,948,6.195652173913044,5.88235294117647,57,106
250173372012,264,261,737,701,254,1.1494252873563218,5.1355206847360915,3,36
250173372013,363,349,753,689,359,4.011461318051576,9.288824383164005,14,64
250173372021,551,542,1302,1220,548,1.6605166051660518,6.721311475409836,9,82
250173372022,585,583,1618,1604,574,0.34305317324185247,0.8728179551122194,2,14
250173372023,579,583,1158,1086,575,-0.6861063464837049,6.629834254143646,-4,72
250173372024,433,432,1004,939,424,0.23148148148148145,6.922257720979766,1,65
250173373001,409,424,860,851,396,-3.5377358490566038,1.0575793184488838,-15,9
250173373002,332,307,786,710,313,8.143322475570033,10.704225352112676,25,76
250173373003,529,527,1301,1254,518,0.3795066413662239,3.7480063795853265,2,47
250173373004,1258,945,2523,1852,1205,33.12169312169313,36.23110151187905,313,671
250173373005,277,269,659,592,262,2.973977695167286,11.317567567567567,8,67
250173381001,516,499,1537,1430,501,3.406813627254509,7.4825174825174825,17,107
250173381002,576,569,1667,1534,554,1.2302284710017575,8.670143415906127,7,133
250173382001,1232,1199,3229,2938,1180,2.7522935779816518,9.904697072838665,33,291
250173382002,391,382,1041,931,372,2.356020942408377,11.815252416756177,9,110
250173383001,256,254,795,707,235,0.7874015748031495,12.446958981612447,2,88
250173383002,604,522,1381,1229,584,15.708812260536398,12.367778681855167,82,152
250173383003,417,477,1294,1244,401,-12.578616352201259,4.019292604501608,-60,50
250173384001,607,587,1806,1656,582,3.4071550255536627,9.057971014492754,20,150
250173384002,439,434,1306,1220,425,1.1520737327188941,7.049180327868852,5,86
250173384003,504,496,1515,1409,484,1.6129032258064515,7.523066004258339,8,106
250173384004,532,513,1541,1460,511,3.7037037037037033,5.5479452054794525,19,81
250173385001,509,494,1521,1433,486,3.0364372469635628,6.14096301465457,15,88
250173385002,506,506,1472,1439,499,0,2.2932592077831826,0,33
250173385003,451,454,1437,1394,433,-0.6607929515418502,3.084648493543759,-3,43
250173385004,594,600,1429,1350,563,-1,5.851851851851852,-6,79
250173391001,256,243,693,617,239,5.349794238683128,12.317666126418152,13,76
250173391002,600,603,1314,1460,596,-0.4975124378109453,-10,-3,-146
250173391003,696,691,1286,1169,681,0.723589001447178,10.008554319931566,5,117
250173391004,1129,1041,1981,1797,1081,8.45341018251681,10.239287701725097,88,184
250173391005,452,446,1435,1399,441,1.345291479820628,2.573266619013581,6,36
250173392001,292,291,729,757,286,0.3436426116838488,-3.6988110964332894,1,-28
250173392002,313,308,866,832,293,1.6233766233766231,4.086538461538462,5,34
250173392003,423,419,956,989,423,0.9546539379474941,-3.336703741152679,4,-33
250173392004,481,540,1344,1449,452,-10.925925925925926,-7.246376811594203,-59,-105
250173392005,344,345,860,909,330,-0.2898550724637681,-5.39053905390539,-1,-49
250173392006,372,367,945,894,367,1.3623978201634876,5.704697986577181,5,51
250173393001,359,351,705,679,349,2.2792022792022792,3.829160530191458,8,26
250173393002,393,377,942,914,360,4.244031830238726,3.063457330415755,16,28
250173393003,599,575,1349,1297,577,4.173913043478262,4.009252120277564,24,52
250173394001,541,529,1098,1033,516,2.2684310018903595,6.292352371732816,12,65
250173394002,266,251,666,626,245,5.9760956175298805,6.3897763578274756,15,40
250173394003,382,373,772,785,370,2.4128686327077746,-1.6560509554140128,9,-13
250173394004,418,420,943,882,381,-0.4761904761904762,6.91609977324263,-2,61
250173395001,600,553,2982,2710,549,8.499095840867993,10.03690036900369,47,272
250173395002,555,547,1214,1312,543,1.4625228519195612,-7.4695121951219505,8,-98
250173395003,297,283,677,641,280,4.946996466431095,5.61622464898596,14,36
250173395004,309,307,789,736,288,0.6514657980456027,7.201086956521739,2,53
250173396001,388,392,844,797,388,-1.0204081632653061,5.897114178168131,-4,47
250173396002,377,371,892,813,352,1.6172506738544474,9.71709717097171,6,79
250173396003,452,369,1007,757,426,22.493224932249323,33.02509907529723,83,250
250173396004,370,363,843,827,368,1.9283746556473829,1.9347037484885126,7,16
250173396005,373,377,897,885,354,-1.0610079575596816,1.3559322033898304,-4,12
250173396006,439,443,988,945,427,-0.9029345372460496,4.550264550264551,-4,43
250173397001,296,280,654,552,278,5.714285714285714,18.478260869565215,16,102
250173397002,686,670,1622,1678,635,2.3880597014925375,-3.3373063170441,16,-56
250173397003,354,357,753,785,344,-0.8403361344537815,-4.076433121019108,-3,-32
250173397004,375,377,887,863,362,-0.5305039787798408,2.7809965237543453,-2,24
250173398011,1919,1369,3159,2101,1670,40.17531044558071,50.35697287006188,550,1058
250173398012,265,263,695,617,245,0.7604562737642585,12.641815235008103,2,78
250173398013,372,375,759,808,340,-0.8,-6.064356435643564,-3,-49
250173398014,366,363,911,884,356,0.8264462809917356,3.0542986425339365,3,27
250173398021,702,586,1490,1308,665,19.795221843003414,13.914373088685014,116,182
250173398022,1646,1096,3186,2498,1461,50.18248175182482,27.542033626901517,550,688
250173398023,302,294,809,751,272,2.7210884353741496,7.723035952063914,8,58
250173399001,734,719,1696,1651,700,2.086230876216968,2.725620835857056,15,45
250173399002,382,380,943,950,379,0.5263157894736842,-0.7368421052631579,2,-7
250173399003,459,425,1072,939,451,8,14.164004259850904,34,133
250173399004,347,346,812,759,328,0.2890173410404624,6.982872200263504,1,53
250173399005,382,342,922,872,364,11.695906432748536,5.73394495412844,40,50
250173400001,461,435,1108,1033,446,5.977011494252873,7.260406582768635,26,75
250173400002,379,377,778,848,358,0.5305039787798408,-8.254716981132075,2,-70
250173400003,304,303,704,713,294,0.33003300330033003,-1.262272089761571,1,-9
250173401001,305,302,740,760,305,0.9933774834437087,-2.631578947368421,3,-20
250173401002,388,389,1023,1047,381,-0.2570694087403599,-2.292263610315186,-1,-24
250173401003,510,504,1588,1611,491,1.1904761904761905,-1.4276846679081316,6,-23
250173401004,635,609,1529,1483,611,4.269293924466338,3.1018206338503034,26,46
250173401005,399,400,954,925,398,-0.25,3.135135135135135,-1,29
250173401006,327,310,857,826,319,5.483870967741936,3.753026634382567,17,31
250173411011,647,625,1625,1574,622,3.52,3.2401524777636594,22,51
250173411012,296,284,838,768,272,4.225352112676056,9.114583333333332,12,70
250173411013,561,541,1387,1333,544,3.6968576709796674,4.051012753188297,20,54
250173411021,785,726,1638,1346,750,8.1267217630854,21.693907875185737,59,292
250173411022,331,322,861,780,324,2.7950310559006213,10.384615384615385,9,81
250173411023,603,588,1056,1063,569,2.5510204081632653,-0.658513640639699,15,-7
250173411024,407,336,720,557,392,21.13095238095238,29.263913824057454,71,163
250173411025,333,317,905,818,311,5.047318611987381,10.635696821515893,16,87
250173412001,498,491,1176,1164,482,1.4256619144602851,1.0309278350515463,7,12
250173412002,405,386,1040,976,382,4.922279792746114,6.557377049180328,19,64
250173412003,472,451,1022,1070,410,4.656319290465632,-4.485981308411215,21,-48
250173412004,369,383,937,978,357,-3.6553524804177546,-4.192229038854806,-14,-41
250173412005,736,713,1737,1693,687,3.225806451612903,2.598936798582398,23,44
250173412006,395,362,1083,976,386,9.116022099447514,10.96311475409836,33,107
250173413001,1031,1001,2273,2158,963,2.997002997002997,5.329008341056534,30,115
250173413002,1186,482,1934,922,952,146.05809128630705,109.76138828633407,704,1012
250173413003,1414,1159,2631,2359,1283,22.001725625539258,11.530309453158118,255,272
250173414001,432,417,1062,1085,415,3.5971223021582732,-2.1198156682027647,15,-23
250173414002,362,340,1045,944,328,6.470588235294119,10.699152542372882,22,101
250173414003,723,702,2032,1802,699,2.9914529914529915,12.763596004439512,21,230
250173414004,634,603,1827,1612,602,5.140961857379768,13.337468982630273,31,215
250173414005,392,389,781,769,387,0.7712082262210797,1.5604681404421328,3,12
250173415001,404,394,1087,958,379,2.5380710659898478,13.465553235908143,10,129
250173415002,317,299,831,749,307,6.0200668896321075,10.947930574098798,18,82
250173415003,464,400,1241,1070,453,16,15.981308411214954,64,171
250173415004,303,288,903,775,297,5.208333333333334,16.516129032258064,15,128
250173415005,429,409,1291,1228,400,4.88997555012225,5.130293159609121,20,63
250173416001,413,353,805,739,379,16.997167138810198,8.930987821380242,60,66
250173416002,406,392,1105,994,393,3.571428571428571,11.167002012072434,14,111
250173416003,505,503,1220,1175,485,0.3976143141153081,3.829787234042553,2,45
250173416004,487,478,1212,1236,434,1.882845188284519,-1.9417475728155338,9,-24
250173416005,383,382,893,862,373,0.2617801047120419,3.596287703016241,1,31
250173416006,658,642,1750,1558,641,2.4922118380062304,12.323491655969192,16,192
250173417001,315,304,847,875,307,3.618421052631579,-3.2,11,-28
250173417002,573,540,1514,1332,540,6.111111111111111,13.663663663663664,33,182
250173417003,504,503,1170,1182,478,0.19880715705765406,-1.015228426395939,1,-12
250173417004,603,571,1346,1239,588,5.604203152364273,8.635996771589992,32,107
250173417005,276,273,730,670,254,1.098901098901099,8.955223880597014,3,60
250173418001,404,387,1067,1080,378,4.3927648578811365,-1.2037037037037037,17,-13
250173418002,606,596,1428,1447,591,1.6778523489932886,-1.3130615065653075,10,-19
250173418003,321,297,859,677,311,8.080808080808081,26.88330871491876,24,182
250173418004,359,345,992,810,338,4.057971014492753,22.469135802469136,14,182
250173418005,560,528,1564,1456,555,6.0606060606060606,7.417582417582418,32,108
250173418006,497,480,1164,1084,468,3.5416666666666665,7.380073800738007,17,80
250173419011,300,283,793,674,279,6.007067137809187,17.655786350148368,17,119
250173419012,252,252,722,713,241,0,1.262272089761571,0,9
250173419021,692,681,1803,1629,672,1.6152716593245229,10.681399631675875,11,174
250173419022,332,323,945,845,308,2.786377708978328,11.834319526627219,9,100
250173419023,511,499,1240,1082,467,2.404809619238477,14.602587800369685,12,158
250173419024,308,309,910,824,304,-0.3236245954692557,10.436893203883495,-1,86
250173419025,1435,743,2938,1517,1324,93.13593539703902,93.6717205009888,692,1421
250173419026,1094,1089,2290,2223,965,0.4591368227731864,3.013945119208277,5,67
250173421011,599,567,1706,1483,582,5.64373897707231,15.037086985839515,32,223
250173421012,402,389,1227,1067,362,3.3419023136246784,14.995313964386128,13,160
250173421013,370,345,1043,964,366,7.246376811594203,8.195020746887966,25,79
250173421014,377,362,1052,943,345,4.143646408839778,11.558854718981973,15,109
250173421021,421,375,1111,910,400,12.266666666666666,22.087912087912088,46,201
250173421022,369,358,1061,938,358,3.072625698324022,13.113006396588487,11,123
250173421023,516,498,1143,966,493,3.614457831325301,18.32298136645963,18,177
250173421024,479,452,1402,1252,470,5.9734513274336285,11.980830670926517,27,150
250173422011,1117,1066,3275,2830,1076,4.784240150093809,15.724381625441698,51,445
250173422012,1024,996,2999,2438,988,2.8112449799196786,23.010664479081214,28,561
250173422021,1042,1038,2764,2517,991,0.3853564547206166,9.813269765593962,4,247
250173422022,507,498,1444,1316,477,1.8072289156626504,9.72644376899696,9,128
250173423001,513,495,1460,1327,504,3.6363636363636362,10.022607385079125,18,133
250173423002,625,596,1782,1555,586,4.865771812080537,14.59807073954984,29,227
250173423003,891,858,2556,2137,851,3.8461538461538463,19.60692559663079,33,419
250173423004,1044,805,2561,1807,989,29.689440993788818,41.726618705035975,239,754
250173424001,897,847,2148,1878,813,5.90318772136954,14.376996805111823,50,270
250173424002,537,480,1398,1132,529,11.875,23.498233215547703,57,266
250173424003,312,346,844,905,305,-9.826589595375722,-6.740331491712707,-34,-61
250173424004,1085,517,2251,1348,948,109.86460348162477,66.98813056379822,568,903
250173424005,407,363,1058,792,377,12.121212121212121,33.58585858585859,44,266
250173425001,998,941,2863,2428,939,6.057385759829968,17.915980230642504,57,435
250173425002,933,870,2508,2169,889,7.241379310344828,15.629322268326417,63,339
250173425003,991,970,2449,2200,906,2.1649484536082473,11.318181818181818,21,249
250173426001,428,395,1368,1125,410,8.354430379746836,21.6,33,243
250173426002,363,347,1076,904,333,4.610951008645533,19.02654867256637,16,172
250173426003,960,941,2525,2336,922,2.0191285866099893,8.090753424657535,19,189
250173501031,1006,0,1660,0,939,Inf,Inf,1006,1660
250173501032,530,520,1180,1210,495,1.9230769230769231,-2.479338842975207,10,-30
250173501041,882,793,2170,2119,832,11.223203026481714,2.406795658329401,89,51
250173501042,1049,947,2655,2584,998,10.770855332629356,2.7476780185758516,102,71
250173501043,493,485,1193,1188,459,1.6494845360824744,0.42087542087542085,8,5
250173501044,725,673,1519,1384,676,7.726597325408618,9.754335260115607,52,135
250173502001,582,586,1351,1376,564,-0.6825938566552902,-1.8168604651162792,-4,-25
250173502002,243,233,602,603,227,4.291845493562231,-0.16583747927031509,10,-1
250173502003,532,533,1328,1385,511,-0.18761726078799248,-4.115523465703971,-1,-57
250173502004,601,594,1379,1410,555,1.1784511784511784,-2.198581560283688,7,-31
250173502005,319,315,769,749,290,1.2698412698412698,2.67022696929239,4,20
250173502006,564,502,1120,1044,544,12.350597609561753,7.2796934865900385,62,76
250173503001,428,454,900,965,416,-5.726872246696035,-6.7357512953367875,-26,-65
250173503002,528,304,1118,627,509,73.68421052631578,78.30940988835727,224,491
250173503003,407,390,966,849,376,4.358974358974359,13.780918727915195,17,117
250173504001,394,368,1047,1006,384,7.065217391304348,4.075546719681909,26,41
250173504002,601,565,1380,1232,570,6.371681415929204,12.012987012987013,36,148
250173504003,468,462,1077,1017,453,1.2987012987012987,5.899705014749262,6,60
250173504004,732,721,1491,1464,709,1.5256588072122053,1.8442622950819672,11,27
250173504005,392,392,899,849,377,0,5.889281507656066,0,50
250173505001,391,390,874,818,360,0.2564102564102564,6.845965770171149,1,56
250173505002,395,382,869,811,387,3.4031413612565444,7.151664611590629,13,58
250173506001,9,2,1779,1656,6,350,7.427536231884058,7,123
250173506002,391,371,984,939,369,5.3908355795148255,4.792332268370607,20,45
250173506003,241,231,743,813,220,4.329004329004329,-8.61008610086101,10,-70
250173506004,507,487,1282,1164,491,4.1067761806981515,10.137457044673539,20,118
250173507001,626,602,1151,907,586,3.9867109634551494,26.9018743109151,24,244
250173507002,421,390,866,974,363,7.948717948717948,-11.088295687885012,31,-108
250173507003,476,461,1048,1007,448,3.2537960954446854,4.07149950347567,15,41
250173507004,678,760,1298,1375,666,-10.789473684210527,-5.6000000000000005,-82,-77
250173507005,468,460,843,861,445,1.7391304347826086,-2.0905923344947737,8,-18
250173507006,466,443,1109,924,448,5.191873589164786,20.02164502164502,23,185
250173508001,507,485,1045,971,461,4.536082474226804,7.621009268795056,22,74
250173508002,461,435,1031,857,460,5.977011494252873,20.30338389731622,26,174
250173509001,408,398,875,803,393,2.512562814070352,8.966376089663761,10,72
250173509002,581,535,1312,1209,556,8.598130841121495,8.519437551695615,46,103
250173509003,718,715,1346,1302,685,0.4195804195804196,3.3794162826420893,3,44
250173510001,614,595,1324,1236,585,3.1932773109243695,7.119741100323624,19,88
250173510002,314,296,708,636,307,6.081081081081082,11.320754716981133,18,72
250173510003,389,347,836,691,364,12.103746397694524,20.98408104196816,42,145
250173510004,903,870,1949,1813,870,3.793103448275862,7.501378929950358,33,136
250173510005,511,484,1174,1056,504,5.578512396694215,11.174242424242424,27,118
250173510006,540,523,1129,1018,532,3.2504780114722758,10.903732809430256,17,111
250173511001,760,747,1508,1601,718,1.7402945113788488,-5.8088694565896315,13,-93
250173511002,518,465,1035,912,513,11.397849462365592,13.486842105263158,53,123
250173511003,607,640,1172,1241,548,-5.15625,-5.560032232070911,-33,-69
250173511004,401,386,800,722,387,3.8860103626943006,10.80332409972299,15,78
250173511005,527,540,1232,1146,486,-2.4074074074074074,7.504363001745201,-13,86
250173512031,465,445,1089,974,451,4.49438202247191,11.806981519507186,20,115
250173512032,524,509,1170,1101,509,2.9469548133595285,6.267029972752043,15,69
250173512033,516,496,1093,1047,486,4.032258064516129,4.393505253104107,20,46
250173512034,559,509,1279,1119,527,9.823182711198427,14.298480786416443,50,160
250173512041,634,591,1340,1233,607,7.2758037225042305,8.67802108678021,43,107
250173512042,775,768,1604,1715,736,0.9114583333333334,-6.4723032069970845,7,-111
250173512043,624,568,1351,1181,583,9.859154929577464,14.394580863674852,56,170
250173513001,912,893,1890,1898,874,2.127659574468085,-0.42149631190727077,19,-8
250173513002,817,824,1484,1441,797,-0.8495145631067961,2.9840388619014573,-7,43
250173513003,427,361,1032,894,401,18.282548476454295,15.436241610738255,66,138
250173514031,347,309,841,763,305,12.297734627831716,10.222804718217562,38,78
250173514032,391,391,928,1017,361,0,-8.751229105211406,0,-89
250173514033,317,321,597,587,307,-1.2461059190031152,1.7035775127768313,-4,10
250173514034,434,369,1121,1042,402,17.615176151761517,7.5815738963531665,65,79
250173514035,280,288,623,619,276,-2.7777777777777777,0.6462035541195477,-8,4
250173514041,445,448,984,1147,412,-0.6696428571428571,-14.210985178727114,-3,-163
250173514042,526,527,1295,1335,502,-0.18975332068311196,-2.9962546816479403,-1,-40
250173514043,390,396,939,1026,372,-1.5151515151515151,-8.47953216374269,-6,-87
250173514044,265,258,780,781,259,2.7131782945736433,-0.12804097311139565,7,-1
250173515001,445,364,580,468,418,22.252747252747252,23.931623931623932,81,112
250173515002,866,808,1884,1842,815,7.1782178217821775,2.2801302931596092,58,42
250173521011,850,105,1380,181,805,709.5238095238095,662.4309392265193,745,1199
250173521012,1546,1187,2890,1473,1429,30.244313395113732,96.19823489477257,359,1417
250173521021,803,790,1369,1165,754,1.6455696202531647,17.510729613733904,13,204
250173521022,656,641,1294,1112,610,2.3400936037441498,16.366906474820144,15,182
250173522001,1208,1145,1999,1849,1105,5.502183406113537,8.112493239588966,63,150
250173523001,1159,1003,2232,1884,1112,15.553339980059821,18.471337579617835,156,348
250173523002,1247,1066,2077,1566,1137,16.97936210131332,32.630906768837804,181,511
250173524001,125,121,331,259,119,3.3057851239669422,27.7992277992278,4,72
250173524002,971,697,2332,1867,917,39.31133428981349,24.906266738082486,274,465
250173525001,636,596,1448,1400,597,6.7114093959731544,3.428571428571429,40,48
250173525002,700,671,1578,1494,674,4.321907600596125,5.622489959839357,29,84
250173526001,578,538,1245,1274,515,7.434944237918216,-2.2762951334379906,40,-29
250173526002,553,517,1245,1104,530,6.963249516441006,12.771739130434783,36,141
250173527001,368,364,740,676,355,1.098901098901099,9.467455621301776,4,64
250173527002,528,518,947,1061,475,1.9305019305019304,-10.744580584354383,10,-114
250173527003,144,134,322,320,135,7.462686567164178,0.625,10,2
250173528001,187,176,440,345,175,6.25,27.536231884057973,11,95
250173528002,810,779,1844,1770,776,3.979460847240052,4.1807909604519775,31,74
250173529001,507,502,1064,978,479,0.9960159362549801,8.793456032719837,5,86
250173529002,910,913,1853,1668,859,-0.32858707557502737,11.091127098321344,-3,185
250173530001,101,79,214,85,101,27.848101265822784,151.76470588235293,22,129
250173530002,349,294,757,625,331,18.70748299319728,21.12,55,132
250173530003,538,503,900,851,513,6.958250497017893,5.7579318448883665,35,49
250173530004,1270,1125,2211,2023,1213,12.88888888888889,9.293129016312406,145,188
250173531011,660,666,1563,1379,607,-0.9009009009009009,13.343002175489485,-6,184
250173531012,679,369,1178,1081,418,84.01084010840108,8.973172987974099,310,97
250173531021,216,63,2452,2488,187,242.85714285714283,-1.4469453376205788,153,-36
250173531022,551,263,1620,1409,388,109.50570342205323,14.97515968772179,288,211
250173531023,24,1,1713,1143,9,2300,49.86876640419948,23,570
250173532001,841,752,2905,2900,749,11.835106382978724,0.1724137931034483,89,5
250173532002,607,493,1225,1032,544,23.123732251521297,18.7015503875969,114,193
250173532003,507,456,1112,965,474,11.18421052631579,15.233160621761657,51,147
250173533001,538,508,1075,998,508,5.905511811023622,7.715430861723446,30,77
250173533002,732,782,1578,1515,694,-6.3938618925831205,4.1584158415841586,-50,63
250173533003,500,481,1070,958,463,3.9501039501039505,11.691022964509393,19,112
250173534001,576,548,1345,1226,551,5.109489051094891,9.706362153344209,28,119
250173534002,765,750,1655,1622,727,2,2.0345252774352653,15,33
250173535001,606,628,1099,1108,588,-3.5031847133757963,-0.8122743682310468,-22,-9
250173535002,717,702,1597,1494,684,2.1367521367521367,6.894243641231593,15,103
250173536001,228,238,542,522,197,-4.201680672268908,3.8314176245210727,-10,20
250173536002,431,404,882,944,402,6.683168316831684,-6.567796610169492,27,-62
250173536003,319,306,683,668,304,4.248366013071895,2.245508982035928,13,15
250173536004,368,366,676,668,323,0.546448087431694,1.1976047904191618,2,8
250173536005,336,254,1825,1749,295,32.28346456692913,4.345340194396798,82,76
250173537001,608,601,1205,1039,574,1.1647254575707155,15.976900866217516,7,166
250173537002,704,676,1198,1141,650,4.142011834319527,4.995617879053462,28,57
250173537003,9,10,1384,1460,9,-10,-5.205479452054795,-1,-76
250173537004,180,240,876,873,152,-25,0.3436426116838488,-60,3
250173537005,441,429,941,852,411,2.797202797202797,10.44600938967136,12,89
250173538001,440,427,847,722,433,3.0444964871194378,17.31301939058172,13,125
250173538002,826,824,1440,1332,776,0.24271844660194172,8.108108108108109,2,108
250173538003,1174,1131,1890,1829,1082,3.801945181255526,3.335155822854018,43,61
250173538004,546,565,844,819,486,-3.3628318584070795,3.0525030525030523,-19,25
250173539001,635,622,2149,2212,551,2.090032154340836,-2.848101265822785,13,-63
250173539002,924,859,1661,2507,876,7.566938300349244,-33.74551256481851,65,-846
250173539003,79,38,2329,2371,58,107.89473684210526,-1.7714044706874739,41,-42
250173540001,599,578,1012,954,570,3.633217993079585,6.079664570230608,21,58
250173540002,785,717,2382,2185,735,9.483960948396094,9.016018306636155,68,197
250173540003,815,794,1346,1227,738,2.644836272040302,9.698451507742462,21,119
250173541001,262,259,349,371,238,1.1583011583011582,-5.929919137466308,3,-22
250173541002,360,342,610,586,317,5.263157894736842,4.09556313993174,18,24
250173541003,605,560,1176,1036,524,8.035714285714286,13.513513513513514,45,140
250173541004,589,556,921,914,470,5.935251798561151,0.7658643326039387,33,7
250173542001,575,562,1309,1219,532,2.3131672597864767,7.383100902378999,13,90
250173542002,564,538,1020,999,505,4.83271375464684,2.1021021021021022,26,21
250173542003,304,304,679,689,271,0,-1.4513788098693758,0,-10
250173543001,660,660,1410,1397,591,0,0.9305654974946312,0,13
250173543002,431,436,823,828,420,-1.146788990825688,-0.6038647342995169,-5,-5
250173543003,562,555,1256,1121,534,1.2612612612612613,12.042818911685995,7,135
250173544001,392,389,836,812,370,0.7712082262210797,2.955665024630542,3,24
250173544002,413,413,894,835,382,0,7.065868263473053,0,59
250173545001,600,573,937,874,568,4.712041884816754,7.208237986270023,27,63
250173545002,422,424,1000,880,400,-0.4716981132075472,13.636363636363635,-2,120
250173545003,305,294,538,482,278,3.741496598639456,11.618257261410788,11,56
250173546001,1108,1019,2338,2116,1062,8.73405299313052,10.491493383742911,89,222
250173546002,374,368,775,737,347,1.6304347826086956,5.156037991858888,6,38
250173546003,518,413,1072,853,482,25.423728813559322,25.67409144196952,105,219
250173546004,950,392,1646,832,822,142.3469387755102,97.83653846153845,558,814
250173547001,647,596,1428,1258,579,8.557046979865772,13.513513513513514,51,170
250173547002,657,611,1431,1251,620,7.528641571194762,14.388489208633093,46,180
250173548001,522,444,1082,911,493,17.56756756756757,18.77058177826564,78,171
250173548002,608,533,1241,992,576,14.071294559099437,25.100806451612907,75,249
250173549001,567,535,1311,1126,546,5.981308411214954,16.429840142095912,32,185
250173549002,1253,1231,2987,3201,1153,1.7871649065800164,-6.68541080912215,22,-214
250173549003,2410,866,4212,1731,2128,178.29099307159353,143.32755632582322,1544,2481
250173550001,413,331,864,671,400,24.773413897280967,28.763040238450078,82,193
250173550002,677,645,1309,1183,610,4.961240310077519,10.650887573964498,32,126
250173550003,445,437,935,835,416,1.8306636155606408,11.976047904191617,8,100
250173561001,368,368,837,795,349,0,5.283018867924529,0,42
250173561002,691,681,1482,1460,658,1.4684287812041115,1.5068493150684932,10,22
250173561003,405,400,1011,855,399,1.25,18.24561403508772,5,156
250173563001,612,604,1321,1239,598,1.3245033112582782,6.618240516545601,8,82
250173563002,513,511,1051,969,495,0.3913894324853229,8.46233230134159,2,82
250173563003,326,324,752,721,321,0.6172839506172839,4.2995839112343965,2,31
250173563004,295,290,664,640,266,1.7241379310344827,3.75,5,24
250173563005,375,368,800,776,354,1.9021739130434785,3.0927835051546393,7,24
250173563006,324,329,744,695,314,-1.5197568389057752,7.0503597122302155,-5,49
250173564001,244,243,636,653,240,0.411522633744856,-2.6033690658499236,1,-17
250173564002,628,646,1233,1176,606,-2.786377708978328,4.846938775510204,-18,57
250173564003,361,360,983,926,347,0.2777777777777778,6.155507559395248,1,57
250173564004,242,235,728,652,230,2.9787234042553195,11.65644171779141,7,76
250173564005,278,278,792,720,262,0,10,0,72
250173564006,478,472,1290,1234,473,1.2711864406779663,4.538087520259319,6,56
250173564007,304,299,860,748,295,1.6722408026755853,14.973262032085561,5,112
250173564008,675,447,1614,1138,636,51.006711409395976,41.82776801405975,228,476
250173565001,341,335,900,838,337,1.791044776119403,7.398568019093078,6,62
250173565002,507,503,1214,1120,487,0.7952286282306162,8.392857142857142,4,94
250173565003,903,937,1903,1670,873,-3.628601921024546,13.952095808383232,-34,233
250173565004,335,331,800,793,330,1.2084592145015105,0.8827238335435058,4,7
250173565005,477,477,1235,1189,452,0,3.8687973086627423,0,46
250173565006,361,367,1022,970,357,-1.6348773841961852,5.360824742268041,-6,52
250173566011,1146,1112,2102,1701,1084,3.0575539568345325,23.574368018812464,34,401
250173566012,447,444,1125,1096,434,0.6756756756756757,2.645985401459854,3,29
250173566013,262,250,735,670,251,4.8,9.701492537313433,12,65
250173566014,331,328,821,749,328,0.9146341463414633,9.612817089452603,3,72
250173566021,862,855,1688,1569,826,0.8187134502923977,7.58444869343531,7,119
250173566022,294,296,837,792,294,-0.6756756756756757,5.681818181818182,-2,45
250173566023,298,297,855,805,298,0.33670033670033667,6.211180124223603,1,50
250173566024,306,304,904,1003,288,0.6578947368421052,-9.870388833499502,2,-99
250173567011,636,610,1445,1316,608,4.2622950819672125,9.80243161094225,26,129
250173567012,618,606,1148,1131,583,1.9801980198019802,1.5030946065428823,12,17
250173567013,737,741,1435,1310,703,-0.5398110661268556,9.541984732824428,-4,125
250173567014,381,375,686,690,368,1.6,-0.5797101449275363,6,-4
250173567015,340,341,606,621,330,-0.2932551319648094,-2.4154589371980677,-1,-15
250173567016,513,511,956,776,475,0.3913894324853229,23.195876288659793,2,180
250173567021,575,574,1302,1316,555,0.17421602787456447,-1.0638297872340425,1,-14
250173567022,359,359,982,918,344,0,6.971677559912854,0,64
250173567023,954,944,1577,1532,912,1.059322033898305,2.93733681462141,10,45
250173567024,298,298,818,756,294,0,8.201058201058201,0,62
250173567025,335,328,790,775,317,2.1341463414634148,1.935483870967742,7,15
250173567026,297,293,816,759,296,1.3651877133105803,7.5098814229249005,4,57
250173567027,431,303,816,582,412,42.244224422442244,40.20618556701031,128,234
250173571001,336,338,950,940,322,-0.591715976331361,1.0638297872340425,-2,10
250173571002,1149,668,2447,1374,1050,72.0059880239521,78.09315866084425,481,1073
250173571003,361,361,1100,907,360,0,21.27894156560088,0,193
250173571004,353,354,983,964,338,-0.2824858757062147,1.970954356846473,-1,19
250173572001,431,422,1043,1083,417,2.132701421800948,-3.6934441366574333,9,-40
250173572002,269,273,788,751,250,-1.465201465201465,4.92676431424767,-4,37
250173572003,240,238,759,738,232,0.8403361344537815,2.8455284552845526,2,21
250173572004,225,223,653,630,221,0.8968609865470852,3.650793650793651,2,23
250173573001,360,362,963,927,354,-0.5524861878453038,3.8834951456310676,-2,36
250173573002,502,515,1102,1046,474,-2.524271844660194,5.353728489483748,-13,56
250173573003,460,466,1052,1000,429,-1.2875536480686696,5.2,-6,52
250173574001,304,314,799,791,290,-3.1847133757961785,1.0113780025284451,-10,8
250173574002,298,288,801,738,282,3.4722222222222223,8.536585365853659,10,63
250173574003,343,336,772,810,314,2.083333333333333,-4.691358024691358,7,-38
250173575001,280,272,695,634,268,2.941176470588235,9.621451104100947,8,61
250173575002,405,287,662,657,283,41.11498257839721,0.76103500761035,118,5
250173575003,345,343,898,839,328,0.5830903790087464,7.032181168057211,2,59
250173576001,442,439,1098,966,433,0.683371298405467,13.664596273291925,3,132
250173576002,649,642,1567,1466,607,1.0903426791277258,6.88949522510232,7,101
250173577001,465,412,1122,935,452,12.864077669902912,20,53,187
250173577002,356,361,828,811,333,-1.3850415512465373,2.096177558569667,-5,17
250173577003,432,421,1080,955,416,2.6128266033254155,13.089005235602095,11,125
250173577004,469,467,1109,1026,458,0.4282655246252677,8.089668615984404,2,83
250173578001,319,318,949,936,299,0.3144654088050315,1.3888888888888888,1,13
250173578002,349,343,898,853,342,1.749271137026239,5.275498241500586,6,45
250173578003,404,387,1227,1030,381,4.3927648578811365,19.12621359223301,17,197
250173578004,334,334,943,922,320,0,2.27765726681128,0,21
250173581001,364,362,1034,967,353,0.5524861878453038,6.928645294725956,2,67
250173581002,509,506,1394,1284,492,0.592885375494071,8.566978193146417,3,110
250173581003,543,548,1593,1522,531,-0.9124087591240875,4.664914586070959,-5,71
250173581004,471,469,1261,1332,457,0.42643923240938164,-5.33033033033033,2,-71
250173583001,1749,1608,4255,3590,1648,8.768656716417912,18.52367688022284,141,665
250173583002,702,693,2127,1936,672,1.2987012987012987,9.865702479338843,9,191
250173584001,383,368,954,925,382,4.076086956521739,3.135135135135135,15,29
250173584002,491,547,1376,1267,437,-10.23765996343693,8.602999210734017,-56,109
250173584003,650,635,1788,1662,644,2.3622047244094486,7.581227436823104,15,126
250173584004,385,373,1167,1041,368,3.2171581769436997,12.103746397694524,12,126
250173585001,873,824,2553,2176,841,5.946601941747573,17.325367647058822,49,377
250173585002,311,311,812,741,296,0,9.581646423751687,0,71
250173585003,714,651,2214,1944,696,9.67741935483871,13.88888888888889,63,270
250173586001,409,401,1289,1200,393,1.99501246882793,7.416666666666667,8,89
250173586002,350,343,884,797,341,2.0408163265306123,10.915934755332497,7,87
250173586003,257,263,679,697,255,-2.2813688212927756,-2.582496413199426,-6,-18
250173586004,487,486,1161,1131,453,0.205761316872428,2.6525198938992043,1,30
250173586005,299,297,983,869,297,0.6734006734006733,13.118527042577677,2,114
250173586006,454,456,1323,1253,449,-0.43859649122807015,5.58659217877095,-2,70
250173587001,817,782,2361,2062,782,4.475703324808184,14.500484966052376,35,299
250173587002,507,497,1542,1435,500,2.0120724346076457,7.456445993031359,10,107
250173587003,585,599,1704,1563,560,-2.337228714524207,9.021113243761997,-14,141
250173591001,510,492,1444,1295,493,3.6585365853658534,11.505791505791505,18,149
250173591002,513,485,1221,1079,496,5.77319587628866,13.160333642261355,28,142
250173591003,569,666,1751,1825,556,-14.564564564564563,-4.054794520547945,-97,-74
250173591004,894,945,2131,1999,825,-5.396825396825397,6.603301650825413,-51,132
250173593001,395,391,1015,947,379,1.0230179028132993,7.1805702217529035,4,68
250173593002,433,409,998,936,413,5.8679706601467,6.623931623931624,24,62
250173593003,570,559,1726,1581,547,1.9677996422182469,9.171410499683745,11,145
250173593004,1173,1132,2861,2683,1131,3.6219081272084805,6.6343645173313455,41,178
250173593005,388,289,1242,975,383,34.2560553633218,27.384615384615387,99,267
250173601001,436,477,1448,1286,428,-8.59538784067086,12.597200622083982,-41,162
250173602001,392,381,907,881,377,2.8871391076115485,2.9511918274687856,11,26
250173602002,466,451,1200,1173,437,3.325942350332594,2.3017902813299234,15,27
250173602003,554,538,1322,1260,528,2.973977695167286,4.920634920634921,16,62
250173602004,921,770,2137,1762,816,19.61038961038961,21.282633371169126,151,375
250173611001,452,450,1168,1071,427,0.4444444444444444,9.056956115779645,2,97
250173611002,523,507,1452,1476,481,3.155818540433925,-1.6260162601626018,16,-24
250173611003,476,544,842,959,444,-12.5,-12.200208550573514,-68,-117
250173611004,619,638,1370,1327,572,-2.978056426332288,3.2403918613413714,-19,43
250173611005,350,352,894,824,328,-0.5681818181818182,8.495145631067961,-2,70
250173612001,899,846,2440,2854,801,6.264775413711583,-14.505956552207428,53,-414
250173612002,396,386,1086,1035,366,2.5906735751295336,4.9275362318840585,10,51
250173612003,1112,704,2732,1876,1059,57.95454545454546,45.62899786780384,408,856
250173613001,473,476,1249,1135,448,-0.6302521008403361,10.044052863436123,-3,114
250173613002,604,622,1432,1370,575,-2.8938906752411575,4.525547445255475,-18,62
250173613003,431,416,1202,1160,413,3.6057692307692304,3.620689655172414,15,42
250173613004,657,695,1764,1791,610,-5.467625899280575,-1.507537688442211,-38,-27
250173613005,306,311,859,790,274,-1.607717041800643,8.734177215189872,-5,69
250173621001,961,918,2750,2613,932,4.6840958605664484,5.243015690776884,43,137
250173621002,936,840,2488,2239,913,11.428571428571429,11.121036176864672,96,249
250173631021,615,581,1492,1330,576,5.851979345955249,12.180451127819548,34,162
250173631022,934,837,2292,2118,915,11.589008363201913,8.21529745042493,97,174
250173631023,1437,1229,3330,2461,1369,16.924328722538647,35.31084924827306,208,869
250173631031,950,793,2417,2069,910,19.798234552332914,16.819719671338813,157,348
250173631032,407,404,1201,1160,393,0.7425742574257426,3.53448275862069,3,41
250173631041,957,923,2631,2602,939,3.683640303358613,1.1145272867025366,34,29
250173631042,307,292,930,883,296,5.136986301369863,5.322763306908267,15,47
250173631043,770,746,1942,1841,746,3.2171581769436997,5.486148832156436,24,101
250173631044,279,274,756,779,261,1.824817518248175,-2.952503209242619,5,-23
250173632011,430,420,1054,968,414,2.380952380952381,8.884297520661157,10,86
250173632012,453,449,1352,1388,450,0.8908685968819599,-2.5936599423631126,4,-36
250173632013,340,300,912,863,329,13.333333333333334,5.677867902665121,40,49
250173632021,277,245,851,694,276,13.061224489795919,22.622478386167145,32,157
250173632022,496,476,1314,1223,482,4.201680672268908,7.440719542109567,20,91
250173632023,568,561,1552,1545,544,1.2477718360071302,0.45307443365695793,7,7
250173641011,1041,954,2211,2002,988,9.119496855345911,10.43956043956044,87,209
250173641012,700,664,1347,1300,682,5.421686746987952,3.6153846153846154,36,47
250173641013,789,743,2073,1964,767,6.191117092866756,5.54989816700611,46,109
250173641021,628,594,1428,1312,603,5.723905723905724,8.841463414634147,34,116
250173641022,611,597,1376,1314,596,2.3450586264656614,4.71841704718417,14,62
250173641023,456,430,968,944,429,6.046511627906977,2.5423728813559325,26,24
250173641024,517,465,1341,1270,497,11.182795698924732,5.590551181102362,52,71
250173651001,561,534,1672,1619,548,5.056179775280898,3.2736256948733784,27,53
250173651002,711,700,2234,2266,697,1.5714285714285716,-1.412180052956752,11,-32
250173651003,755,729,2455,2331,738,3.5665294924554183,5.319605319605319,26,124
250173651004,574,545,1557,1516,559,5.321100917431193,2.704485488126649,29,41
250173652011,802,657,2153,1921,780,22.07001522070015,12.077043206663197,145,232
250173652012,464,432,1364,1275,459,7.4074074074074066,6.980392156862745,32,89
250173652013,362,363,1059,1086,353,-0.27548209366391185,-2.4861878453038675,-1,-27
250173652014,442,444,1373,1325,440,-0.45045045045045046,3.6226415094339623,-2,48
250173652021,1072,739,2544,1779,1031,45.06089309878214,43.00168634064081,333,765
250173652022,395,392,1187,1204,372,0.7653061224489796,-1.4119601328903655,3,-17
250173652023,420,416,1335,1337,411,0.9615384615384616,-0.14958863126402394,4,-2
250173661001,330,318,846,789,314,3.7735849056603774,7.224334600760455,12,57
250173661002,398,376,1168,1084,375,5.851063829787234,7.7490774907749085,22,84
250173661003,329,327,860,812,318,0.6116207951070336,5.911330049261084,2,48
250173661004,402,405,991,971,374,-0.7407407407407408,2.059732234809475,-3,20
250173661005,432,433,1087,1041,423,-0.23094688221709006,4.418828049951969,-1,46
250173662011,967,948,2720,2631,932,2.0042194092827006,3.38274420372482,19,89
250173662012,321,310,1030,967,311,3.5483870967741935,6.514994829369184,11,63
250173662021,968,871,2270,1946,893,11.136624569460391,16.649537512846866,97,324
250173662022,745,736,1972,1940,710,1.2228260869565217,1.6494845360824744,9,32
250173662023,404,297,998,813,363,36.02693602693603,22.75522755227552,107,185
250173671001,372,360,921,927,327,3.3333333333333335,-0.6472491909385114,12,-6
250173671002,413,415,1286,1186,381,-0.48192771084337355,8.431703204047219,-2,100
250173671003,270,268,772,782,270,0.7462686567164178,-1.278772378516624,2,-10
250173671004,379,413,1106,1064,361,-8.232445520581114,3.9473684210526314,-34,42
250173672001,350,345,803,827,317,1.4492753623188406,-2.902055622732769,5,-24
250173672002,444,448,1170,1155,423,-0.8928571428571428,1.2987012987012987,-4,15
250173672003,518,485,2113,1732,504,6.804123711340206,21.99769053117783,33,381
250173672004,290,291,876,812,274,-0.3436426116838488,7.8817733990147785,-1,64
250173672005,286,286,845,792,268,0,6.691919191919192,0,53
250173672006,371,354,1136,1145,341,4.80225988700565,-0.7860262008733625,17,-9
250173672007,349,343,823,839,335,1.749271137026239,-1.907032181168057,6,-16
250173681011,398,398,1148,989,391,0,16.076845298281093,0,159
250173681012,1337,1313,2762,2707,1238,1.827875095201828,2.031769486516439,24,55
250173681013,626,588,1362,1381,582,6.462585034013606,-1.3758146270818248,38,-19
250173681014,358,449,1054,1024,355,-20.26726057906459,2.9296875,-91,30
250173681021,971,926,2486,2335,925,4.859611231101512,6.466809421841542,45,151
250173681022,556,545,1303,1292,513,2.0183486238532113,0.8513931888544891,11,11
250173682001,563,559,1391,1357,556,0.7155635062611807,2.5055268975681653,4,34
250173682002,272,273,686,698,255,-0.3663003663003663,-1.7191977077363898,-1,-12
250173682003,317,313,767,663,302,1.2779552715654952,15.686274509803921,4,104
250173682004,811,711,1736,1576,784,14.064697609001406,10.152284263959391,100,160
250173683001,655,651,1297,1136,622,0.6144393241167435,14.172535211267606,4,161
250173683002,491,480,1037,1003,470,2.2916666666666665,3.389830508474576,11,34
250173683003,423,418,954,867,404,1.1961722488038278,10.034602076124568,5,87
250173683004,542,536,1222,1111,535,1.1194029850746268,9.99099909990999,6,111
250173683005,545,503,1254,1228,515,8.34990059642147,2.1172638436482085,42,26
250173684001,482,469,1253,1140,469,2.771855010660981,9.912280701754387,13,113
250173684002,647,553,3760,3729,537,16.998191681735985,0.8313220702601234,94,31
250173684003,699,683,1466,1304,668,2.342606149341142,12.423312883435583,16,162
250173684004,522,502,1458,1284,514,3.9840637450199203,13.551401869158877,20,174
250173684005,280,264,669,660,271,6.0606060606060606,1.3636363636363635,16,9
250173685001,588,576,899,988,471,2.083333333333333,-9.008097165991904,12,-89
250173685002,562,515,1049,1016,523,9.12621359223301,3.2480314960629917,47,33
250173685003,842,799,1471,1293,814,5.381727158948686,13.766434648105182,43,178
250173686001,334,333,758,689,316,0.3003003003003003,10.014513788098693,1,69
250173686002,358,335,759,761,352,6.865671641791045,-0.2628120893561104,23,-2
250173686003,554,544,1106,1082,530,1.8382352941176472,2.2181146025878005,10,24
250173686004,865,679,1914,1454,799,27.393225331369663,31.636863823933975,186,460
250173686005,595,589,1319,1210,554,1.0186757215619695,9.008264462809917,6,109
250173687001,537,515,1321,1212,506,4.271844660194175,8.993399339933994,22,109
250173687002,541,534,1362,1250,524,1.3108614232209739,8.959999999999999,7,112
250173688001,758,214,1309,594,707,254.2056074766355,120.37037037037037,544,715
250173688002,663,439,1452,983,614,51.025056947608206,47.71108850457782,224,469
250173688003,465,462,1200,1152,451,0.6493506493506493,4.166666666666666,3,48
250173688004,368,359,995,924,349,2.5069637883008355,7.683982683982683,9,71
250173688005,577,509,1213,1088,543,13.359528487229863,11.488970588235293,68,125
250173689011,237,221,2757,2788,231,7.239819004524888,-1.1119081779053086,16,-31
250173689012,326,329,814,814,312,-0.911854103343465,0,-3,0
250173689013,1330,1338,2578,2395,1302,-0.5979073243647235,7.640918580375783,-8,183
250173689014,293,286,880,804,265,2.4475524475524475,9.45273631840796,7,76
250173689021,868,847,3010,2774,787,2.479338842975207,8.507570295602019,21,236
250173689022,409,397,751,770,409,3.022670025188917,-2.4675324675324677,12,-19
250173689023,370,369,847,776,340,0.27100271002710025,9.149484536082474,1,71
250173690001,588,581,1463,1528,552,1.2048192771084338,-4.2539267015706805,7,-65
250173691001,326,316,784,784,322,3.1645569620253164,0,10,0
250173691002,345,343,793,820,337,0.5830903790087464,-3.2926829268292686,2,-27
250173691003,287,292,779,722,285,-1.7123287671232876,7.894736842105263,-5,57
250173691004,651,653,1504,1493,640,-0.3062787136294028,0.7367716008037508,-2,11
250173691005,414,418,1065,984,389,-0.9569377990430622,8.231707317073171,-4,81
250173701011,550,564,1147,1148,542,-2.4822695035460995,-0.08710801393728224,-14,-1
250173701012,623,608,1436,1302,601,2.4671052631578947,10.291858678955453,15,134
250173701013,1045,1035,2410,2273,1013,0.966183574879227,6.027276726792785,10,137
250173701014,746,752,1814,1765,729,-0.7978723404255319,2.776203966005666,-6,49
250173701021,933,568,1850,1082,893,64.26056338028168,70.97966728280961,365,768
250173701022,975,954,1750,1697,902,2.20125786163522,3.1231585150265175,21,53
250173701023,497,412,1031,800,479,20.631067961165048,28.875,85,231
250173701024,1097,911,2059,1762,1052,20.417124039517017,16.85584562996595,186,297
250173701025,763,627,1596,1410,695,21.690590111642745,13.191489361702127,136,186
250173702011,593,557,1197,1098,533,6.463195691202872,9.01639344262295,36,99
250173702012,646,624,1370,1271,634,3.5256410256410255,7.789142407553109,22,99
250173702013,535,706,1231,1388,506,-24.22096317280453,-11.311239193083573,-171,-157
250173702021,400,395,893,853,390,1.2658227848101267,4.6893317702227435,5,40
250173702022,455,445,987,951,443,2.247191011235955,3.7854889589905363,10,36
250173702023,425,418,956,967,410,1.674641148325359,-1.1375387797311272,7,-11
250173702024,631,621,1386,1378,589,1.610305958132045,0.5805515239477503,10,8
250173703001,104,98,258,223,99,6.122448979591836,15.695067264573993,6,35
250173703002,982,903,1738,1484,879,8.748615725359912,17.11590296495957,79,254
250173703003,367,362,831,845,343,1.3812154696132597,-1.6568047337278107,5,-14
250173703004,527,520,1070,1048,485,1.3461538461538463,2.099236641221374,7,22
250173703005,342,344,630,629,327,-0.5813953488372093,0.1589825119236884,-2,1
250173703006,315,291,743,609,309,8.24742268041237,22.003284072249592,24,134
250173703007,422,412,835,806,405,2.4271844660194173,3.598014888337469,10,29
250173704001,480,468,932,903,455,2.564102564102564,3.211517165005537,12,29
250173704002,1169,577,2237,1210,1115,102.5996533795494,84.87603305785125,592,1027
250173704003,309,289,661,597,280,6.920415224913495,10.720268006700168,20,64
250173704004,254,305,616,764,238,-16.721311475409838,-19.3717277486911,-51,-148
250173704005,306,304,605,604,296,0.6578947368421052,0.16556291390728478,2,1
250173704006,518,514,1060,1048,492,0.7782101167315175,1.1450381679389312,4,12
250173731001,349,337,839,795,344,3.5608308605341246,5.534591194968554,12,44
250173731002,458,466,1095,999,420,-1.7167381974248928,9.60960960960961,-8,96
250173731003,514,519,955,931,459,-0.9633911368015413,2.577873254564984,-5,24
250173731004,363,356,913,872,348,1.9662921348314606,4.701834862385321,7,41
250173731005,542,520,1311,1158,510,4.230769230769231,13.21243523316062,22,153
250173732001,565,565,1218,1067,550,0,14.15182755388941,0,151
250173732002,384,378,869,900,328,1.5873015873015872,-3.4444444444444446,6,-31
250173732003,400,384,971,855,390,4.166666666666666,13.567251461988302,16,116
250173732004,766,726,1731,1569,719,5.5096418732782375,10.325047801147228,40,162
250173733001,285,271,892,775,272,5.166051660516605,15.096774193548388,14,117
250173733002,573,565,1240,1182,557,1.415929203539823,4.906937394247039,8,58
250173733003,438,434,968,842,405,0.9216589861751152,14.964370546318289,4,126
250173734001,902,894,2067,2088,860,0.8948545861297539,-1.0057471264367817,8,-21
250173734002,590,519,1252,1116,537,13.680154142581888,12.186379928315413,71,136
250173735001,281,281,755,725,266,0,4.137931034482759,0,30
250173735002,675,679,1653,1625,638,-0.5891016200294551,1.723076923076923,-4,28
250173735003,394,381,1056,1027,388,3.4120734908136483,2.8237585199610513,13,29
250173735004,672,675,2772,2810,632,-0.4444444444444444,-1.3523131672597866,-3,-38
250173736001,307,300,2715,2677,290,2.3333333333333335,1.419499439671274,7,38
250173736002,241,193,2034,1937,213,24.870466321243523,5.007743933918431,48,97
250173736003,541,536,1383,1412,512,0.9328358208955223,-2.0538243626062327,5,-29
250173737001,280,279,807,783,273,0.35842293906810035,3.065134099616858,1,24
250173737002,448,439,1207,1212,437,2.050113895216401,-0.4125412541254125,9,-5
250173737003,404,410,1093,1074,389,-1.4634146341463417,1.7690875232774672,-6,19
250173737004,276,273,747,721,259,1.098901098901099,3.6061026352288486,3,26
250173738001,742,724,1979,2012,697,2.4861878453038675,-1.6401590457256463,18,-33
250173738002,935,925,1843,1769,895,1.0810810810810811,4.183154324477106,10,74
250173738003,637,635,1541,1479,613,0.31496062992125984,4.192021636240703,2,62
250173738004,261,264,702,663,253,-1.1363636363636365,5.88235294117647,-3,39
250173739001,1125,1086,2238,2063,1040,3.591160220994475,8.482792050412021,39,175
250173739002,627,628,1848,1713,599,-0.15923566878980894,7.880910683012258,-1,135
250173739003,574,571,1637,1554,548,0.5253940455341506,5.341055341055341,3,83
250173739004,485,382,1280,1043,460,26.96335078534031,22.722914669223393,103,237
250173740001,538,533,1518,1415,521,0.9380863039399625,7.279151943462897,5,103
250173740002,867,788,1957,2492,821,10.025380710659897,-21.46869983948636,79,-535
250173740003,473,475,1333,1330,438,-0.42105263157894735,0.2255639097744361,-2,3
250173741001,946,927,2146,2041,877,2.0496224379719528,5.1445369916707495,19,105
250173741002,673,629,1688,1519,650,6.995230524642289,11.125740618828177,44,169
250173741003,480,471,1131,1087,448,1.910828025477707,4.04783808647654,9,44
250173742001,402,397,1003,945,381,1.2594458438287155,6.137566137566138,5,58
250173742002,674,655,1779,1783,637,2.900763358778626,-0.2243409983174425,19,-4
250173742003,558,542,1530,1466,542,2.952029520295203,4.365620736698499,16,64
250173743001,449,457,1307,1192,439,-1.75054704595186,9.64765100671141,-8,115
250173743002,474,546,1458,1356,455,-13.186813186813188,7.52212389380531,-72,102
250173743003,334,340,1007,946,332,-1.7647058823529411,6.4482029598308666,-6,61
250173744001,464,468,1268,1237,455,-0.8547008547008548,2.506063055780113,-4,31
250173744002,315,309,913,849,304,1.9417475728155338,7.538280329799764,6,64
250173744003,365,358,1035,938,349,1.9553072625698324,10.341151385927505,7,97
250173744004,768,743,1670,1681,730,3.3647375504710633,-0.6543723973825104,25,-11
250173744005,362,366,1069,1038,346,-1.092896174863388,2.9865125240847785,-4,31
250173745001,345,314,873,790,338,9.872611464968154,10.506329113924052,31,83
250173745002,543,546,1353,1239,509,-0.5494505494505495,9.200968523002421,-3,114
250173745003,307,303,846,782,306,1.3201320132013201,8.184143222506394,4,64
250173745004,271,272,757,802,260,-0.3676470588235294,-5.610972568578553,-1,-45
250173745005,269,269,757,726,258,0,4.2699724517906334,0,31
250173746001,590,586,1628,1416,568,0.6825938566552902,14.971751412429379,4,212
250173746002,498,492,1260,1216,488,1.2195121951219512,3.618421052631579,6,44
250173746003,506,506,1373,1274,469,0,7.770800627943484,0,99
250173746004,412,400,1024,923,404,3,10.942578548212351,12,101
250173747001,1072,1073,2729,2640,1046,-0.09319664492078285,3.3712121212121215,-1,89
250173747002,775,773,1871,1837,748,0.258732212160414,1.8508437670114317,2,34
250173748001,422,412,1477,1323,405,2.4271844660194173,11.64021164021164,10,154
250173748002,632,606,2350,2262,608,4.29042904290429,3.8903625110521665,26,88
250173748003,499,497,1197,1153,471,0.4024144869215292,3.8161318300086733,2,44
250173821001,494,480,1469,1389,482,2.9166666666666665,5.759539236861051,14,80
250173821002,343,341,934,926,337,0.5865102639296188,0.8639308855291578,2,8
250173821003,316,318,885,802,306,-0.628930817610063,10.349127182044887,-2,83
250173821004,305,306,863,821,298,-0.32679738562091504,5.115712545676005,-1,42
250173821005,396,423,995,973,371,-6.382978723404255,2.2610483042137717,-27,22
250173822001,650,613,1544,1499,612,6.035889070146819,3.0020013342228156,37,45
250173822002,529,518,1321,1260,503,2.1235521235521233,4.841269841269842,11,61
250173822003,479,427,1132,1056,469,12.177985948477751,7.196969696969697,52,76
250173822004,499,498,1378,1343,483,0.2008032128514056,2.6061057334326136,1,35
250173823001,400,419,827,763,367,-4.534606205250596,8.387942332896461,-19,64
250173823002,894,856,2588,2415,880,4.439252336448598,7.163561076604555,38,173
250173823003,385,375,945,909,384,2.666666666666667,3.9603960396039604,10,36
250173823004,604,574,1559,1481,543,5.2264808362369335,5.266711681296422,30,78
250173824001,645,608,1476,1476,617,6.0855263157894735,0,37,0
250173824002,1156,859,2490,1798,1125,34.57508731082654,38.487208008898776,297,692
250173824003,449,437,1374,1249,425,2.745995423340961,10.0080064051241,12,125
250173825001,1293,718,2519,1716,1130,80.08356545961003,46.794871794871796,575,803
250173825002,689,517,1456,1108,636,33.26885880077369,31.40794223826715,172,348
250173825003,714,701,1687,1594,691,1.8544935805991443,5.834378920953576,13,93
250173826011,1205,1205,2079,1883,1178,0,10.408921933085502,0,196
250173826012,506,489,1011,813,490,3.476482617586912,24.354243542435423,17,198
250173826013,629,601,1704,1573,598,4.658901830282862,8.328035600762874,28,131
250173826021,206,209,535,539,200,-1.4354066985645932,-0.7421150278293136,-3,-4
250173826022,501,455,1097,824,460,10.10989010989011,33.13106796116505,46,273
250173826023,526,526,1504,1424,507,0,5.617977528089887,0,80
250173826024,867,648,1632,1372,862,33.7962962962963,18.950437317784257,219,260
250173831011,817,788,2215,2610,767,3.6802030456852792,-15.134099616858238,29,-395
250173831012,559,540,1934,1607,545,3.5185185185185186,20.34847542003734,19,327
250173831021,997,873,2268,2156,772,14.20389461626575,5.194805194805195,124,112
250173831022,977,961,2744,2767,948,1.664932362122789,-0.8312251535959523,16,-23
250173832001,692,691,1955,1870,668,0.1447178002894356,4.545454545454546,1,85
250173832002,436,433,1254,1137,432,0.6928406466512702,10.29023746701847,3,117
250173832003,484,480,1265,1208,468,0.8333333333333334,4.718543046357616,4,57
250173832004,680,621,2117,1831,663,9.500805152979067,15.6198798470781,59,286
250173833001,898,686,1761,1554,668,30.903790087463555,13.320463320463322,212,207
250173833002,692,684,1430,1488,614,1.1695906432748537,-3.8978494623655915,8,-58
250173834001,715,704,1894,1692,688,1.5625,11.93853427895981,11,202
250173834002,748,705,1906,1644,721,6.0992907801418434,15.936739659367397,43,262
250173834003,678,569,1597,1348,636,19.15641476274165,18.47181008902077,109,249
250173834004,386,378,902,856,359,2.1164021164021163,5.373831775700935,8,46
250173835011,842,829,1985,1884,791,1.5681544028950543,5.360934182590234,13,101
250173835012,825,783,1575,1290,793,5.363984674329502,22.093023255813954,42,285
250173835013,488,482,1115,1085,478,1.2448132780082988,2.7649769585253456,6,30
250173835021,520,504,2092,2479,511,3.1746031746031744,-15.611133521581284,16,-387
250173835022,526,570,1840,1294,502,-7.719298245614035,42.194744976816075,-44,546
250173836001,626,616,1613,1542,612,1.6233766233766231,4.604409857328146,10,71
250173836002,276,275,722,681,276,0.36363636363636365,6.020558002936858,1,41
250173836003,936,932,2142,2107,904,0.4291845493562232,1.6611295681063125,4,35
250173836004,701,686,1865,1808,682,2.186588921282799,3.1526548672566372,15,57
250173837001,387,383,980,963,370,1.0443864229765014,1.7653167185877467,4,17
250173837002,261,259,576,566,259,0.7722007722007722,1.76678445229682,2,10
250173837003,1102,1075,2662,2616,1074,2.511627906976744,1.7584097859327217,27,46
250173837004,404,402,1090,1068,397,0.4975124378109453,2.0599250936329585,2,22
250173838001,857,476,1984,1153,846,80.0420168067227,72.07285342584562,381,831
250173838002,441,440,1106,1049,421,0.22727272727272727,5.4337464251668255,1,57
250173838003,337,336,910,832,332,0.2976190476190476,9.375,1,78
250173838004,616,618,1397,1410,609,-0.3236245954692557,-0.9219858156028369,-2,-13
250173838005,369,367,959,916,350,0.544959128065395,4.6943231441048034,2,43
250173839011,300,298,853,871,300,0.6711409395973155,-2.066590126291619,2,-18
250173839012,311,311,798,825,297,0,-3.272727272727273,0,-27
250173839013,620,619,1427,1394,604,0.16155088852988692,2.3672883787661405,1,33
250173839014,458,457,1307,1257,450,0.2188183807439825,3.977724741447892,1,50
250173839015,498,495,1358,1347,490,0.6060606060606061,0.8166295471417966,3,11
250173839016,1045,879,2143,1934,993,18.885096700796357,10.80661840744571,166,209
250173839021,890,893,2524,2504,871,-0.33594624860022393,0.7987220447284344,-3,20
250173839022,529,525,1342,1379,511,0.7619047619047619,-2.6831036983321246,4,-37
250173839023,538,523,1471,1344,529,2.8680688336520075,9.449404761904761,15,127
250173840011,637,569,1588,1437,613,11.950790861159929,10.508002783576895,68,151
250173840021,1093,1167,1751,1976,1049,-6.341045415595545,-11.386639676113361,-74,-225
250173840022,298,284,897,757,263,4.929577464788732,18.494055482166445,14,140
250173840023,1542,1363,3051,2782,1425,13.132795304475422,9.669302659956866,179,269
250173851001,561,557,1522,1462,546,0.718132854578097,4.1039671682626535,4,60
250173851002,1825,1278,4774,3856,1772,42.80125195618154,23.807053941908713,547,918
250173851003,642,639,1545,1399,623,0.4694835680751174,10.43602573266619,3,146
250173852011,763,725,1849,1667,716,5.241379310344827,10.917816436712657,38,182
250173852012,418,359,988,901,387,16.434540389972145,9.65593784683685,59,87
250173852021,1201,1149,2656,2501,1163,4.525674499564839,6.1975209916033585,52,155
250173852022,1068,892,3097,2491,1062,19.730941704035875,24.32757928542754,176,606
250173852023,422,415,1074,1030,395,1.6867469879518073,4.271844660194175,7,44
250173852024,598,595,1325,1286,578,0.5042016806722689,3.032659409020218,3,39
250173861001,361,347,990,853,348,4.034582132564841,16.060961313012896,14,137
250173861002,692,662,1940,1900,653,4.531722054380665,2.1052631578947367,30,40
250173861003,509,486,1473,1366,485,4.732510288065844,7.833089311859444,23,107
250173871001,355,361,878,878,336,-1.662049861495845,0,-6,0
250173871002,402,327,991,836,397,22.93577981651376,18.54066985645933,75,155
250173871003,592,596,1734,1764,591,-0.6711409395973155,-1.7006802721088436,-4,-30
250173871004,294,292,776,779,286,0.684931506849315,-0.38510911424903727,2,-3
250173872011,1262,1102,3417,2776,1218,14.519056261343014,23.09077809798271,160,641
250173872012,351,349,797,784,329,0.5730659025787965,1.6581632653061225,2,13
250173872013,357,308,1015,863,337,15.909090909090908,17.61297798377752,49,152
250173872014,387,382,1002,1041,376,1.3089005235602094,-3.7463976945244957,5,-39
250173872021,429,410,1198,1158,422,4.634146341463414,3.454231433506045,19,40
250173872022,392,326,1112,906,382,20.245398773006134,22.737306843267106,66,206
250173872023,741,634,2076,1762,713,16.876971608832807,17.82065834279228,107,314
250173881001,1050,1019,2868,2837,1019,3.042198233562316,1.0927035600986958,31,31
250173881002,739,486,1638,1267,706,52.05761316872428,29.2817679558011,253,371
250173881003,573,568,1000,892,536,0.8802816901408451,12.10762331838565,5,108
250173882001,551,533,1400,1423,540,3.377110694183865,-1.6163035839775124,18,-23
250173882002,1143,1096,2769,2635,1109,4.288321167883212,5.085388994307401,47,134
250173882003,905,798,3263,3153,836,13.408521303258144,3.4887408816999685,107,110
250173883001,692,676,1273,1282,678,2.366863905325444,-0.702028081123245,16,-9
250173883002,768,850,2445,1264,660,-9.647058823529411,93.43354430379746,-82,1181
250173883003,125,115,1902,2157,125,8.695652173913043,-11.821974965229485,10,-255
250173883004,277,288,785,717,268,-3.8194444444444446,9.483960948396094,-11,68
250179800001,0,0,0,0,0,NA,NA,0,0
250199501001,1613,1564,1029,881,476,3.1329923273657285,16.79909194097616,49,148
250199501002,1503,1572,689,494,388,-4.3893129770992365,39.473684210526315,-69,195
250199502001,844,745,1886,1330,665,13.288590604026846,41.80451127819549,99,556
250199502002,948,873,1797,1405,652,8.59106529209622,27.900355871886124,75,392
250199502003,775,709,1877,1435,654,9.30888575458392,30.801393728222997,66,442
250199502004,695,622,1109,699,365,11.736334405144696,58.6552217453505,73,410
250199503071,1128,1108,524,342,250,1.8050541516245486,53.216374269005854,20,182
250199504001,1151,975,2054,1423,728,18.05128205128205,44.34293745607871,176,631
250199504002,735,670,1526,999,511,9.701492537313433,52.752752752752755,65,527
250199505001,1647,1559,1136,642,522,5.644644002565747,76.94704049844236,88,494
250199505002,1130,1221,624,522,262,-7.4529074529074535,19.54022988505747,-91,102
250199900000,0,0,0,0,0,NA,NA,0,0
250214001001,245,233,649,510,231,5.150214592274678,27.254901960784313,12,139
250214001002,501,505,1072,1033,476,-0.7920792079207921,3.77541142303969,-4,39
250214001003,1078,1039,2025,1806,1012,3.753609239653513,12.12624584717608,39,219
250214001004,833,734,1803,1628,786,13.487738419618529,10.74938574938575,99,175
250214002001,728,714,1774,1644,709,1.9607843137254901,7.907542579075426,14,130
250214002002,1602,1544,3049,2835,1555,3.756476683937824,7.548500881834215,58,214
250214002003,748,696,1851,1653,733,7.471264367816093,11.978221415607985,52,198
250214003001,424,384,1055,936,389,10.416666666666668,12.713675213675213,40,119
250214003002,721,710,1571,1615,682,1.5492957746478873,-2.7244582043343657,11,-44
250214003003,641,578,1684,1559,620,10.899653979238755,8.017960230917256,63,125
250214004001,1256,1188,2412,2198,1225,5.723905723905724,9.736123748862601,68,214
250214004002,1244,1320,2333,2314,1183,-5.757575757575758,0.8210890233362144,-76,19
250214004003,518,361,1188,937,488,43.49030470914128,26.78762006403415,157,251
250214005001,1323,1281,2422,2419,1231,3.278688524590164,0.12401818933443572,42,3
250214005002,598,542,1463,1271,566,10.33210332103321,15.106215578284814,56,192
250214005003,729,690,1673,1483,687,5.6521739130434785,12.811867835468643,39,190
250214006001,734,671,1588,1424,698,9.38897168405365,11.51685393258427,63,164
250214006002,1367,1290,3093,2883,1279,5.9689922480620154,7.284079084287201,77,210
250214006003,301,257,811,870,290,17.120622568093385,-6.781609195402299,44,-59
250214007001,580,551,1443,1296,565,5.263157894736842,11.342592592592593,29,147
250214007002,607,532,1504,1344,585,14.097744360902256,11.904761904761903,75,160
250214007003,397,359,1039,958,376,10.584958217270195,8.455114822546973,38,81
250214008001,518,482,1163,1117,504,7.468879668049793,4.118173679498657,36,46
250214008002,843,796,1973,1727,829,5.9045226130653266,14.244354371742906,47,246
250214008003,1447,1358,2941,2786,1343,6.5537555228276885,5.563531945441493,89,155
250214009001,1000,996,1799,1668,969,0.4016064257028112,7.853717026378897,4,131
250214009002,410,327,631,549,399,25.382262996941897,14.93624772313297,83,82
250214009003,757,694,1924,1648,702,9.077809798270893,16.74757281553398,63,276
250214010001,402,374,1057,928,382,7.4866310160427805,13.900862068965516,28,129
250214010002,291,271,775,666,271,7.380073800738007,16.366366366366368,20,109
250214010003,761,697,1702,1555,727,9.182209469153516,9.45337620578778,64,147
250214011001,781,742,2046,1880,717,5.256064690026954,8.829787234042554,39,166
250214011002,394,371,1186,1075,369,6.199460916442049,10.325581395348838,23,111
250214011003,537,516,1591,1486,510,4.069767441860465,7.065948855989233,21,105
250214012001,696,665,1707,1849,613,4.661654135338346,-7.679826933477556,31,-142
250214012002,473,476,1318,1308,465,-0.6302521008403361,0.764525993883792,-3,10
250214012003,788,822,2011,2108,697,-4.13625304136253,-4.601518026565465,-34,-97
250214012004,685,682,1861,1766,658,0.43988269794721413,5.379388448471121,3,95
250214021011,277,278,643,595,277,-0.3597122302158274,8.067226890756302,-1,48
250214021012,462,451,983,1031,440,2.4390243902439024,-4.655674102812803,11,-48
250214021013,285,271,636,648,267,5.166051660516605,-1.8518518518518516,14,-12
250214021014,558,560,1327,1360,535,-0.35714285714285715,-2.4264705882352944,-2,-33
250214021021,381,371,1011,930,365,2.6954177897574128,8.709677419354838,10,81
250214021022,566,548,1305,1215,537,3.2846715328467155,7.4074074074074066,18,90
250214021023,358,359,791,747,350,-0.2785515320334262,5.8902275769745644,-1,44
250214021024,498,491,1295,1171,475,1.4256619144602851,10.589239965841161,7,124
250214022001,353,338,871,855,335,4.437869822485207,1.8713450292397662,15,16
250214022002,530,523,1347,1314,521,1.338432122370937,2.5114155251141552,7,33
250214023001,324,323,851,823,316,0.30959752321981426,3.402187120291616,1,28
250214023002,530,520,1472,1437,525,1.9230769230769231,2.4356297842727903,10,35
250214023003,813,805,2197,2289,794,0.9937888198757764,-4.019222367846221,8,-92
250214024001,490,419,1018,828,472,16.94510739856802,22.946859903381643,71,190
250214024002,272,263,766,752,259,3.4220532319391634,1.8617021276595744,9,14
250214024003,354,358,916,912,350,-1.1173184357541899,0.43859649122807015,-4,4
250214024004,333,327,882,820,332,1.834862385321101,7.560975609756097,6,62
250214024005,250,251,684,671,237,-0.398406374501992,1.9374068554396422,-1,13
250214024006,963,974,2075,2067,907,-1.1293634496919918,0.3870343492985002,-11,8
250214025001,711,590,1452,1233,662,20.508474576271183,17.761557177615572,121,219
250214025002,1153,1171,2841,3031,981,-1.5371477369769428,-6.26855823160673,-18,-190
250214031001,251,250,836,765,241,0.4,9.281045751633988,1,71
250214031002,481,344,1345,1025,469,39.825581395348834,31.21951219512195,137,320
250214031003,270,243,847,725,249,11.11111111111111,16.82758620689655,27,122
250214031004,417,416,1247,1204,415,0.2403846153846154,3.571428571428571,1,43
250214031005,425,430,1086,1055,424,-1.1627906976744187,2.938388625592417,-5,31
250214031006,399,387,1244,1178,374,3.10077519379845,5.602716468590832,12,66
250214031007,293,292,994,889,289,0.3424657534246575,11.811023622047244,1,105
250214033001,433,418,1206,1184,416,3.588516746411483,1.8581081081081081,15,22
250214033002,366,359,1110,1001,360,1.9498607242339834,10.88911088911089,7,109
250214033003,690,677,2115,2037,668,1.9202363367799113,3.829160530191458,13,78
250214034001,459,440,1378,1264,455,4.318181818181818,9.018987341772151,19,114
250214034002,464,468,1349,1286,451,-0.8547008547008548,4.89891135303266,-4,63
250214034003,666,669,1451,1436,615,-0.4484304932735426,1.0445682451253482,-3,15
250214034004,259,256,772,716,249,1.171875,7.82122905027933,3,56
250214034005,735,760,2010,1786,703,-3.289473684210526,12.541993281075028,-25,224
250214035001,1431,998,2573,1648,1175,43.38677354709419,56.12864077669902,433,925
250214035002,720,553,1869,1520,689,30.198915009041592,22.960526315789473,167,349
250214035003,951,946,2687,2516,917,0.5285412262156448,6.796502384737679,5,171
250214041001,758,705,2267,1945,725,7.5177304964539005,16.555269922879177,53,322
250214041002,427,425,1209,1145,411,0.4705882352941176,5.5895196506550215,2,64
250214041003,311,312,980,935,306,-0.3205128205128205,4.81283422459893,-1,45
250214042011,347,351,1054,1037,336,-1.1396011396011396,1.639344262295082,-4,17
250214042012,337,336,1043,989,306,0.2976190476190476,5.460060667340748,1,54
250214042013,331,326,997,968,317,1.5337423312883436,2.9958677685950414,5,29
250214042014,314,237,851,664,299,32.48945147679325,28.162650602409638,77,187
250214042021,582,585,1555,1504,549,-0.5128205128205128,3.3909574468085104,-3,51
250214042022,354,450,943,1022,348,-21.333333333333336,-7.729941291585127,-96,-79
250214042023,280,352,2540,2460,265,-20.454545454545457,3.2520325203252036,-72,80
250214043011,469,469,1528,1406,452,0,8.677098150782362,0,122
250214043012,292,294,884,874,290,-0.6802721088435374,1.1441647597254003,-2,10
250214043013,431,432,1343,1295,405,-0.23148148148148145,3.7065637065637063,-1,48
250214043014,404,403,1188,1117,385,0.24813895781637718,6.356311548791406,1,71
250214043015,288,286,869,816,280,0.6993006993006993,6.495098039215687,2,53
250214043021,756,746,1943,1845,713,1.3404825737265416,5.311653116531166,10,98
250214043022,273,276,725,694,252,-1.0869565217391304,4.46685878962536,-3,31
250214043023,426,411,1158,990,401,3.64963503649635,16.969696969696972,15,168
250214044001,500,496,1110,1088,464,0.8064516129032258,2.0220588235294117,4,22
250214044002,233,234,744,671,204,-0.4273504273504274,10.879284649776453,-1,73
250214044003,253,267,760,796,242,-5.2434456928838955,-4.522613065326634,-14,-36
250214044004,492,454,933,851,455,8.370044052863436,9.63572267920094,38,82
250214044005,422,342,2927,2870,335,23.391812865497073,1.986062717770035,80,57
250214051001,287,290,791,741,265,-1.0344827586206897,6.747638326585695,-3,50
250214051002,778,750,2360,2231,757,3.733333333333334,5.782160466158674,28,129
250214051003,656,624,1863,1783,621,5.128205128205128,4.48681996634885,32,80
250214051004,324,305,910,834,306,6.229508196721312,9.112709832134293,19,76
250214061011,1082,1058,2796,2590,1062,2.2684310018903595,7.953667953667953,24,206
250214061012,401,388,1402,1281,386,3.350515463917526,9.44574551131928,13,121
250214061013,663,560,1883,1666,641,18.392857142857146,13.025210084033615,103,217
250214061021,723,718,2135,2040,706,0.6963788300835655,4.6568627450980395,5,95
250214061022,532,471,1277,1121,519,12.951167728237792,13.91614629794826,61,156
250214061023,357,355,1116,1138,352,0.5633802816901409,-1.9332161687170473,2,-22
250214061024,691,687,2190,2188,679,0.5822416302765648,0.09140767824497258,4,2
250214071001,507,452,1413,1224,493,12.168141592920353,15.441176470588236,55,189
250214071002,779,703,1754,1674,762,10.81081081081081,4.778972520908005,76,80
250214071003,836,839,1867,1894,797,-0.3575685339690107,-1.4255543822597676,-3,-27
250214071004,474,450,1265,1207,455,5.333333333333334,4.8053024026512015,24,58
250214071005,815,714,2161,1892,779,14.145658263305322,14.217758985200845,101,269
250214081011,767,734,2349,2326,758,4.4959128065395095,0.9888220120378332,33,23
250214081012,650,644,1596,1580,635,0.9316770186335404,1.0126582278481013,6,16
250214081013,1008,962,3034,3071,989,4.781704781704782,-1.2048192771084338,46,-37
250214081014,444,353,1204,985,429,25.77903682719547,22.233502538071065,91,219
250214081021,487,470,1138,1087,474,3.6170212765957444,4.6918123275068995,17,51
250214081022,646,643,1742,1777,631,0.46656298600311047,-1.9696117051209903,3,-35
250214081023,425,421,1036,984,402,0.9501187648456058,5.284552845528456,4,52
250214081024,400,386,1014,942,389,3.6269430051813467,7.643312101910828,14,72
250214091011,871,807,2590,2330,860,7.930607187112764,11.158798283261802,64,260
250214091012,349,330,942,923,330,5.757575757575758,2.058504875406284,19,19
250214091013,339,292,2354,2964,327,16.095890410958905,-20.58029689608637,47,-610
250214091021,1058,846,2715,2298,1024,25.059101654846334,18.14621409921671,212,417
250214091022,983,846,3062,2712,970,16.19385342789598,12.90560471976401,137,350
250214101001,337,332,913,933,326,1.5060240963855422,-2.1436227224008575,5,-20
250214101002,1472,1245,3066,2454,1378,18.23293172690763,24.938875305623473,227,612
250214101003,327,320,803,774,314,2.1875,3.7467700258397936,7,29
250214101004,673,670,2032,1981,660,0.44776119402985076,2.5744573447753663,3,51
250214103001,800,759,2032,1969,762,5.401844532279315,3.1995937023869985,41,63
250214103002,1226,956,2915,2454,1188,28.24267782426778,18.785656071719643,270,461
250214104001,407,408,1199,1221,393,-0.24509803921568626,-1.8018018018018018,-1,-22
250214104002,507,492,1437,1381,495,3.048780487804878,4.055032585083273,15,56
250214104003,322,257,916,750,316,25.291828793774318,22.133333333333333,65,166
250214104004,514,495,1025,1016,489,3.8383838383838382,0.8858267716535433,19,9
250214104005,1095,961,2280,1932,1052,13.943808532778357,18.012422360248447,134,348
250214111001,553,542,1574,1523,528,2.029520295202952,3.34865397242285,11,51
250214111002,939,636,2193,1579,877,47.64150943396226,38.88537048765041,303,614
250214111003,813,773,1810,1688,783,5.17464424320828,7.2274881516587675,40,122
250214111004,580,582,1475,1468,563,-0.3436426116838488,0.4768392370572207,-2,7
250214111005,575,555,2283,1714,562,3.6036036036036037,33.19719953325554,20,569
250214112001,690,532,1717,1431,666,29.69924812030075,19.986023759608663,158,286
250214112002,1119,996,2901,2662,1029,12.349397590361445,8.978211870773855,123,239
250214112003,642,563,1861,1533,624,14.031971580817052,21.395955642530986,79,328
250214112004,418,407,973,936,395,2.7027027027027026,3.9529914529914527,11,37
250214113011,1105,985,3497,3080,1086,12.18274111675127,13.53896103896104,120,417
250214113012,430,534,1246,1167,389,-19.475655430711612,6.76949443016281,-104,79
250214113013,549,550,1322,1280,533,-0.18181818181818182,3.28125,-1,42
250214113021,275,271,838,797,257,1.4760147601476015,5.144291091593475,4,41
250214113022,524,520,1479,2055,513,0.7692307692307693,-28.029197080291972,4,-576
250214113023,824,594,1206,1157,569,38.72053872053872,4.235090751944685,230,49
250214121001,823,786,1979,1830,797,4.707379134860051,8.14207650273224,37,149
250214121002,369,366,1076,1020,348,0.819672131147541,5.490196078431373,3,56
250214121003,784,765,2414,2314,761,2.4836601307189543,4.32152117545376,19,100
250214121004,383,382,1251,1170,383,0.2617801047120419,6.923076923076923,1,81
250214122001,674,666,1722,1636,637,1.2012012012012012,5.256723716381418,8,86
250214122002,645,828,2172,1936,590,-22.10144927536232,12.190082644628099,-183,236
250214123001,818,367,1853,1153,779,122.88828337874659,60.71118820468343,451,700
250214123002,346,340,1085,1016,331,1.7647058823529411,6.791338582677166,6,69
250214123003,262,261,825,736,247,0.38314176245210724,12.092391304347826,1,89
250214123004,695,670,1894,1807,645,3.731343283582089,4.814609850581074,25,87
250214131001,547,533,1477,1402,524,2.6266416510318953,5.349500713266762,14,75
250214131002,328,326,878,846,321,0.6134969325153374,3.7825059101654848,2,32
250214131003,442,437,1301,1222,434,1.1441647597254003,6.46481178396072,5,79
250214131004,913,611,1643,1159,856,49.42716857610475,41.76013805004314,302,484
250214131005,530,504,1194,1225,518,5.158730158730158,-2.5306122448979593,26,-31
250214132001,513,500,1264,1183,490,2.6,6.846999154691462,13,81
250214132002,983,637,2093,1542,897,54.3171114599686,35.73281452658885,346,551
250214132003,670,597,1419,1282,665,12.227805695142377,10.686427457098285,73,137
250214132004,1054,1053,2153,2072,1024,0.0949667616334283,3.909266409266409,1,81
250214133001,1128,1060,2716,2544,1087,6.415094339622642,6.761006289308176,68,172
250214133002,489,477,1249,1215,467,2.515723270440252,2.7983539094650207,12,34
250214133003,433,433,1118,1195,428,0,-6.443514644351464,0,-77
250214134011,544,508,940,900,518,7.086614173228346,4.444444444444445,36,40
250214134012,650,654,1429,1355,619,-0.6116207951070336,5.461254612546126,-4,74
250214134013,459,439,1185,912,431,4.555808656036446,29.93421052631579,20,273
250214134021,486,475,1435,1288,460,2.3157894736842106,11.41304347826087,11,147
250214134022,1023,972,2231,2004,962,5.246913580246913,11.327345309381236,51,227
250214134023,561,430,1235,952,519,30.465116279069765,29.72689075630252,131,283
250214135001,637,623,1650,1552,631,2.247191011235955,6.314432989690721,14,98
250214135002,587,559,1413,1241,568,5.008944543828265,13.859790491539082,28,172
250214135003,658,651,1589,1511,619,1.0752688172043012,5.162144275314361,7,78
250214141001,341,339,979,885,333,0.5899705014749262,10.621468926553671,2,94
250214141002,263,263,717,700,259,0,2.4285714285714284,0,17
250214141003,748,644,2245,2069,723,16.149068322981368,8.506524891251813,104,176
250214141004,793,868,1921,2039,722,-8.640552995391705,-5.787150564001962,-75,-118
250214142001,266,275,911,830,259,-3.272727272727273,9.759036144578314,-9,81
250214142002,906,891,2865,2738,891,1.6835016835016834,4.638422205989774,15,127
250214142003,441,431,1326,1229,436,2.320185614849188,7.892595606183889,10,97
250214142004,807,798,2447,2386,787,1.1278195488721803,2.556580050293378,9,61
250214143001,1129,1083,2787,2583,1091,4.247460757156047,7.897793263646922,46,204
250214143002,401,376,966,801,377,6.648936170212766,20.59925093632959,25,165
250214143003,486,488,1411,1352,470,-0.4098360655737705,4.363905325443787,-2,59
250214151011,648,615,1831,1691,625,5.365853658536586,8.279124778237728,33,140
250214151012,1145,1096,2943,2841,1106,4.47080291970803,3.5902851108764517,49,102
250214151021,769,765,1940,1862,746,0.522875816993464,4.189044038668099,4,78
250214151022,688,570,1302,1109,645,20.701754385964914,17.403065825067628,118,193
250214151023,1016,978,2487,2311,967,3.885480572597137,7.6157507572479455,38,176
250214151024,601,589,1370,1319,580,2.037351443123939,3.8665655799848366,12,51
250214151025,540,483,960,864,505,11.801242236024844,11.11111111111111,57,96
250214152001,1431,1170,3263,2765,1342,22.30769230769231,18.01084990958409,261,498
250214152002,1633,1129,4020,3085,1524,44.64127546501329,30.30794165316045,504,935
250214153001,943,859,2831,2467,911,9.778812572759023,14.754762869882448,84,364
250214153002,515,508,1425,1247,499,1.3779527559055118,14.274258219727345,7,178
250214161011,282,280,827,771,281,0.7142857142857143,7.263294422827498,2,56
250214161012,737,732,2162,1969,725,0.6830601092896175,9.801929913661757,5,193
250214161013,608,663,1965,1818,572,-8.295625942684765,8.085808580858085,-55,147
250214161014,554,527,1320,1166,518,5.1233396584440225,13.20754716981132,27,154
250214161021,744,707,3065,2879,703,5.233380480905233,6.460576589093435,37,186
250214161022,332,320,941,931,318,3.75,1.0741138560687433,12,10
250214162001,395,380,1132,1081,380,3.9473684210526314,4.717853839037928,15,51
250214162002,320,311,860,827,307,2.8938906752411575,3.990326481257558,9,33
250214162003,386,382,1111,1020,369,1.0471204188481675,8.92156862745098,4,91
250214162004,298,297,722,686,289,0.33670033670033667,5.247813411078718,1,36
250214162005,296,298,824,832,291,-0.6711409395973155,-0.9615384615384616,-2,-8
250214162006,292,292,953,866,283,0,10.046189376443419,0,87
250214162007,460,451,1312,1339,442,1.9955654101995564,-2.0164301717699775,9,-27
250214163001,563,535,1561,1461,539,5.233644859813085,6.844626967830253,28,100
250214163002,319,309,890,803,311,3.2362459546925564,10.834371108343712,10,87
250214163003,305,298,862,862,293,2.348993288590604,0,7,0
250214163004,313,316,905,843,310,-0.949367088607595,7.354685646500593,-3,62
250214163005,393,366,787,780,380,7.377049180327869,0.8974358974358974,27,7
250214164001,302,302,798,789,298,0,1.1406844106463878,0,9
250214164002,263,267,671,664,255,-1.4981273408239701,1.0542168674698795,-4,7
250214164003,298,295,877,811,287,1.0169491525423728,8.138101109741061,3,66
250214164004,283,281,887,797,270,0.7117437722419928,11.292346298619824,2,90
250214164005,346,348,1071,1028,343,-0.5747126436781609,4.182879377431906,-2,43
250214164006,359,357,1007,978,343,0.5602240896358543,2.965235173824131,2,29
250214164007,395,386,1122,1002,376,2.33160621761658,11.976047904191617,9,120
250214171001,304,299,776,770,284,1.6722408026755853,0.7792207792207793,5,6
250214171002,360,364,860,793,332,-1.098901098901099,8.448928121059268,-4,67
250214171003,328,325,957,858,319,0.9230769230769231,11.538461538461538,3,99
250214171004,386,385,1046,1015,368,0.2597402597402597,3.054187192118227,1,31
250214171005,332,331,848,828,323,0.3021148036253776,2.4154589371980677,1,20
250214172001,1295,1256,2798,2743,1233,3.105095541401274,2.005103900838498,39,55
250214172002,448,294,1002,725,439,52.38095238095239,38.20689655172414,154,277
250214172003,302,302,891,961,294,0,-7.284079084287201,0,-70
250214172004,361,363,944,993,350,-0.5509641873278237,-4.934541792547835,-2,-49
250214172005,392,390,1069,1029,389,0.5128205128205128,3.8872691933916426,2,40
250214172006,475,475,1158,1055,462,0,9.76303317535545,0,103
250214172007,245,245,655,676,223,0,-3.106508875739645,0,-21
250214173001,1708,1180,2656,1781,1558,44.74576271186441,49.12970241437395,528,875
250214173002,650,630,1003,900,580,3.1746031746031744,11.444444444444445,20,103
250214174001,491,485,1209,1125,479,1.2371134020618557,7.466666666666668,6,84
250214174002,364,364,808,817,345,0,-1.101591187270502,0,-9
250214174003,271,265,639,624,262,2.2641509433962264,2.403846153846154,6,15
250214175011,345,340,797,793,333,1.4705882352941175,0.5044136191677175,5,4
250214175012,555,548,1424,1357,537,1.2773722627737227,4.937361827560796,7,67
250214175013,685,674,1502,1392,661,1.6320474777448073,7.902298850574713,11,110
250214175014,521,519,1568,1462,508,0.3853564547206166,7.250341997264022,2,106
250214175021,514,523,1106,1064,495,-1.7208413001912046,3.9473684210526314,-9,42
250214175022,437,432,1059,1121,426,1.1574074074074074,-5.530776092774309,5,-62
250214175023,347,337,917,887,337,2.967359050445104,3.3821871476888385,10,30
250214175024,744,723,1634,1567,700,2.904564315352697,4.2756860242501595,21,67
250214176011,345,343,773,763,337,0.5830903790087464,1.310615989515072,2,10
250214176012,565,556,1884,1849,533,1.618705035971223,1.8929150892374256,9,35
250214176013,533,559,1233,1239,519,-4.651162790697675,-0.48426150121065376,-26,-6
250214176014,636,644,1360,1345,587,-1.2422360248447204,1.1152416356877324,-8,15
250214176021,588,585,1358,1328,559,0.5128205128205128,2.2590361445783134,3,30
250214176022,704,694,1884,1673,694,1.440922190201729,12.61207411835027,10,211
250214176023,1112,1101,2159,2154,1071,0.9990917347865577,0.2321262766945218,11,5
250214177011,1060,887,1931,1556,1013,19.503945885005635,24.10025706940874,173,375
250214177012,580,434,730,869,484,33.6405529953917,-15.995397008055237,146,-139
250214177013,862,835,1758,1541,805,3.2335329341317367,14.081765087605453,27,217
250214177014,1333,827,2340,1451,1235,61.18500604594922,61.268090971743625,506,889
250214177021,278,277,734,720,263,0.36101083032490977,1.9444444444444444,1,14
250214177022,445,438,1054,1050,427,1.5981735159817352,0.38095238095238093,7,4
250214177023,395,394,1038,995,390,0.25380710659898476,4.321608040201005,1,43
250214178011,496,478,1069,1089,469,3.765690376569038,-1.8365472910927456,18,-20
250214178012,366,356,854,842,352,2.8089887640449436,1.4251781472684086,10,12
250214178013,506,497,1293,1228,490,1.8108651911468814,5.293159609120521,9,65
250214178014,301,293,718,708,284,2.7303754266211606,1.4124293785310735,8,10
250214178015,764,751,1584,1576,724,1.7310252996005324,0.5076142131979695,13,8
250214178021,668,659,1727,1707,638,1.3657056145675266,1.1716461628588166,9,20
250214178022,662,658,1490,1443,658,0.60790273556231,3.2571032571032568,4,47
250214179011,1155,764,2217,1489,1091,51.178010471204196,48.89187374076561,391,728
250214179012,1490,674,2277,1189,1433,121.06824925816025,91.50546677880573,816,1088
250214179013,1045,1100,1738,1783,1020,-5,-2.523836231071228,-55,-45
250214179014,409,408,748,746,402,0.24509803921568626,0.2680965147453083,1,2
250214179015,422,385,1147,841,371,9.61038961038961,36.385255648038054,37,306
250214179021,562,530,1344,1299,520,6.037735849056604,3.4642032332563506,32,45
250214179022,632,630,1432,1315,578,0.31746031746031744,8.897338403041825,2,117
250214179023,424,404,1010,928,420,4.9504950495049505,8.836206896551724,20,82
250214180021,931,901,2026,1848,897,3.3296337402885685,9.632034632034632,30,178
250214180022,320,326,761,811,283,-1.8404907975460123,-6.165228113440198,-6,-50
250214180023,498,474,1150,964,467,5.063291139240507,19.294605809128633,24,186
250214180024,495,500,1091,1095,471,-1,-0.365296803652968,-5,-4
250214180025,1152,1119,2416,2302,1118,2.949061662198391,4.952215464813206,33,114
250214180031,1961,1350,3581,2481,1803,45.25925925925926,44.33696090286175,611,1100
250214180041,770,708,1660,1462,725,8.757062146892656,13.543091655266759,62,198
250214180042,535,356,1214,851,493,50.28089887640449,42.65569917743831,179,363
250214180043,985,923,2169,1967,937,6.717226435536294,10.269445856634468,62,202
250214181011,660,619,1619,1471,638,6.623586429725363,10.061182868796736,41,148
250214181012,1401,1392,2604,2575,1319,0.646551724137931,1.1262135922330097,9,29
250214181013,447,439,832,791,425,1.8223234624145785,5.183312262958281,8,41
250214181021,422,420,1025,959,402,0.4761904761904762,6.882168925964546,2,66
250214181022,1252,1256,2525,2418,1196,-0.3184713375796179,4.425144747725393,-4,107
250214182001,642,621,1543,1512,630,3.3816425120772946,2.0502645502645502,21,31
250214182002,947,899,2004,1754,914,5.3392658509454956,14.253135689851767,48,250
250214182003,404,379,863,773,404,6.596306068601583,11.642949547218628,25,90
250214182004,992,946,2344,2185,979,4.862579281183932,7.276887871853546,46,159
250214191001,811,785,2249,1957,790,3.3121019108280256,14.92079713847726,26,292
250214191002,597,580,1671,1516,569,2.9310344827586206,10.224274406332453,17,155
250214191003,623,603,1704,1515,601,3.316749585406302,12.475247524752476,20,189
250214191004,281,278,705,703,263,1.079136690647482,0.2844950213371266,3,2
250214192001,879,866,2244,2286,862,1.5011547344110854,-1.837270341207349,13,-42
250214192002,425,343,882,693,392,23.9067055393586,27.27272727272727,82,189
250214192003,306,330,790,800,295,-7.2727272727272725,-1.25,-24,-10
250214192004,378,375,1259,1223,367,0.8,2.9435813573180702,3,36
250214193001,528,516,1290,1249,511,2.3255813953488373,3.2826261008807047,12,41
250214193002,286,279,790,708,276,2.5089605734767026,11.581920903954803,7,82
250214193003,407,408,892,916,390,-0.24509803921568626,-2.6200873362445414,-1,-24
250214193004,360,355,1029,990,356,1.4084507042253522,3.939393939393939,5,39
250214194001,317,319,798,846,303,-0.6269592476489028,-5.673758865248227,-2,-48
250214194002,393,393,1064,1021,375,0,4.211557296767874,0,43
250214194003,578,576,1348,1299,565,0.3472222222222222,3.7721324095458044,2,49
250214195001,452,290,1180,932,427,55.86206896551724,26.609442060085836,162,248
250214195002,826,792,2300,2145,807,4.292929292929292,7.226107226107226,34,155
250214196001,836,800,1642,1374,766,4.5,19.50509461426492,36,268
250214196002,460,446,1233,1068,455,3.1390134529147984,15.44943820224719,14,165
250214196003,932,922,2344,2220,915,1.0845986984815619,5.585585585585585,10,124
250214196004,773,768,2335,2104,753,0.6510416666666667,10.979087452471482,5,231
250214197001,800,486,1983,1340,769,64.60905349794238,47.98507462686567,314,643
250214197002,1007,995,2691,2481,957,1.2060301507537687,8.464328899637243,12,210
250214198001,680,726,1787,1643,652,-6.336088154269973,8.764455264759587,-46,144
250214198002,505,467,1305,1183,479,8.137044967880087,10.312764158918004,38,122
250214198003,637,604,1624,1532,615,5.4635761589403975,6.005221932114883,33,92
250214201001,555,315,1398,868,544,76.19047619047619,61.05990783410138,240,530
250214201002,340,336,1119,987,309,1.1904761904761905,13.37386018237082,4,132
250214201003,316,310,973,946,314,1.935483870967742,2.854122621564482,6,27
250214201004,1054,1016,2744,2539,1043,3.740157480314961,8.074044899566758,38,205
250214201005,914,918,2586,2464,874,-0.4357298474945534,4.951298701298701,-4,122
250214202011,309,295,863,877,304,4.745762711864407,-1.596351197263398,14,-14
250214202012,939,924,2713,2628,908,1.6233766233766231,3.2343987823439875,15,85
250214202021,407,396,1202,1096,387,2.7777777777777777,9.67153284671533,11,106
250214202022,652,648,1852,1747,637,0.6172839506172839,6.010303377218088,4,105
250214202023,1835,1386,4349,3460,1748,32.39538239538239,25.69364161849711,449,889
250214203011,357,356,928,901,340,0.2808988764044944,2.9966703662597114,1,27
250214203012,566,546,1724,1490,560,3.6630036630036633,15.704697986577182,20,234
250214203013,1123,1084,2791,2575,1071,3.5977859778597785,8.388349514563107,39,216
250214203014,622,595,1852,1831,606,4.53781512605042,1.1469142545057347,27,21
250214203021,554,548,1637,1677,531,1.094890510948905,-2.385211687537269,6,-40
250214203022,397,385,1116,1017,386,3.116883116883117,9.734513274336283,12,99
250214203023,373,363,1083,1075,360,2.7548209366391188,0.7441860465116279,10,8
250214203024,805,805,2399,2382,765,0,0.7136859781696054,0,17
250214203025,785,782,1655,1552,780,0.3836317135549872,6.63659793814433,3,103
250214211001,771,736,1720,1635,745,4.755434782608696,5.198776758409786,35,85
250214211002,264,259,746,670,249,1.9305019305019304,11.343283582089553,5,76
250214211003,839,828,2188,2036,815,1.328502415458937,7.465618860510806,11,152
250214211004,284,280,756,779,279,1.4285714285714286,-2.952503209242619,4,-23
250214212001,437,420,1096,999,412,4.0476190476190474,9.70970970970971,17,97
250214212002,443,440,1200,1159,410,0.6818181818181818,3.537532355478861,3,41
250214212003,491,464,1340,1232,480,5.818965517241379,8.766233766233766,27,108
250214212004,543,520,1494,1457,530,4.423076923076923,2.539464653397392,23,37
250214212005,344,327,864,824,336,5.198776758409786,4.854368932038835,17,40
250214221001,415,400,1158,1110,398,3.75,4.324324324324325,15,48
250214221002,519,514,1315,1279,514,0.9727626459143969,2.8146989835809224,5,36
250214221003,685,668,1853,1919,670,2.5449101796407185,-3.4392912975508074,17,-66
250214221004,439,441,1028,985,430,-0.45351473922902497,4.365482233502538,-2,43
250214222001,1348,56,2280,26,1195,2307.1428571428573,8669.23076923077,1292,2254
250214222002,547,512,1400,1417,537,6.8359375,-1.1997177134791814,35,-17
250214222003,418,414,1177,1078,410,0.966183574879227,9.183673469387756,4,99
250214222004,312,333,800,886,306,-6.306306306306306,-9.706546275395034,-21,-86
250214222005,1115,1114,1975,1863,1076,0.08976660682226212,6.011808910359635,1,112
250214222006,689,676,1624,1545,647,1.9230769230769231,5.11326860841424,13,79
250214223011,449,461,1205,1226,440,-2.6030368763557483,-1.7128874388254487,-12,-21
250214223012,693,643,1853,1749,681,7.776049766718507,5.946255002858777,50,104
250214223021,465,466,1242,1290,458,-0.2145922746781116,-3.7209302325581395,-1,-48
250214223022,822,604,1320,936,800,36.092715231788084,41.02564102564102,218,384
250214223023,1096,1052,1926,1763,1038,4.182509505703422,9.245604083947816,44,163
250214223024,694,693,1764,1720,662,0.1443001443001443,2.558139534883721,1,44
250214223025,361,361,928,881,359,0,5.334846765039727,0,47
250214224001,517,497,978,1006,500,4.0241448692152915,-2.783300198807157,20,-28
250214224002,594,532,1246,1276,533,11.654135338345863,-2.3510971786833856,62,-30
250214224003,732,721,1870,1834,709,1.5256588072122053,1.9629225736095965,11,36
250214224004,371,366,794,709,368,1.366120218579235,11.988716502115656,5,85
250214224005,1421,1379,2945,2960,1366,3.0456852791878175,-0.5067567567567568,42,-15
250214225011,609,603,1251,1207,590,0.9950248756218906,3.645401822700911,6,44
250214225012,977,964,2061,2105,919,1.3485477178423237,-2.0902612826603324,13,-44
250214225013,268,265,738,698,260,1.1320754716981132,5.730659025787966,3,40
250214225014,331,329,798,748,322,0.60790273556231,6.684491978609626,2,50
250214225021,473,459,1146,1078,455,3.0501089324618738,6.307977736549166,14,68
250214225022,640,609,1353,1145,606,5.0903119868637114,18.16593886462882,31,208
250214225023,838,798,1880,1722,801,5.012531328320802,9.175377468060395,40,158
250214225024,515,516,1211,1220,501,-0.1937984496124031,-0.7377049180327869,-1,-9
250214226001,359,363,871,917,348,-1.1019283746556474,-5.0163576881134135,-4,-46
250214226002,366,364,893,895,358,0.5494505494505495,-0.22346368715083798,2,-2
250214226003,485,479,1377,1324,474,1.2526096033402923,4.003021148036254,6,53
250214226004,411,412,1121,1104,403,-0.24271844660194172,1.5398550724637683,-1,17
250214226005,370,367,982,967,369,0.8174386920980926,1.5511892450879008,3,15
250214226006,238,237,620,593,228,0.42194092827004215,4.5531197301854975,1,27
250214226007,351,349,913,868,343,0.5730659025787965,5.184331797235023,2,45
250214227001,614,618,1472,1507,596,-0.6472491909385114,-2.3224950232249504,-4,-35
250214227002,376,374,934,931,373,0.53475935828877,0.322234156820623,2,3
250214227003,348,350,760,790,333,-0.5714285714285714,-3.79746835443038,-2,-30
250214227004,251,249,639,614,236,0.8032128514056224,4.071661237785016,2,25
250214228001,859,836,1391,1451,811,2.751196172248804,-4.135079255685734,23,-60
250214228002,377,374,853,888,355,0.8021390374331552,-3.9414414414414414,3,-35
250214228003,343,341,794,769,319,0.5865102639296188,3.2509752925877766,2,25
250214228004,323,321,718,744,311,0.6230529595015576,-3.494623655913978,2,-26
250214231001,558,550,1291,1313,493,1.4545454545454546,-1.6755521706016754,8,-22
250214231002,636,581,1728,1462,617,9.46643717728055,18.194254445964432,55,266
250214231003,312,278,830,672,301,12.23021582733813,23.511904761904763,34,158
250214231004,721,693,1873,1806,652,4.040404040404041,3.709856035437431,28,67
250214231005,626,417,1327,1039,561,50.11990407673861,27.718960538979786,209,288
250214231006,489,461,1331,1250,473,6.073752711496746,6.4799999999999995,28,81
250214401001,1027,564,1720,1004,942,82.09219858156028,71.31474103585657,463,716
250214401002,1129,929,2561,2287,1092,21.52852529601722,11.980760822037603,200,274
250214401003,514,488,1200,1219,501,5.327868852459016,-1.5586546349466777,26,-19
250214401004,724,646,2137,1870,702,12.074303405572756,14.278074866310162,78,267
250214401005,999,855,2327,1884,950,16.842105263157894,23.51380042462845,144,443
250214412021,980,879,3021,2726,958,11.490329920364049,10.821716801173881,101,295
250214412031,1027,978,2622,2552,995,5.010224948875256,2.74294670846395,49,70
250214412032,781,433,1490,1178,616,80.36951501154735,26.485568760611205,348,312
250214412041,863,643,2626,2101,839,34.21461897356143,24.98810090433127,220,525
250214412042,968,936,2420,2398,906,3.418803418803419,0.9174311926605505,32,22
250214421011,388,311,1072,972,310,24.758842443729904,10.2880658436214,77,100
250214421012,766,706,2127,2114,762,8.498583569405099,0.6149479659413435,60,13
250214421013,371,355,1664,1524,352,4.507042253521127,9.186351706036746,16,140
250214421014,445,431,933,962,427,3.248259860788863,-3.0145530145530146,14,-29
250214421021,835,828,1769,1772,805,0.8454106280193237,-0.16930022573363432,7,-3
250214421022,862,640,1888,1510,796,34.6875,25.03311258278146,222,378
250214421023,833,820,2575,2663,823,1.5853658536585367,-3.304543747653023,13,-88
250214421024,456,361,1226,1126,428,26.31578947368421,8.880994671403197,95,100
250214421031,1019,922,3111,2999,992,10.52060737527115,3.7345781927309107,97,112
250214421032,772,762,2494,2557,764,1.3123359580052494,-2.4638247946812672,10,-63
250214421033,503,494,1403,1390,503,1.8218623481781375,0.935251798561151,9,13
250214422011,755,721,1906,1742,732,4.715672676837725,9.414466130884042,34,164
250214422012,837,735,2456,2424,827,13.877551020408163,1.3201320132013201,102,32
250214422021,1646,1348,3735,3101,1562,22.106824925816024,20.445017736214126,298,634
250214422022,781,770,1378,1467,691,1.4285714285714286,-6.0668029993183366,11,-89
250214422023,475,460,1201,1193,465,3.260869565217391,0.6705783738474435,15,8
250214422024,811,730,2321,2119,783,11.095890410958905,9.532798489853704,81,202
250214431011,706,651,1874,1767,690,8.448540706605224,6.055461233729485,55,107
250214431012,911,899,1960,2076,877,1.3348164627363739,-5.5876685934489405,12,-116
250214431013,643,645,1707,1774,613,-0.31007751937984496,-3.7767756482525368,-2,-67
250214431014,900,818,2080,2021,862,10.024449877750612,2.9193468579910937,82,59
250214431021,956,816,2286,1979,924,17.15686274509804,15.51288529560384,140,307
250214431022,1123,1039,3165,2866,1092,8.084696823869104,10.432658757850662,84,299
250214431023,553,537,1433,1486,544,2.97951582867784,-3.566621803499327,16,-53
250214431024,537,537,1417,1360,520,0,4.191176470588235,0,57
250214431025,421,423,1023,1003,390,-0.4728132387706856,1.9940179461615155,-2,20
250214561011,767,720,2299,2086,743,6.527777777777779,10.210930009587727,47,213
250214561012,633,552,1816,1690,619,14.673913043478262,7.455621301775148,81,126
250214561021,837,781,1837,1679,813,7.170294494238156,9.410363311494937,56,158
250214561022,799,821,2226,2207,731,-2.679658952496955,0.8608971454463071,-22,19
250214561023,458,458,1081,1059,430,0,2.0774315391879132,0,22
250214562001,715,469,1654,1126,695,52.45202558635395,46.89165186500888,246,528
250214562002,861,697,2386,2020,838,23.52941176470588,18.11881188118812,164,366
250214563011,517,459,1242,952,481,12.636165577342048,30.462184873949578,58,290
250214563012,333,326,798,801,318,2.147239263803681,-0.37453183520599254,7,-3
250214563021,1238,1218,2096,2004,1155,1.6420361247947455,4.590818363273453,20,92
250214563022,474,473,1196,1153,458,0.21141649048625794,3.7294015611448397,1,43
250214563023,311,308,741,813,301,0.974025974025974,-8.856088560885608,3,-72
250214563024,730,523,1505,1030,678,39.5793499043977,46.116504854368934,207,475
250214564011,443,437,1089,1073,418,1.3729977116704806,1.4911463187325256,6,16
250214564012,654,635,1772,1692,632,2.9921259842519685,4.7281323877068555,19,80
250214564021,320,312,930,981,307,2.564102564102564,-5.198776758409786,8,-51
250214564022,484,465,1381,1331,479,4.086021505376344,3.7565740045078884,19,50
250214564023,832,801,2383,2387,806,3.870162297128589,-0.1675743611227482,31,-4
250214564024,329,332,846,878,329,-0.9036144578313252,-3.644646924829157,-3,-32
250214571001,393,361,1055,967,386,8.86426592797784,9.100310237849017,32,88
250214571002,464,444,1267,1136,442,4.504504504504505,11.53169014084507,20,131
250214571003,523,512,1197,1137,492,2.1484375,5.277044854881266,11,60
250214571004,453,452,1258,1116,431,0.22123893805309736,12.724014336917563,1,142
250214572001,362,416,942,1021,347,-12.980769230769232,-7.737512242899118,-54,-79
250214572002,337,334,1050,945,334,0.8982035928143712,11.11111111111111,3,105
250214572003,765,752,1807,1595,740,1.7287234042553192,13.291536050156742,13,212
250214572004,470,469,1428,1382,462,0.21321961620469082,3.3285094066570187,1,46
250214572005,245,245,742,708,239,0,4.80225988700565,0,34
250235001011,858,836,1502,1502,658,2.631578947368421,0,22,0
250235001012,463,452,775,819,364,2.433628318584071,-5.372405372405373,11,-44
250235001013,738,726,1341,1381,579,1.6528925619834711,-2.896451846488052,12,-40
250235001031,1437,1433,2231,2209,1225,0.2791346824842987,0.9959257582616569,4,22
250235001041,626,626,1170,1207,487,0,-3.065451532725766,0,-37
250235001042,499,488,929,919,428,2.2540983606557377,1.088139281828074,11,10
250235001043,482,470,775,792,380,2.553191489361702,-2.146464646464646,12,-17
250235001044,752,731,1350,1464,622,2.8727770177838576,-7.786885245901639,21,-114
250235011011,494,483,1293,1218,475,2.2774327122153206,6.157635467980295,11,75
250235011012,499,491,1414,1317,458,1.6293279022403258,7.365223993925589,8,97
250235011013,332,327,808,767,322,1.529051987767584,5.345501955671447,5,41
250235011021,363,365,1039,1040,359,-0.547945205479452,-0.09615384615384616,-2,-1
250235011022,1035,885,2627,2378,977,16.94915254237288,10.47098402018503,150,249
250235011023,738,738,2096,1974,699,0,6.180344478216818,0,122
250235011024,1812,1280,3425,2665,1513,41.5625,28.517823639774857,532,760
250235012011,459,450,1365,1262,446,2,8.161648177496037,9,103
250235012012,878,863,2516,2405,835,1.738122827346466,4.615384615384616,15,111
250235012021,336,342,1057,1032,321,-1.7543859649122806,2.422480620155039,-6,25
250235012022,521,520,1655,1591,495,0.19230769230769232,4.022627278441232,1,64
250235012023,2462,2209,4968,4508,2252,11.453146220009055,10.204081632653061,253,460
250235021011,686,620,1817,1689,667,10.64516129032258,7.578448786264061,66,128
250235021012,643,642,1450,1501,603,0.1557632398753894,-3.397734843437708,1,-51
250235021013,466,469,1313,1361,446,-0.6396588486140725,-3.526818515797208,-3,-48
250235021014,710,705,1617,1500,693,0.7092198581560284,7.8,5,117
250235021021,661,658,1693,1713,636,0.4559270516717325,-1.1675423234092235,3,-20
250235021022,727,676,2065,1905,716,7.544378698224852,8.398950131233596,51,160
250235021023,826,820,1886,1982,811,0.7317073170731708,-4.843592330978809,6,-96
250235022001,504,505,1230,1252,495,-0.19801980198019803,-1.7571884984025559,-1,-22
250235022002,628,576,1575,1501,594,9.027777777777777,4.930046635576282,52,74
250235022003,997,964,2076,2054,956,3.423236514522822,1.071080817916261,33,22
250235022004,416,416,1080,1031,404,0,4.75266731328807,0,49
250235031011,825,734,2218,2030,804,12.397820163487738,9.261083743842365,91,188
250235031012,1107,1084,3474,3424,1081,2.121771217712177,1.4602803738317758,23,50
250235031013,591,594,1711,1722,576,-0.5050505050505051,-0.6387921022067364,-3,-11
250235031021,513,408,1405,1227,479,25.735294117647058,14.506927465362674,105,178
250235031022,559,538,1624,1555,543,3.903345724907063,4.437299035369775,21,69
250235031023,307,293,960,839,298,4.778156996587031,14.421930870083433,14,121
250235031024,341,317,1034,936,328,7.570977917981073,10.47008547008547,24,98
250235031025,496,406,1263,1111,489,22.167487684729064,13.681368136813681,90,152
250235031026,528,478,1142,1035,503,10.460251046025103,10.33816425120773,50,107
250235041011,839,809,2538,2416,823,3.7082818294190356,5.049668874172186,30,122
250235041012,596,662,1650,1658,578,-9.969788519637463,-0.48250904704463204,-66,-8
250235041013,457,424,1430,1296,438,7.783018867924528,10.339506172839506,33,134
250235041021,536,515,1605,1528,516,4.077669902912621,5.039267015706806,21,77
250235041022,350,343,1031,965,332,2.0408163265306123,6.839378238341968,7,66
250235041023,631,542,1949,1552,611,16.420664206642066,25.579896907216494,89,397
250235041024,397,380,1148,1091,388,4.473684210526316,5.224564619615032,17,57
250235051011,746,729,1427,1338,553,2.3319615912208507,6.651718983557549,17,89
250235051012,486,480,1206,1175,458,1.25,2.6382978723404253,6,31
250235051013,405,395,1204,1143,404,2.5316455696202533,5.336832895888014,10,61
250235051014,494,489,1060,1092,395,1.0224948875255624,-2.93040293040293,5,-32
250235051015,851,839,1763,1720,689,1.430274135876043,2.5,12,43
250235051021,453,441,1268,1208,453,2.7210884353741496,4.966887417218543,12,60
250235051022,664,646,1733,1551,641,2.786377708978328,11.734364925854287,18,182
250235051023,536,473,1467,1380,524,13.31923890063425,6.304347826086956,63,87
250235051024,291,280,849,852,282,3.9285714285714284,-0.35211267605633806,11,-3
250235052001,564,616,502,477,241,-8.441558441558442,5.2410901467505235,-52,25
250235052002,798,785,2061,2016,739,1.6560509554140128,2.232142857142857,13,45
250235052003,1293,1199,3167,2939,1240,7.839866555462886,7.757740728138823,94,228
250235052004,683,663,1355,1242,589,3.0165912518853695,9.098228663446054,20,113
250235061011,601,578,1516,1459,566,3.9792387543252596,3.906785469499657,23,57
250235061012,981,934,2626,2480,923,5.032119914346895,5.887096774193548,47,146
250235061013,464,438,1123,1055,425,5.93607305936073,6.4454976303317535,26,68
250235061014,620,612,1666,1537,586,1.3071895424836601,8.392973324658426,8,129
250235061021,355,326,975,897,337,8.895705521472392,8.695652173913043,29,78
250235061022,438,422,1255,1256,428,3.7914691943127963,-0.07961783439490447,16,-1
250235061023,523,524,1476,1448,506,-0.19083969465648853,1.9337016574585635,-1,28
250235061024,1100,742,1966,1638,946,48.24797843665768,20.024420024420024,358,328
250235061025,255,254,651,660,242,0.39370078740157477,-1.3636363636363635,1,-9
250235062021,630,523,1274,1181,588,20.45889101338432,7.8746824724809485,107,93
250235062022,434,436,1295,1331,430,-0.45871559633027525,-2.70473328324568,-2,-36
250235062031,910,904,2091,2036,888,0.6637168141592921,2.701375245579568,6,55
250235062032,488,481,1369,1385,457,1.4553014553014554,-1.1552346570397112,7,-16
250235062033,887,886,1796,1799,734,0.1128668171557562,-0.16675931072818231,1,-3
250235062041,1120,1104,1831,1971,779,1.4492753623188406,-7.102993404363267,16,-140
250235062042,928,1038,1564,1786,707,-10.597302504816955,-12.430011198208286,-110,-222
250235062043,843,738,1349,1213,635,14.227642276422763,11.211871393239901,105,136
250235071011,855,806,2403,2284,819,6.0794044665012406,5.21015761821366,49,119
250235071012,573,568,1399,1392,544,0.8802816901408451,0.5028735632183908,5,7
250235071013,604,568,1794,1647,594,6.338028169014084,8.925318761384334,36,147
250235071031,487,489,1230,1241,463,-0.408997955010225,-0.8863819500402902,-2,-11
250235071032,410,393,1151,1121,385,4.325699745547073,2.6761819803746656,17,30
250235071033,424,422,1071,991,380,0.47393364928909953,8.072653884964682,2,80
250235071034,463,460,1079,998,385,0.6521739130434783,8.11623246492986,3,81
250235071041,801,777,2399,2284,778,3.088803088803089,5.035026269702277,24,115
250235071042,1155,880,2535,2111,1100,31.25,20.08526764566556,275,424
250235071043,506,512,1032,990,370,-1.171875,4.242424242424243,-6,42
250235081011,650,634,1743,1729,606,2.5236593059936907,0.8097165991902834,16,14
250235081012,382,325,1078,954,378,17.53846153846154,12.997903563941298,57,124
250235081013,384,338,867,830,365,13.609467455621301,4.457831325301205,46,37
250235081014,931,787,2247,2124,832,18.297331639135958,5.790960451977401,144,123
250235081015,440,393,1143,1071,426,11.959287531806616,6.722689075630252,47,72
250235081021,721,707,1896,1921,693,1.9801980198019802,-1.3014055179593962,14,-25
250235081022,810,801,2004,2058,760,1.1235955056179776,-2.623906705539359,9,-54
250235081023,469,477,1078,1119,449,-1.6771488469601679,-3.6639857015192137,-8,-41
250235082001,455,436,1386,1381,453,4.3577981651376145,0.3620564808110065,19,5
250235082002,1057,1006,2754,2705,1037,5.069582504970179,1.8114602587800372,51,49
250235082003,707,648,2159,1945,683,9.104938271604938,11.002570694087403,59,214
250235091011,962,795,2653,2349,899,21.0062893081761,12.941677309493402,167,304
250235091012,724,635,2105,1776,703,14.015748031496065,18.524774774774773,89,329
250235091013,513,509,1472,1518,464,0.7858546168958742,-3.0303030303030303,4,-46
250235091014,525,525,1355,1304,515,0,3.9110429447852764,0,51
250235091021,761,743,1756,1640,738,2.4226110363391657,7.073170731707316,18,116
250235091022,440,371,1211,975,430,18.598382749326145,24.205128205128204,69,236
250235091023,291,280,681,695,264,3.9285714285714284,-2.014388489208633,11,-14
250235091024,807,808,1723,1632,706,-0.12376237623762376,5.575980392156863,-1,91
250235091025,341,344,754,740,330,-0.872093023255814,1.891891891891892,-3,14
250235101001,529,545,1513,1460,520,-2.9357798165137616,3.6301369863013697,-16,53
250235101002,419,414,1167,1172,402,1.2077294685990339,-0.42662116040955633,5,-5
250235101003,292,290,841,792,289,0.6896551724137931,6.186868686868687,2,49
250235101004,498,478,1403,1352,476,4.184100418410042,3.772189349112426,20,51
250235102001,736,623,2186,1706,718,18.138041733547354,28.13599062133646,113,480
250235102002,425,421,1301,1213,413,0.9501187648456058,7.254740313272877,4,88
250235102003,247,248,711,682,237,-0.4032258064516129,4.252199413489736,-1,29
250235102004,983,937,2801,2363,930,4.909284951974386,18.535759627592043,46,438
250235103001,656,619,2006,1636,616,5.977382875605816,22.6161369193154,37,370
250235103002,221,214,746,550,209,3.2710280373831773,35.63636363636364,7,196
250235103003,706,682,1738,1612,668,3.519061583577713,7.816377171215881,24,126
250235104001,306,301,1044,880,300,1.6611295681063125,18.636363636363637,5,164
250235104002,258,240,766,721,237,7.5,6.2413314840499305,18,45
250235104003,482,427,1579,1269,449,12.88056206088993,24.42868400315209,55,310
250235104004,305,292,943,836,297,4.4520547945205475,12.799043062200957,13,107
250235105011,247,242,766,683,227,2.066115702479339,12.152269399707174,5,83
250235105012,1118,1010,2823,2675,1044,10.693069306930694,5.5327102803738315,108,148
250235105021,398,345,1113,1022,392,15.36231884057971,8.904109589041095,53,91
250235105022,742,657,1563,1311,722,12.93759512937595,19.221967963386728,85,252
250235105023,642,601,1463,1279,629,6.821963394342761,14.386239249413604,41,184
250235105024,264,268,533,525,264,-1.4925373134328357,1.5238095238095237,-4,8
250235105025,1251,940,2237,1659,1193,33.08510638297872,34.84026522001206,311,578
250235105031,922,884,2151,1930,921,4.298642533936651,11.450777202072539,38,221
250235105032,302,410,1029,1011,296,-26.34146341463415,1.7804154302670623,-108,18
250235105033,466,468,1391,1355,442,-0.4273504273504274,2.6568265682656826,-2,36
250235106001,303,304,841,784,283,-0.3289473684210526,7.270408163265306,-1,57
250235106002,397,358,1224,1039,386,10.893854748603351,17.805582290664102,39,185
250235106003,390,367,1177,1034,382,6.267029972752043,13.829787234042554,23,143
250235107001,515,478,1647,1415,506,7.740585774058577,16.395759717314487,37,232
250235107002,253,246,625,570,242,2.8455284552845526,9.649122807017543,7,55
250235107003,272,262,826,721,261,3.816793893129771,14.563106796116504,10,105
250235107004,409,400,1117,1061,408,2.25,5.27803958529689,9,56
250235107005,304,302,827,724,290,0.6622516556291391,14.226519337016574,2,103
250235107006,468,459,1298,1165,439,1.9607843137254901,11.416309012875537,9,133
250235108001,314,296,877,898,305,6.081081081081082,-2.338530066815145,18,-21
250235108002,311,307,1033,894,278,1.3029315960912053,15.548098434004473,4,139
250235108003,395,388,821,887,362,1.804123711340206,-7.440811724915446,7,-66
250235108004,497,483,1518,1455,471,2.898550724637681,4.329896907216495,14,63
250235108005,290,268,886,749,263,8.208955223880597,18.29105473965287,22,137
250235108006,609,561,1767,1456,583,8.55614973262032,21.35989010989011,48,311
250235109001,367,198,707,378,337,85.35353535353535,87.03703703703704,169,329
250235109002,455,417,1175,1052,427,9.112709832134293,11.692015209125476,38,123
250235109003,549,474,1158,1101,529,15.822784810126583,5.177111716621254,75,57
250235110001,216,204,646,568,186,5.88235294117647,13.732394366197184,12,78
250235110002,944,885,2701,2472,915,6.666666666666667,9.263754045307444,59,229
250235111001,362,359,1040,997,354,0.8356545961002786,4.312938816449348,3,43
250235111002,232,223,684,627,231,4.0358744394618835,9.090909090909092,9,57
250235111003,570,570,1637,1631,565,0,0.3678724708767627,0,6
250235111004,239,231,720,637,239,3.463203463203463,13.029827315541601,8,83
250235111005,222,220,692,610,219,0.9090909090909091,13.442622950819672,2,82
250235111006,274,268,798,789,265,2.2388059701492535,1.1406844106463878,6,9
250235112001,243,527,1050,966,224,-53.889943074003796,8.695652173913043,-284,84
250235112002,498,476,1451,1220,466,4.621848739495799,18.934426229508198,22,231
250235112003,496,483,1390,1344,492,2.691511387163561,3.422619047619048,13,46
250235112004,186,174,714,608,175,6.896551724137931,17.434210526315788,12,106
250235112005,246,242,717,711,246,1.6528925619834711,0.8438818565400843,4,6
250235113011,459,442,1693,1178,443,3.8461538461538463,43.71816638370119,17,515
250235113012,227,215,742,690,213,5.5813953488372094,7.536231884057972,12,52
250235113013,377,362,1246,1115,359,4.143646408839778,11.748878923766815,15,131
250235113014,574,550,1627,1487,551,4.363636363636364,9.41492938802959,24,140
250235113015,269,254,1005,864,256,5.905511811023622,16.319444444444446,15,141
250235113021,233,231,694,656,232,0.8658008658008658,5.7926829268292686,2,38
250235113022,286,283,774,737,286,1.0600706713780919,5.020352781546811,3,37
250235113023,425,419,1330,1267,414,1.431980906921241,4.972375690607735,6,63
250235113024,328,305,953,871,316,7.540983606557377,9.414466130884042,23,82
250235114001,288,307,994,912,282,-6.188925081433225,8.991228070175438,-19,82
250235114002,318,298,1063,783,283,6.7114093959731544,35.759897828863345,20,280
250235114003,330,312,974,845,313,5.769230769230769,15.266272189349111,18,129
250235114004,471,412,1491,1176,438,14.320388349514563,26.785714285714285,59,315
250235115001,371,357,1097,988,336,3.9215686274509802,11.03238866396761,14,109
250235115002,315,301,1011,877,308,4.651162790697675,15.279361459521096,14,134
250235115003,573,528,1820,1400,542,8.522727272727272,30,45,420
250235115004,372,358,1211,1043,363,3.910614525139665,16.10738255033557,14,168
250235116001,534,523,1561,1217,475,2.1032504780114722,28.26622843056697,11,344
250235116002,260,249,777,680,235,4.417670682730924,14.26470588235294,11,97
250235116003,688,671,1335,1276,673,2.533532041728763,4.623824451410658,17,59
250235116004,285,258,748,624,285,10.465116279069768,19.871794871794872,27,124
250235116005,354,344,1063,928,341,2.9069767441860463,14.547413793103448,10,135
250235116006,702,661,2149,1887,661,6.202723146747353,13.884472708002118,41,262
250235116007,264,235,761,599,243,12.340425531914894,27.04507512520868,29,162
250235117011,271,266,788,690,248,1.8796992481203008,14.202898550724639,5,98
250235117012,569,558,1696,1495,560,1.971326164874552,13.444816053511705,11,201
250235117013,304,297,869,817,296,2.356902356902357,6.364749082007344,7,52
250235117014,309,304,880,906,307,1.644736842105263,-2.869757174392936,5,-26
250235117015,274,257,898,747,265,6.614785992217899,20.214190093708165,17,151
250235117021,605,581,1613,1608,598,4.130808950086059,0.3109452736318408,24,5
250235117022,429,428,1205,1190,416,0.23364485981308408,1.2605042016806722,1,15
250235201001,815,756,1990,1912,783,7.804232804232804,4.079497907949791,59,78
250235201002,471,434,1176,1046,450,8.525345622119817,12.4282982791587,37,130
250235201003,792,743,2102,1979,777,6.594885598923284,6.2152602324406265,49,123
250235201004,568,544,1586,1521,545,4.411764705882353,4.273504273504273,24,65
250235202011,316,302,844,797,294,4.635761589403973,5.897114178168131,14,47
250235202012,721,663,1534,1445,685,8.74811463046757,6.159169550173011,58,89
250235202013,645,619,1701,1710,634,4.20032310177706,-0.5263157894736842,26,-9
250235202021,603,528,1245,1035,583,14.204545454545455,20.28985507246377,75,210
250235202022,760,732,2228,2031,756,3.825136612021858,9.699655342195962,28,197
250235202023,1122,1056,2656,2509,1091,6.25,5.858907931446791,66,147
250235211011,456,308,1054,749,448,48.05194805194805,40.720961281708945,148,305
250235211012,341,331,712,705,329,3.0211480362537766,0.9929078014184398,10,7
250235211013,627,599,1929,1839,595,4.674457429048414,4.893964110929853,28,90
250235211014,422,380,1045,1010,404,11.052631578947368,3.4653465346534658,42,35
250235211021,603,591,1521,1481,579,2.030456852791878,2.700877785280216,12,40
250235211022,712,710,1823,1835,686,0.28169014084507044,-0.6539509536784741,2,-12
250235212011,363,345,1041,990,354,5.217391304347826,5.151515151515151,18,51
250235212012,618,459,1269,1105,563,34.64052287581699,14.841628959276019,159,164
250235212013,384,379,787,809,342,1.3192612137203166,-2.719406674907293,5,-22
250235212021,479,469,1249,1271,454,2.1321961620469083,-1.730920535011802,10,-22
250235212022,274,282,817,889,274,-2.8368794326241136,-8.098987626546682,-8,-72
250235212023,379,349,1025,965,377,8.595988538681947,6.217616580310881,30,60
250235212024,326,320,848,841,314,1.875,0.8323424494649228,6,7
250235221011,285,283,845,883,261,0.7067137809187279,-4.303510758776897,2,-38
250235221012,624,614,1727,1744,610,1.6286644951140066,-0.974770642201835,10,-17
250235221013,723,719,2028,2118,706,0.5563282336578581,-4.2492917847025495,4,-90
250235221021,452,372,1188,1111,379,21.50537634408602,6.9306930693069315,80,77
250235221022,447,439,1284,1310,438,1.8223234624145785,-1.984732824427481,8,-26
250235221023,530,425,1263,1084,520,24.705882352941178,16.512915129151292,105,179
250235221024,527,448,1308,1208,505,17.633928571428573,8.27814569536424,79,100
250235221025,373,289,997,751,363,29.06574394463668,32.75632490013315,84,246
250235231001,841,799,2250,2069,805,5.256570713391739,8.74818753020783,42,181
250235231002,325,309,1008,975,325,5.177993527508091,3.3846153846153846,16,33
250235232011,486,473,1350,1335,461,2.748414376321353,1.1235955056179776,13,15
250235232012,260,250,768,780,249,4,-1.5384615384615385,10,-12
250235232013,280,256,880,782,278,9.375,12.531969309462914,24,98
250235232021,866,828,2078,2016,844,4.5893719806763285,3.075396825396825,38,62
250235232022,611,532,1677,1481,596,14.849624060150376,13.23430114787306,79,196
250235232023,604,563,1635,1635,591,7.282415630550622,0,41,0
250235232024,938,896,2791,2721,927,4.6875,2.5725836089672915,42,70
250235241011,164,165,593,617,157,-0.6060606060606061,-3.889789303079417,-1,-24
250235241012,692,589,1866,1567,657,17.487266553480477,19.0810465858328,103,299
250235241013,338,323,923,851,328,4.643962848297214,8.46063454759107,15,72
250235241021,714,674,1634,1481,694,5.934718100890208,10.330857528696827,40,153
250235241022,571,506,1642,1348,554,12.845849802371543,21.810089020771514,65,294
250235241023,417,412,1050,1052,406,1.2135922330097086,-0.19011406844106463,5,-2
250235251011,663,604,2050,1893,651,9.7682119205298,8.293713681986265,59,157
250235251012,697,362,1549,998,652,92.5414364640884,55.21042084168337,335,551
250235251013,415,404,1105,1051,411,2.722772277227723,5.1379638439581345,11,54
250235251014,1178,1181,2482,2363,1116,-0.2540220152413209,5.0359712230215825,-3,119
250235251041,744,701,2290,2084,725,6.134094151212553,9.884836852207293,43,206
250235251042,445,404,1185,1120,445,10.14851485148515,5.803571428571429,41,65
250235251043,343,347,895,907,330,-1.1527377521613833,-1.3230429988974641,-4,-12
250235251044,706,690,2136,2178,690,2.318840579710145,-1.9283746556473829,16,-42
250235252031,563,527,1594,1540,541,6.83111954459203,3.506493506493506,36,54
250235252032,1177,988,2718,2423,1144,19.129554655870447,12.174989682212134,189,295
250235252033,870,821,1803,1632,834,5.9683313032886725,10.477941176470589,49,171
250235252041,802,742,2389,2266,796,8.086253369272237,5.428067078552515,60,123
250235252042,491,333,1546,1116,469,47.44744744744745,38.53046594982079,158,430
250235253001,8,6,1541,2063,8,33.33333333333333,-25.302956858943286,2,-522
250235261001,553,547,1559,1576,530,1.0968921389396709,-1.0786802030456852,6,-17
250235261002,337,347,768,749,320,-2.881844380403458,2.53671562082777,-10,19
250235261003,774,769,1915,1999,756,0.6501950585175552,-4.202101050525263,5,-84
250235261004,798,784,1533,1436,773,1.7857142857142856,6.754874651810584,14,97
250235261005,646,567,1973,1758,628,13.932980599647266,12.229806598407281,79,215
250235301001,665,630,1818,1775,649,5.555555555555555,2.422535211267606,35,43
250235301002,1383,1002,2630,2033,1294,38.02395209580838,29.365469749139205,381,597
250235302001,555,494,1023,854,531,12.348178137651821,19.789227166276348,61,169
250235302002,536,495,1385,1287,513,8.282828282828284,7.614607614607614,41,98
250235302003,723,686,1575,1459,690,5.393586005830904,7.9506511309115835,37,116
250235303001,635,520,956,817,555,22.115384615384613,17.01346389228886,115,139
250235303002,739,586,1373,1156,705,26.109215017064848,18.771626297577853,153,217
250235303003,402,403,829,852,383,-0.24813895781637718,-2.699530516431925,-1,-23
250235303004,416,401,960,957,400,3.7406483790523692,0.3134796238244514,15,3
250235304001,830,839,1903,1813,806,-1.0727056019070322,4.964147821290679,-9,90
250235304002,416,416,1203,1277,410,0,-5.794831636648395,0,-74
250235304003,669,601,1741,1697,635,11.314475873544092,2.592810842663524,68,44
250235304004,425,418,1066,1036,396,1.674641148325359,2.8957528957528957,7,30
250235305001,517,502,915,1028,476,2.9880478087649402,-10.992217898832685,15,-113
250235305002,392,382,833,872,357,2.6178010471204187,-4.472477064220183,10,-39
250235305003,511,545,1156,1174,463,-6.238532110091743,-1.5332197614991483,-34,-18
250235305004,309,283,645,638,284,9.187279151943462,1.09717868338558,26,7
250235305005,840,816,2195,1968,785,2.941176470588235,11.534552845528454,24,227
250235306001,224,208,1710,1905,224,7.6923076923076925,-10.236220472440944,16,-195
250235306002,324,320,680,641,246,1.25,6.084243369734789,4,39
250235306003,516,498,1273,1178,441,3.614457831325301,8.064516129032258,18,95
250235306004,516,431,1209,1179,432,19.721577726218097,2.5445292620865136,85,30
250235306005,591,559,1583,1461,561,5.724508050089446,8.350444900752908,32,122
250235307001,941,936,1202,1152,537,0.5341880341880342,4.340277777777778,5,50
250235307002,2675,1603,4747,3090,2383,66.87461010605116,53.62459546925567,1072,1657
250235308011,1650,1189,3630,2938,1544,38.772077375946175,23.55343771272975,461,692
250235308012,1019,978,2580,2649,926,4.192229038854806,-2.6047565118912797,41,-69
250235308021,450,467,699,705,289,-3.640256959314775,-0.851063829787234,-17,-6
250235308022,346,336,669,683,264,2.976190476190476,-2.049780380673499,10,-14
250235308023,617,621,1131,1206,461,-0.644122383252818,-6.218905472636816,-4,-75
250235308024,821,776,1181,1173,515,5.798969072164948,0.6820119352088662,45,8
250235308025,624,640,953,1018,399,-2.5,-6.385068762278978,-16,-65
250235309011,952,909,2345,2211,838,4.730473047304731,6.0606060606060606,43,134
250235309012,1200,757,2181,1480,869,58.520475561426686,47.36486486486486,443,701
250235309013,1291,1228,3817,3741,1234,5.130293159609121,2.031542368350708,63,76
250235309014,474,474,911,896,389,0,1.6741071428571428,0,15
250235309021,1241,1221,2667,2481,1073,1.638001638001638,7.496977025392987,20,186
250235309022,637,630,1845,1988,624,1.1111111111111112,-7.1931589537223335,7,-143
250235401011,448,434,1151,1153,430,3.225806451612903,-0.17346053772766695,14,-2
250235401012,667,532,1695,1326,642,25.375939849624064,27.828054298642535,135,369
250235401013,756,565,1589,1304,704,33.80530973451327,21.855828220858893,191,285
250235401021,1279,1255,2640,2570,1014,1.9123505976095616,2.7237354085603114,24,70
250235401031,880,822,2588,2439,862,7.0559610705596105,6.109061090610906,58,149
250235401032,595,569,1857,1810,591,4.569420035149385,2.5966850828729284,26,47
250235411001,753,686,1960,1894,723,9.7667638483965,3.4846884899683213,67,66
250235411002,828,778,2233,2150,809,6.426735218508997,3.8604651162790695,50,83
250235411003,525,421,1526,1188,510,24.70308788598575,28.45117845117845,104,338
250235421011,622,596,1736,1762,595,4.3624161073825505,-1.4755959137343928,26,-26
250235421012,862,834,2316,2356,842,3.357314148681055,-1.697792869269949,28,-40
250235421013,797,727,2274,2059,764,9.628610729023384,10.441962117532782,70,215
250235421014,347,327,1036,954,338,6.116207951070336,8.59538784067086,20,82
250235421021,1004,961,2660,2552,979,4.474505723204994,4.231974921630094,43,108
250235422001,751,734,2035,2062,714,2.316076294277929,-1.3094083414161009,17,-27
250235422002,1341,1193,2541,2284,1298,12.405699916177703,11.252189141856391,148,257
250235422003,658,647,1728,1768,633,1.7001545595054095,-2.262443438914027,11,-40
250235423001,669,572,1480,1314,620,16.95804195804196,12.633181126331811,97,166
250235423002,561,524,1321,1399,524,7.061068702290077,-5.575411007862759,37,-78
250235423003,264,260,692,662,252,1.5384615384615385,4.531722054380665,4,30
250235423004,857,623,1893,1494,814,37.56019261637239,26.706827309236946,234,399
250235423005,742,698,1750,1660,711,6.303724928366762,5.421686746987952,44,90
250235423006,333,327,785,790,319,1.834862385321101,-0.6329113924050633,6,-5
250235431001,414,402,1073,1038,406,2.9850746268656714,3.371868978805395,12,35
250235431002,654,641,1857,1782,630,2.02808112324493,4.208754208754209,13,75
250235441001,438,419,1302,1243,424,4.534606205250596,4.746580852775542,19,59
250235441002,586,579,1509,1581,559,1.2089810017271159,-4.554079696394687,7,-72
250235441003,560,555,1673,1709,558,0.9009009009009009,-2.1064950263311877,5,-36
250235441004,428,420,1084,1096,410,1.9047619047619049,-1.094890510948905,8,-12
250235442001,815,796,1844,1781,788,2.386934673366834,3.537338573834924,19,63
250235442002,477,480,1262,1225,449,-0.625,3.0204081632653064,-3,37
250235442003,630,597,1293,1171,575,5.527638190954774,10.418445772843723,33,122
250235442004,766,754,1677,1703,727,1.5915119363395225,-1.5267175572519083,12,-26
250235451001,859,833,1561,1487,811,3.12124849939976,4.976462676529926,26,74
250235451002,374,296,1016,789,348,26.351351351351347,28.77059569074778,78,227
250235451003,1055,991,2528,2413,943,6.458123107971746,4.765851636966432,64,115
250235451004,879,875,1738,1757,744,0.4571428571428572,-1.0813887307911212,4,-19
250235452001,327,285,673,635,301,14.736842105263156,5.984251968503937,42,38
250235452002,797,796,1697,1666,645,0.12562814070351758,1.8607442977190876,1,31
250235452003,967,709,1902,1426,865,36.38928067700987,33.38008415147265,258,476
250235452004,977,851,2204,1942,898,14.806110458284373,13.491246138002062,126,262
250235453001,1218,1259,1616,1573,772,-3.2565528196981735,2.733630006357279,-41,43
250235453002,646,691,694,761,318,-6.512301013024602,-8.804204993429698,-45,-67
250235453003,703,714,1044,1016,524,-1.5406162464985995,2.7559055118110236,-11,28
250235453004,673,643,1108,1063,535,4.665629860031104,4.233301975540922,30,45
250235454001,391,355,780,783,357,10.140845070422536,-0.38314176245210724,36,-3
250235454002,532,521,831,827,410,2.111324376199616,0.48367593712212814,11,4
250235454003,490,462,828,746,324,6.0606060606060606,10.991957104557642,28,82
250235454004,911,842,1719,1556,732,8.194774346793348,10.475578406169666,69,163
250235454005,1159,1133,1362,1382,679,2.2947925860547222,-1.447178002894356,26,-20
250235601001,661,651,767,686,328,1.5360983102918586,11.807580174927114,10,81
250235601002,507,495,809,827,378,2.4242424242424243,-2.176541717049577,12,-18
250235601003,692,592,1250,1099,540,16.89189189189189,13.739763421292084,100,151
250235601004,360,329,624,569,296,9.422492401215806,9.666080843585236,31,55
250235601005,533,516,1420,1393,503,3.2945736434108532,1.938262742282843,17,27
250235601006,757,679,1637,1471,719,11.487481590574374,11.284840244731475,78,166
250235611001,861,836,1532,1503,622,2.9904306220095696,1.9294743845642048,25,29
250235611002,528,472,909,899,361,11.864406779661017,1.1123470522803114,56,10
250235611003,532,512,995,877,419,3.90625,13.45496009122007,20,118
250235611004,456,323,1184,927,422,41.17647058823529,27.72384034519957,133,257
250235611005,316,302,727,701,292,4.635761589403973,3.7089871611982885,14,26
250235612001,239,226,3341,2929,216,5.752212389380531,14.06623420962786,13,412
250239900030,0,0,0,0,0,NA,NA,0,0
250250001001,1663,604,3214,1422,1557,175.33112582781456,126.01969057665261,1059,1792
250250001002,422,425,1053,1044,407,-0.7058823529411765,0.8620689655172413,-3,9
250250001003,304,306,823,785,290,-0.6535947712418301,4.840764331210192,-2,38
250250001004,383,372,1020,1003,365,2.956989247311828,1.694915254237288,11,17
250250002011,361,387,966,935,354,-6.718346253229974,3.3155080213903747,-26,31
250250002012,322,307,863,790,298,4.88599348534202,9.240506329113925,15,73
250250002013,548,541,1303,1394,528,1.2939001848428837,-6.5279770444763265,7,-91
250250002014,377,383,821,735,364,-1.5665796344647518,11.700680272108844,-6,86
250250002021,665,597,1771,1487,631,11.390284757118927,19.09885675857431,68,284
250250002022,361,361,828,825,352,0,0.36363636363636365,0,3
250250002023,310,298,804,748,292,4.026845637583892,7.4866310160427805,12,56
250250002024,270,266,745,825,264,1.5037593984962405,-9.696969696969697,4,-80
250250003011,272,254,715,638,265,7.086614173228346,12.068965517241379,18,77
250250003012,322,309,831,790,315,4.207119741100324,5.189873417721519,13,41
250250003013,270,266,656,600,266,1.5037593984962405,9.333333333333334,4,56
250250003014,473,390,935,712,444,21.28205128205128,31.320224719101127,83,223
250250003021,616,591,1470,1547,587,4.230118443316413,-4.97737556561086,25,-77
250250003022,755,755,1601,1595,736,0,0.3761755485893417,0,6
250250004011,868,872,1521,1498,839,-0.45871559633027525,1.5353805073431241,-4,23
250250004012,532,514,1204,1138,515,3.501945525291829,5.799648506151142,18,66
250250004013,422,422,1056,1027,404,0,2.8237585199610513,0,29
250250004014,1232,1157,2072,2009,1199,6.482281763180639,3.1358885017421603,75,63
250250004021,734,655,1469,1525,704,12.061068702290076,-3.6721311475409837,79,-56
250250004022,373,381,966,995,319,-2.099737532808399,-2.9145728643216082,-8,-29
250250004023,514,507,1208,1128,487,1.3806706114398422,7.092198581560284,7,80
250250005021,632,522,1047,883,606,21.0727969348659,18.57304643261608,110,164
250250005022,536,545,1709,715,471,-1.651376146788991,139.02097902097904,-9,994
250250005023,986,973,1577,1619,949,1.3360739979445015,-2.5941939468807904,13,-42
250250005024,0,1,2657,3086,0,-100,-13.90149060272197,-1,-429
250250005031,428,415,782,762,394,3.132530120481928,2.6246719160104988,13,20
250250005032,1051,993,1631,1449,1018,5.840886203423968,12.560386473429952,58,182
250250005041,655,724,1308,1326,647,-9.530386740331492,-1.3574660633484164,-69,-18
250250005042,866,824,1482,1419,834,5.097087378640777,4.439746300211417,42,63
250250005043,774,754,1417,1380,735,2.6525198938992043,2.681159420289855,20,37
250250005044,430,424,887,860,402,1.4150943396226416,3.1395348837209305,6,27
250250006011,224,215,685,762,207,4.186046511627907,-10.104986876640421,9,-77
250250006012,560,537,1211,1077,545,4.283054003724395,12.44196843082637,23,134
250250006013,301,285,846,664,280,5.614035087719298,27.40963855421687,16,182
250250006014,525,488,1016,1068,510,7.581967213114754,-4.868913857677903,37,-52
250250006021,710,711,1519,1457,679,-0.14064697609001406,4.25531914893617,-1,62
250250006022,628,626,1072,1111,614,0.3194888178913738,-3.5103510351035103,2,-39
250250006023,1012,698,1757,1406,866,44.985673352435526,24.96443812233286,314,351
250250007011,517,510,925,845,492,1.3725490196078431,9.467455621301776,7,80
250250007012,261,255,586,581,241,2.3529411764705883,0.8605851979345954,6,5
250250007013,317,320,616,599,305,-0.9375,2.8380634390651087,-3,17
250250007014,512,510,869,922,493,0.39215686274509803,-5.748373101952278,2,-53
250250007015,777,764,1521,1499,773,1.7015706806282722,1.467645096731154,13,22
250250007031,698,747,1045,1308,661,-6.5595716198125835,-20.107033639143733,-49,-263
250250007032,677,671,1397,1483,654,0.8941877794336811,-5.799055967633175,6,-86
250250007041,811,792,1814,1763,787,2.398989898989899,2.892796369824163,19,51
250250007042,732,422,1299,770,695,73.45971563981043,68.7012987012987,310,529
250250007043,644,644,1122,1135,615,0,-1.145374449339207,0,-13
250250007044,548,547,1077,1133,548,0.18281535648994515,-4.942630185348632,1,-56
250250008021,513,485,1266,1305,477,5.77319587628866,-2.9885057471264367,28,-39
250250008022,1078,888,2351,2290,974,21.396396396396398,2.6637554585152836,190,61
250250008023,266,257,812,817,265,3.501945525291829,-0.6119951040391677,9,-5
250250008024,676,667,1786,1903,647,1.3493253373313343,-6.148187073042564,9,-117
250250008025,947,832,2214,1821,886,13.822115384615385,21.581548599670512,115,393
250250008031,703,945,1453,3103,473,-25.608465608465607,-53.17434740573639,-242,-1650
250250008032,40,1,2282,3481,40,3900,-34.44412525136455,39,-1199
250250101031,278,309,2126,2111,278,-10.032362459546926,0.7105637138796779,-31,15
250250101032,52,52,1200,1144,44,0,4.895104895104895,0,56
250250101033,90,167,1371,1314,44,-46.10778443113773,4.337899543378995,-77,57
250250101041,849,842,1398,1311,782,0.831353919239905,6.636155606407322,7,87
250250101042,583,584,2503,2299,520,-0.17123287671232876,8.873423227490212,-1,204
250250101043,693,710,1162,1194,661,-2.3943661971830985,-2.680067001675042,-17,-32
250250102031,733,717,1275,1144,684,2.2315202231520224,11.45104895104895,16,131
250250102032,2203,1526,3281,2369,1953,44.36435124508519,38.49725622625581,677,912
250250102033,1069,1078,1625,1563,1010,-0.8348794063079777,3.966730646193218,-9,62
250250102034,651,342,879,493,607,90.35087719298247,78.29614604462475,309,386
250250102041,235,287,1131,1098,201,-18.118466898954704,3.0054644808743167,-52,33
250250102042,482,479,1344,1197,417,0.6263048016701461,12.280701754385964,3,147
250250102043,621,517,969,878,545,20.116054158607348,10.364464692482915,104,91
250250103001,192,282,1638,1810,170,-31.914893617021278,-9.502762430939226,-90,-172
250250103002,174,134,3547,3051,147,29.850746268656714,16.2569649295313,40,496
250250104031,949,857,1347,1236,871,10.73512252042007,8.980582524271846,92,111
250250104032,676,668,998,1020,648,1.1976047904191618,-2.156862745098039,8,-22
250250104033,578,551,834,747,520,4.900181488203267,11.646586345381527,27,87
250250104041,1133,1170,2142,2353,1045,-3.1623931623931623,-8.967275818104547,-37,-211
250250104042,300,245,1744,2548,243,22.448979591836736,-31.554160125588698,55,-804
250250104043,463,447,1861,916,382,3.5794183445190155,103.16593886462881,16,945
250250104051,153,6,4004,2591,127,2450,54.53492859899652,147,1413
250250104052,646,633,2357,2305,614,2.0537124802527646,2.2559652928416485,13,52
250250104053,206,355,492,626,171,-41.971830985915496,-21.405750798722046,-149,-134
250250104081,981,961,1438,1426,903,2.081165452653486,0.8415147265077139,20,12
250250105001,740,349,1816,953,561,112.03438395415472,90.55613850996852,391,863
250250105002,598,744,1208,1099,549,-19.623655913978492,9.918107370336669,-146,109
250250105003,602,674,852,992,544,-10.682492581602373,-14.112903225806454,-72,-140
250250106001,1601,1383,2199,1559,1315,15.762834417932032,41.051956382296346,218,640
250250106002,931,942,1331,1299,841,-1.167728237791932,2.4634334103156275,-11,32
250250107011,557,552,1057,1032,484,0.9057971014492754,2.422480620155039,5,25
250250107012,466,466,705,668,413,0,5.538922155688622,0,37
250250107013,558,581,781,778,506,-3.9586919104991396,0.3856041131105398,-23,3
250250107021,573,482,830,663,498,18.87966804979253,25.188536953242835,91,167
250250107022,375,465,520,775,330,-19.35483870967742,-32.903225806451616,-90,-255
250250107023,647,696,978,962,514,-7.040229885057471,1.6632016632016633,-49,16
250250108011,333,354,740,664,289,-5.932203389830509,11.44578313253012,-21,76
250250108012,654,678,967,964,596,-3.5398230088495577,0.3112033195020747,-24,3
250250108013,827,867,1149,1155,744,-4.61361014994233,-0.5194805194805194,-40,-6
250250108021,669,684,1069,1052,592,-2.1929824561403506,1.6159695817490494,-15,17
250250108022,943,971,1391,1421,843,-2.883625128733265,-2.1111893033075297,-28,-30
250250108023,451,451,598,586,388,0,2.04778156996587,0,12
250250201011,468,480,804,767,391,-2.5,4.823989569752282,-12,37
250250201012,702,691,935,896,585,1.5918958031837915,4.352678571428571,11,39
250250201013,766,821,1253,1268,682,-6.699147381242387,-1.1829652996845426,-55,-15
250250201014,809,822,1243,1262,742,-1.5815085158150852,-1.5055467511885896,-13,-19
250250202001,901,897,1268,1266,847,0.4459308807134894,0.1579778830963665,4,2
250250202002,854,847,1319,1259,802,0.8264462809917356,4.765687053216839,7,60
250250202003,739,734,1226,1124,697,0.6811989100817438,9.07473309608541,5,102
250250203011,235,205,301,350,218,14.634146341463413,-14.000000000000002,30,-49
250250203012,1214,1209,1855,1673,1109,0.41356492969396197,10.87866108786611,5,182
250250203021,803,721,1293,1181,744,11.373092926490985,9.483488569009314,82,112
250250203031,639,693,1024,878,615,-7.792207792207792,16.62870159453303,-54,146
250250203032,2291,365,3284,1343,1815,527.6712328767123,144.52717795979152,1926,1941
250250203033,856,789,1231,1179,807,8.491761723700888,4.410517387616624,67,52
250250301001,785,790,1198,1053,723,-0.6329113924050633,13.770180436847104,-5,145
250250301002,596,587,918,901,568,1.5332197614991483,1.8867924528301887,9,17
250250302001,1143,1103,1815,1665,1087,3.626473254759746,9.00900900900901,40,150
250250303001,1248,1283,1913,1757,1092,-2.7279812938425563,8.87877063175868,-35,156
250250303002,720,709,1242,1262,646,1.5514809590973202,-1.5847860538827259,11,-20
250250303003,658,503,1263,1305,570,30.81510934393638,-3.218390804597701,155,-42
250250303004,462,465,369,548,215,-0.6451612903225806,-32.66423357664234,-3,-179
250250304001,1045,994,1623,1519,961,5.1307847082494975,6.84660961158657,51,104
250250304002,650,665,978,932,587,-2.2556390977443606,4.935622317596566,-15,46
250250305001,458,442,823,704,380,3.619909502262444,16.90340909090909,16,119
250250305002,699,687,1070,1025,651,1.7467248908296942,4.390243902439024,12,45
250250305003,516,527,825,809,483,-2.0872865275142316,1.9777503090234856,-11,16
250250401001,555,555,1014,958,532,0,5.845511482254697,0,56
250250401002,694,684,1308,1210,663,1.461988304093567,8.099173553719009,10,98
250250402001,297,304,636,775,248,-2.302631578947368,-17.93548387096774,-7,-139
250250402002,406,423,958,831,390,-4.0189125295508275,15.282791817087846,-17,127
250250403001,371,334,774,739,361,11.077844311377245,4.7361299052774015,37,35
250250403002,666,662,1486,1247,625,0.6042296072507553,19.165998396150762,4,239
250250403003,367,366,739,657,356,0.273224043715847,12.480974124809741,1,82
250250403004,338,320,699,617,324,5.625,13.290113452188008,18,82
250250403005,373,355,827,622,355,5.070422535211268,32.958199356913184,18,205
250250404011,825,766,1957,1689,805,7.702349869451696,15.86737714624038,59,268
250250404012,484,456,965,750,451,6.140350877192982,28.666666666666668,28,215
250250406001,1092,491,1758,863,901,122.40325865580448,103.70799536500579,601,895
250250406002,924,843,1923,1581,902,9.608540925266903,21.631878557874764,81,342
250250408011,532,530,1191,1061,500,0.37735849056603776,12.25259189443921,2,130
250250408012,266,263,767,828,253,1.1406844106463878,-7.367149758454106,3,-61
250250408013,1329,1296,2119,2011,1260,2.5462962962962963,5.370462456489309,33,108
250250501011,563,534,1643,1713,522,5.430711610486892,-4.086398131932283,29,-70
250250501012,628,632,1389,1472,592,-0.6329113924050633,-5.638586956521739,-4,-83
250250501013,687,684,1885,1930,646,0.43859649122807015,-2.33160621761658,3,-45
250250502001,785,757,2140,2189,715,3.6988110964332894,-2.238465052535404,28,-49
250250502002,556,445,1238,1151,511,24.9438202247191,7.558644656820157,111,87
250250502003,286,283,788,836,271,1.0600706713780919,-5.741626794258373,3,-48
250250502004,367,349,1031,1055,353,5.157593123209169,-2.2748815165876777,18,-24
250250503001,804,282,1475,727,720,185.1063829787234,102.88858321870703,522,748
250250503002,1124,759,1783,1524,980,48.08959156785244,16.99475065616798,365,259
250250504001,235,238,603,637,218,-1.2605042016806722,-5.337519623233909,-3,-34
250250504002,876,797,1769,1735,815,9.912170639899625,1.9596541786743515,79,34
250250505001,756,702,1849,1857,718,7.6923076923076925,-0.4308023694130318,54,-8
250250506001,482,494,1149,1248,445,-2.42914979757085,-7.9326923076923075,-12,-99
250250506002,392,312,912,815,384,25.64102564102564,11.901840490797547,80,97
250250507001,668,617,1780,1684,618,8.26580226904376,5.7007125890736345,51,96
250250507002,496,484,1341,1344,450,2.479338842975207,-0.2232142857142857,12,-3
250250507003,521,505,1413,1476,472,3.1683168316831685,-4.2682926829268295,16,-63
250250509011,452,420,1422,1283,437,7.6190476190476195,10.83398285268901,32,139
250250509012,717,717,1860,1964,663,0,-5.295315682281059,0,-104
250250509013,335,309,961,918,312,8.414239482200648,4.6840958605664484,26,43
250250510001,900,855,2134,2039,830,5.263157894736842,4.659146640510055,45,95
250250510002,483,462,1055,962,469,4.545454545454546,9.667359667359667,21,93
250250510003,461,467,1128,1088,450,-1.284796573875803,3.6764705882352944,-6,40
250250511011,670,598,1803,1602,578,12.040133779264215,12.54681647940075,72,201
250250511012,746,741,1831,1949,699,0.6747638326585695,-6.054386865059005,5,-118
250250511013,636,621,1727,1537,604,2.4154589371980677,12.361743656473651,15,190
250250511014,392,385,1099,1005,383,1.8181818181818181,9.35323383084577,7,94
250250512001,499,19,833,32,472,2526.315789473684,2503.125,480,801
250250512002,706,692,1587,1548,660,2.023121387283237,2.5193798449612403,14,39
250250512003,509,449,917,799,448,13.3630289532294,14.768460575719649,60,118
250250601011,551,441,1171,881,514,24.94331065759637,32.91713961407491,110,290
250250601012,373,350,667,633,348,6.571428571428571,5.371248025276461,23,34
250250601013,518,496,1067,981,501,4.435483870967742,8.766564729867483,22,86
250250601014,438,397,768,721,407,10.327455919395465,6.51872399445215,41,47
250250602001,466,419,996,821,428,11.217183770883054,21.315468940316688,47,175
250250602002,653,580,1332,1095,615,12.586206896551724,21.643835616438356,73,237
250250603011,815,741,1491,1285,754,9.986504723346828,16.03112840466926,74,206
250250603012,368,345,810,699,346,6.666666666666667,15.879828326180256,23,111
250250603013,646,561,1308,1092,604,15.151515151515152,19.78021978021978,85,216
250250604001,589,542,1139,1021,521,8.671586715867159,11.557296767874632,47,118
250250604002,596,530,1152,988,553,12.452830188679245,16.599190283400812,66,164
250250604003,513,466,1014,842,502,10.085836909871244,20.42755344418052,47,172
250250604004,693,669,1224,1093,630,3.587443946188341,11.985361390667887,24,131
250250604005,317,336,666,960,300,-5.654761904761905,-30.625000000000004,-19,-294
250250605011,475,375,886,699,422,26.666666666666668,26.75250357653791,100,187
250250605012,523,508,936,868,464,2.952755905511811,7.834101382488479,15,68
250250605013,623,431,1162,717,604,44.5475638051044,62.064156206415625,192,445
250250605014,371,295,840,631,360,25.76271186440678,33.12202852614897,76,209
250250605015,458,333,909,656,441,37.53753753753754,38.56707317073171,125,253
250250606001,5110,1530,6641,2357,4099,233.98692810457518,181.7564700890963,3580,4284
250250607001,334,253,996,741,321,32.015810276679844,34.41295546558704,81,255
250250607002,271,383,692,1152,270,-29.242819843342037,-39.93055555555556,-112,-460
250250608001,360,333,733,655,334,8.108108108108109,11.908396946564885,27,78
250250608002,486,396,960,757,459,22.727272727272727,26.81638044914135,90,203
250250608003,639,470,1243,886,603,35.95744680851064,40.293453724604966,169,357
250250608004,1051,943,1923,1666,985,11.452810180275716,15.426170468187275,108,257
250250610001,566,544,1170,1033,526,4.044117647058823,13.262342691190707,22,137
250250610002,227,471,535,1164,212,-51.80467091295117,-54.03780068728522,-244,-629
250250610003,308,393,711,901,298,-21.62849872773537,-21.08768035516093,-85,-190
250250611011,302,278,682,617,285,8.633093525179856,10.53484602917342,24,65
250250611012,964,766,2028,1615,929,25.848563968668408,25.572755417956657,198,413
250250612001,2117,1188,3623,1702,1974,78.1986531986532,112.86721504112809,929,1921
250250612002,465,383,878,627,441,21.409921671018274,40.03189792663477,82,251
250250612003,573,470,1136,911,535,21.914893617021278,24.69813391877058,103,225
250250701011,979,529,1641,850,858,85.06616257088847,93.05882352941175,450,791
250250701012,804,90,1362,303,739,793.3333333333334,349.5049504950495,714,1059
250250701013,542,390,897,494,379,38.97435897435898,81.57894736842105,152,403
250250701014,934,941,2202,1887,717,-0.7438894792773645,16.69316375198728,-7,315
250250701015,173,161,588,451,127,7.453416149068323,30.376940133037696,12,137
250250701016,713,325,1159,366,612,119.38461538461537,216.66666666666666,388,793
250250701017,1083,701,1584,1102,929,54.493580599144074,43.738656987295826,382,482
250250701018,312,246,610,449,243,26.82926829268293,35.85746102449889,66,161
250250702001,641,599,1582,1460,608,7.0116861435726205,8.356164383561644,42,122
250250702002,456,444,1135,1133,440,2.7027027027027026,0.176522506619594,12,2
250250702003,1089,647,3990,2625,1018,68.31530139103555,52,442,1365
250250703001,945,804,1284,1065,786,17.537313432835823,20.56338028169014,141,219
250250703002,453,449,806,733,396,0.8908685968819599,9.959072305593452,4,73
250250703003,697,707,1048,992,661,-1.4144271570014144,5.64516129032258,-10,56
250250703004,662,746,1165,1119,622,-11.26005361930295,4.110813226094727,-84,46
250250704021,2177,680,3562,1723,2008,220.14705882352942,106.73244341265236,1497,1839
250250705001,1019,1018,1820,1700,956,0.09823182711198428,7.0588235294117645,1,120
250250705002,540,524,1038,999,536,3.0534351145038165,3.903903903903904,16,39
250250705003,827,803,1470,1393,764,2.9887920298879203,5.527638190954774,24,77
250250705004,719,721,1288,1368,670,-0.27739251040221913,-5.847953216374268,-2,-80
250250706001,647,667,1161,1127,569,-2.998500749625187,3.0168589174800355,-20,34
250250706002,613,642,1126,1113,582,-4.517133956386292,1.1680143755615455,-29,13
250250707001,642,644,1236,1161,601,-0.3105590062111801,6.459948320413436,-2,75
250250707002,694,722,1291,1200,670,-3.8781163434903045,7.583333333333334,-28,91
250250708001,936,965,1552,1594,886,-3.005181347150259,-2.6348808030112925,-29,-42
250250708002,607,579,1056,1040,549,4.8359240069084635,1.5384615384615385,28,16
250250708003,602,612,1133,1072,575,-1.6339869281045754,5.690298507462686,-10,61
250250709001,1253,1231,2300,2166,1192,1.7871649065800164,6.1865189289012,22,134
250250709002,568,567,1165,1163,547,0.1763668430335097,0.17196904557179707,1,2
250250711011,987,928,1655,1498,924,6.357758620689655,10.480640854472629,59,157
250250711012,728,750,1540,1424,688,-2.933333333333333,8.146067415730338,-22,116
250250711013,557,507,916,831,520,9.861932938856016,10.22864019253911,50,85
250250712011,1052,819,2244,1899,1021,28.449328449328448,18.167456556082147,233,345
250250712012,847,580,1270,1232,524,46.03448275862069,3.0844155844155843,267,38
250250801001,547,450,2125,2612,458,21.555555555555557,-18.644716692189892,97,-487
250250801002,314,294,775,738,291,6.802721088435375,5.013550135501355,20,37
250250803001,871,791,2236,1769,833,10.11378002528445,26.39909553420011,80,467
250250804011,680,526,1910,1265,650,29.277566539923956,50.988142292490124,154,645
250250804012,783,723,1481,1445,742,8.29875518672199,2.491349480968858,60,36
250250805001,507,460,1203,1076,489,10.217391304347826,11.802973977695167,47,127
250250805002,924,863,2091,2020,891,7.068366164542295,3.5148514851485153,61,71
250250806011,686,458,4008,3212,593,49.78165938864629,24.78206724782067,228,796
250250806012,449,220,158,600,74,104.0909090909091,-73.66666666666667,229,-442
250250806013,346,242,561,459,337,42.97520661157025,22.22222222222222,104,102
250250808011,394,377,2384,2219,364,4.509283819628647,7.43578188373141,17,165
250250808012,702,569,1898,1666,678,23.374340949033392,13.925570228091235,133,232
250250809001,838,838,1330,1411,800,0,-5.740609496810772,0,-81
250250809002,609,505,1780,1518,591,20.594059405940595,17.25955204216074,104,262
250250809003,463,433,1266,1079,417,6.928406466512701,17.330861909175162,30,187
250250810011,282,255,548,515,278,10.588235294117647,6.407766990291262,27,33
250250810012,1312,1141,2640,2365,1278,14.986853637160385,11.627906976744185,171,275
250250810013,353,310,1062,787,351,13.870967741935484,34.9428208386277,43,275
250250810014,634,581,1445,1223,603,9.122203098106713,18.152085036794766,53,222
250250811001,565,524,1572,1467,543,7.8244274809160315,7.157464212678937,41,105
250250811002,803,826,1593,1643,763,-2.784503631961259,-3.0432136335970785,-23,-50
250250811003,951,431,1484,981,808,120.64965197215778,51.274209989806316,520,503
250250812001,876,814,2113,2130,811,7.616707616707617,-0.7981220657276996,62,-17
250250812002,502,418,1393,1135,479,20.095693779904305,22.73127753303965,84,258
250250813001,917,806,1889,1661,880,13.771712158808933,13.726670680313063,111,228
250250813002,766,690,1959,1749,741,11.014492753623188,12.006861063464838,76,210
250250813003,757,615,1627,1350,704,23.089430894308943,20.51851851851852,142,277
250250814001,669,558,1401,1067,610,19.892473118279568,31.302717900656045,111,334
250250814002,354,355,820,772,337,-0.28169014084507044,6.217616580310881,-1,48
250250814003,641,549,1553,1164,611,16.757741347905284,33.419243986254294,92,389
250250815001,428,351,1085,788,408,21.937321937321936,37.690355329949234,77,297
250250815002,579,554,1364,1346,547,4.512635379061372,1.337295690936107,25,18
250250817001,218,225,623,619,207,-3.111111111111111,0.6462035541195477,-7,4
250250817002,475,430,995,893,465,10.465116279069768,11.422172452407615,45,102
250250817003,299,291,882,780,272,2.7491408934707904,13.076923076923078,8,102
250250817004,375,355,950,887,350,5.633802816901409,7.1025930101465615,20,63
250250817005,314,298,691,641,276,5.369127516778524,7.800312012480499,16,50
250250818001,596,577,1313,1157,547,3.2928942807625647,13.48314606741573,19,156
250250818002,471,442,1006,921,432,6.561085972850679,9.229098805646037,29,85
250250818003,419,369,1248,820,401,13.550135501355012,52.19512195121951,50,428
250250819001,451,453,1090,906,418,-0.44150110375275936,20.309050772626932,-2,184
250250819002,278,259,644,617,272,7.335907335907336,4.376012965964344,19,27
250250819003,287,257,816,600,272,11.673151750972762,36,30,216
250250819004,455,428,1121,992,429,6.308411214953271,13.004032258064516,27,129
250250820001,620,566,1498,1292,568,9.540636042402827,15.944272445820435,54,206
250250820002,308,298,747,682,277,3.3557046979865772,9.530791788856305,10,65
250250820003,424,414,950,841,408,2.4154589371980677,12.960760998810938,10,109
250250821001,521,526,1323,1228,506,-0.9505703422053232,7.736156351791531,-5,95
250250821002,595,579,1543,1553,557,2.763385146804836,-0.643915003219575,16,-10
250250821003,1034,1012,2358,2244,1009,2.1739130434782608,5.080213903743315,22,114
250250901001,674,660,1610,1631,648,2.1212121212121215,-1.2875536480686696,14,-21
250250901002,276,237,645,531,243,16.455696202531644,21.468926553672315,39,114
250250901003,316,303,856,693,265,4.29042904290429,23.52092352092352,13,163
250250901004,447,414,1285,1099,430,7.971014492753622,16.92447679708826,33,186
250250901005,255,249,775,617,239,2.4096385542168677,25.60777957860616,6,158
250250902001,250,244,712,673,244,2.459016393442623,5.794947994056463,6,39
250250902002,271,278,716,626,258,-2.5179856115107913,14.376996805111823,-7,90
250250902003,319,308,984,934,309,3.571428571428571,5.353319057815846,11,50
250250903001,339,333,1033,891,315,1.8018018018018018,15.937149270482603,6,142
250250903002,566,513,1681,1310,551,10.33138401559454,28.320610687022903,53,371
250250903003,391,422,1081,978,372,-7.345971563981042,10.531697341513292,-31,103
250250904001,322,311,921,871,316,3.536977491961415,5.7405281285878305,11,50
250250904002,521,435,1462,1155,488,19.770114942528735,26.580086580086583,86,307
250250904003,274,254,898,763,252,7.874015748031496,17.693315858453474,20,135
250250904004,311,294,820,870,292,5.782312925170068,-5.747126436781609,17,-50
250250906001,370,351,1099,1094,333,5.413105413105413,0.4570383912248629,19,5
250250906002,470,442,1351,1254,439,6.334841628959276,7.73524720893142,28,97
250250907001,517,518,1171,1218,481,-0.19305019305019305,-3.858784893267652,-1,-47
250250907002,654,644,1260,1253,616,1.5527950310559007,0.5586592178770949,10,7
250250907003,562,526,1178,1153,503,6.844106463878327,2.168256721595837,36,25
250250907004,676,302,1064,651,510,123.84105960264901,63.44086021505376,374,413
250250909011,624,606,1403,1627,601,2.9702970297029703,-13.767670559311618,18,-224
250250909012,1104,1034,2197,2103,1009,6.769825918762089,4.46980504041845,70,94
250250910011,271,248,645,650,243,9.274193548387096,-0.7692307692307693,23,-5
250250910012,360,363,796,743,351,-0.8264462809917356,7.133243606998654,-3,53
250250910013,363,335,748,682,358,8.358208955223882,9.67741935483871,28,66
250250910014,668,369,1066,667,606,81.02981029810297,59.820089955022496,299,399
250250911001,630,625,1441,1395,583,0.8,3.2974910394265233,5,46
250250911002,519,465,1195,1007,489,11.612903225806452,18.669314796425024,54,188
250250911003,335,325,823,929,308,3.076923076923077,-11.410118406889127,10,-106
250250911004,271,254,679,713,240,6.692913385826772,-4.768583450210379,17,-34
250250911005,302,297,778,817,291,1.6835016835016834,-4.773561811505508,5,-39
250250912001,455,451,1057,1081,425,0.8869179600886918,-2.2201665124884364,4,-24
250250912002,523,492,1363,1411,497,6.300813008130081,-3.401842664776754,31,-48
250250912003,298,296,720,742,282,0.6756756756756757,-2.964959568733154,2,-22
250250913001,532,480,1456,1368,502,10.833333333333334,6.432748538011696,52,88
250250913002,403,388,1170,1131,379,3.865979381443299,3.4482758620689653,15,39
250250914001,675,584,1748,1672,635,15.582191780821919,4.545454545454546,91,76
250250914002,377,355,1138,1069,361,6.197183098591549,6.454630495790459,22,69
250250915001,766,744,1926,1978,723,2.956989247311828,-2.62891809908999,22,-52
250250915002,599,547,1741,1494,567,9.506398537477148,16.532797858099062,52,247
250250915003,366,362,922,898,342,1.1049723756906076,2.6726057906458798,4,24
250250916001,521,445,1284,1205,480,17.078651685393258,6.556016597510374,76,79
250250916002,423,413,1250,1273,411,2.4213075060532687,-1.8067556952081696,10,-23
250250916003,297,307,666,660,271,-3.257328990228013,0.9090909090909091,-10,6
250250917001,473,469,1313,1306,427,0.8528784648187633,0.5359877488514548,4,7
250250917002,350,337,1123,988,321,3.857566765578635,13.663967611336034,13,135
250250917003,251,244,767,775,217,2.8688524590163933,-1.032258064516129,7,-8
250250918001,527,517,1570,1517,502,1.9342359767891684,3.493737640079104,10,53
250250918002,406,340,1096,1002,364,19.411764705882355,9.3812375249501,66,94
250250918003,387,357,1052,933,349,8.403361344537815,12.754555198285104,30,119
250250919001,343,329,959,1042,332,4.25531914893617,-7.9654510556621885,14,-83
250250919002,316,280,918,709,288,12.857142857142856,29.478138222849083,36,209
250250919003,573,551,1718,1522,548,3.9927404718693285,12.87779237844941,22,196
250250919004,227,220,683,587,214,3.1818181818181817,16.35434412265758,7,96
250250920001,507,492,1354,1374,465,3.048780487804878,-1.455604075691412,15,-20
250250920002,625,578,1823,1750,553,8.131487889273355,4.171428571428572,47,73
250250920003,318,300,981,881,290,6,11.350737797956867,18,100
250250920004,326,323,1022,940,296,0.9287925696594427,8.72340425531915,3,82
250250921011,480,467,1158,1113,475,2.7837259100642395,4.0431266846361185,13,45
250250921012,425,387,1238,1105,398,9.819121447028424,12.036199095022624,38,133
250250921013,349,321,914,729,324,8.722741433021806,25.377229080932786,28,185
250250921014,429,398,1021,1008,393,7.788944723618091,1.2896825396825395,31,13
250250921015,909,881,2590,2496,859,3.1782065834279227,3.766025641025641,28,94
250250922001,320,307,972,911,306,4.234527687296417,6.695938529088913,13,61
250250922002,282,271,856,776,271,4.059040590405904,10.309278350515463,11,80
250250922003,282,279,812,748,264,1.0752688172043012,8.55614973262032,3,64
250250922004,408,370,962,914,378,10.27027027027027,5.25164113785558,38,48
250250923001,280,270,781,787,259,3.7037037037037033,-0.7623888182973316,10,-6
250250923002,287,257,784,671,255,11.673151750972762,16.84053651266766,30,113
250250923003,370,324,1071,861,355,14.19753086419753,24.390243902439025,46,210
250250923004,235,226,665,574,216,3.982300884955752,15.853658536585366,9,91
250250924001,246,248,820,637,234,-0.8064516129032258,28.728414442700156,-2,183
250250924002,428,417,1223,1089,410,2.6378896882494005,12.304866850321396,11,134
250250924003,714,711,1811,1688,663,0.42194092827004215,7.286729857819905,3,123
250250924004,533,413,1434,1142,498,29.055690072639223,25.569176882662,120,292
250250924005,265,276,779,721,254,-3.985507246376811,8.044382801664355,-11,58
250251001001,211,61,611,167,211,245.9016393442623,265.8682634730539,150,444
250251001002,263,247,735,643,252,6.477732793522267,14.307931570762053,16,92
250251001003,334,311,984,821,310,7.395498392282958,19.853836784409257,23,163
250251001004,299,298,1008,964,290,0.33557046979865773,4.564315352697095,1,44
250251001005,242,243,689,622,236,-0.411522633744856,10.77170418006431,-1,67
250251001006,282,492,868,1320,268,-42.68292682926829,-34.24242424242424,-210,-452
250251001007,342,395,827,973,325,-13.41772151898734,-15.00513874614594,-53,-146
250251002001,382,369,1059,987,368,3.523035230352303,7.29483282674772,13,72
250251002002,245,246,727,719,239,-0.40650406504065045,1.1126564673157162,-1,8
250251002003,398,398,1133,1081,357,0,4.810360777058279,0,52
250251003001,422,375,1288,983,399,12.533333333333333,31.027466937945064,47,305
250251003002,331,324,874,877,304,2.1604938271604937,-0.34207525655644244,7,-3
250251003003,309,295,842,731,282,4.745762711864407,15.18467852257182,14,111
250251003004,261,268,733,712,253,-2.6119402985074625,2.9494382022471908,-7,21
250251004001,614,535,1267,1283,586,14.766355140186915,-1.2470771628994544,79,-16
250251004002,491,350,1270,1061,436,40.285714285714285,19.698397737983033,141,209
250251004003,313,303,833,798,297,3.3003300330033,4.385964912280701,10,35
250251004004,652,642,1698,1723,603,1.557632398753894,-1.4509576320371445,10,-25
250251005001,533,493,1219,1220,518,8.113590263691684,-0.08196721311475409,40,-1
250251005002,413,414,1008,994,383,-0.24154589371980675,1.4084507042253522,-1,14
250251005003,556,529,1418,1259,504,5.103969754253308,12.629070691024621,27,159
250251005004,533,482,1502,1328,496,10.58091286307054,13.102409638554215,51,174
250251005005,499,465,1429,1188,472,7.311827956989248,20.286195286195287,34,241
250251006011,495,488,1027,1094,459,1.4344262295081966,-6.124314442413162,7,-67
250251006012,382,382,945,898,355,0,5.233853006681515,0,47
250251006013,570,535,1320,1218,538,6.5420560747663545,8.374384236453201,35,102
250251006014,804,787,2050,1944,747,2.1601016518424396,5.4526748971193415,17,106
250251006031,651,556,1483,1306,605,17.086330935251798,13.552833078101074,95,177
250251006032,300,284,689,598,278,5.633802816901409,15.217391304347828,16,91
250251007001,516,484,1078,1050,476,6.6115702479338845,2.666666666666667,32,28
250251007002,543,527,1008,1027,533,3.0360531309297913,-1.8500486854917235,16,-19
250251007003,296,290,724,672,295,2.0689655172413794,7.738095238095238,6,52
250251007004,388,371,839,856,354,4.5822102425876015,-1.9859813084112148,17,-17
250251007005,304,303,683,717,290,0.33003300330033003,-4.741980474198047,1,-34
250251008001,262,272,716,663,261,-3.6764705882352944,7.993966817496228,-10,53
250251008002,407,378,983,929,378,7.671957671957672,5.81270182992465,29,54
250251008003,423,412,924,899,405,2.669902912621359,2.7808676307007785,11,25
250251008004,624,666,1033,1117,574,-6.306306306306306,-7.520143240823635,-42,-84
250251008005,470,461,907,807,457,1.9522776572668112,12.391573729863694,9,100
250251008006,539,513,1228,1131,513,5.0682261208577,8.576480990274094,26,97
250251009001,309,307,730,761,296,0.6514657980456027,-4.07358738501971,2,-31
250251009002,240,237,578,569,221,1.2658227848101267,1.5817223198594026,3,9
250251009003,631,621,1300,1295,623,1.610305958132045,0.3861003861003861,10,5
250251009004,225,218,529,515,205,3.211009174311927,2.7184466019417477,7,14
250251009005,353,346,1011,932,324,2.023121387283237,8.47639484978541,7,79
250251010011,248,242,678,721,223,2.479338842975207,-5.9639389736477115,6,-43
250251010012,319,312,764,733,310,2.2435897435897436,4.229195088676671,7,31
250251010013,313,302,845,745,292,3.642384105960265,13.422818791946309,11,100
250251010014,372,369,970,952,352,0.8130081300813009,1.8907563025210083,3,18
250251010015,490,497,985,1099,452,-1.4084507042253522,-10.37306642402184,-7,-114
250251010016,546,544,1351,1230,533,0.3676470588235294,9.83739837398374,2,121
250251010021,378,361,1034,802,372,4.7091412742382275,28.92768079800499,17,232
250251010022,1070,983,2580,2261,1029,8.850457782299085,14.108801415302963,87,319
250251010023,847,805,2098,1916,812,5.217391304347826,9.498956158663884,42,182
250251011011,287,276,752,775,268,3.985507246376811,-2.967741935483871,11,-23
250251011012,358,341,1033,904,323,4.9853372434017595,14.269911504424778,17,129
250251011013,553,543,1456,1476,534,1.841620626151013,-1.3550135501355014,10,-20
250251011021,309,310,841,849,290,-0.3225806451612903,-0.9422850412249705,-1,-8
250251011022,532,541,1579,1494,465,-1.6635859519408502,5.689424364123159,-9,85
250251011023,301,304,777,712,276,-0.9868421052631579,9.129213483146067,-3,65
250251011024,546,517,1569,1341,513,5.609284332688588,17.002237136465325,29,228
250251101031,378,325,574,568,314,16.307692307692307,1.056338028169014,53,6
250251101032,262,257,668,733,262,1.9455252918287937,-8.867667121418826,5,-65
250251101033,235,241,752,653,222,-2.4896265560165975,15.160796324655438,-6,99
250251101034,302,289,602,620,278,4.498269896193772,-2.903225806451613,13,-18
250251101035,814,666,1606,1440,699,22.22222222222222,11.527777777777779,148,166
250251101036,280,271,694,583,272,3.3210332103321036,19.039451114922812,9,111
250251101037,285,304,773,863,275,-6.25,-10.428736964078796,-19,-90
250251102011,851,874,2092,2051,809,-2.631578947368421,1.999024865919064,-23,41
250251103011,427,403,1137,1134,407,5.955334987593052,0.26455026455026454,24,3
250251103012,599,552,1363,1271,553,8.51449275362319,7.238394964594807,47,92
250251104011,788,733,1961,2011,771,7.503410641200546,-2.486325211337643,55,-50
250251104012,636,629,1658,1555,594,1.1128775834658187,6.623794212218649,7,103
250251104031,441,426,945,905,433,3.5211267605633805,4.41988950276243,15,40
250251104032,317,314,811,783,308,0.9554140127388535,3.5759897828863343,3,28
250251104033,258,258,731,657,244,0,11.263318112633181,0,74
250251104034,376,377,1014,975,356,-0.2652519893899204,4,-1,39
250251104035,404,392,936,989,385,3.061224489795918,-5.358948432760364,12,-53
250251105011,373,367,844,849,356,1.6348773841961852,-0.5889281507656066,6,-5
250251105012,644,631,1542,1498,595,2.0602218700475436,2.9372496662216285,13,44
250251105013,379,373,916,906,368,1.6085790884718498,1.1037527593818985,6,10
250251105021,603,589,1382,1311,564,2.3769100169779285,5.415713196033562,14,71
250251105022,864,810,1861,1855,819,6.666666666666667,0.3234501347708895,54,6
250251105023,298,285,757,640,289,4.56140350877193,18.28125,13,117
250251106011,762,865,1682,1915,703,-11.907514450867051,-12.16710182767624,-103,-233
250251106012,429,430,957,1054,414,-0.23255813953488372,-9.20303605313093,-1,-97
250251106071,524,519,1017,1013,500,0.9633911368015413,0.3948667324777887,5,4
250251106072,728,701,1600,1529,711,3.851640513552068,4.643557880967953,27,71
250251106073,786,734,1740,1586,730,7.084468664850137,9.709962168978564,52,154
250251106074,281,273,1073,949,263,2.93040293040293,13.066385669125394,8,124
250251201031,727,696,1642,1508,694,4.454022988505748,8.885941644562333,31,134
250251201041,256,252,540,516,248,1.5873015873015872,4.651162790697675,4,24
250251201042,363,351,763,799,360,3.418803418803419,-4.505632040050062,12,-36
250251201043,466,457,908,780,426,1.9693654266958425,16.41025641025641,9,128
250251201051,246,246,766,876,235,0,-12.557077625570775,0,-110
250251201052,405,388,1016,933,400,4.381443298969072,8.896034297963558,17,83
250251201053,298,319,712,635,268,-6.583072100313479,12.125984251968504,-21,77
250251202011,652,611,1287,1147,634,6.710310965630114,12.205754141238012,41,140
250251202012,905,894,1872,1841,867,1.2304250559284116,1.6838674633351438,11,31
250251202013,684,221,1201,451,625,209.50226244343892,166.29711751662973,463,750
250251203011,461,443,1212,1166,424,4.063205417607223,3.9451114922813035,18,46
250251203012,454,331,1016,855,423,37.160120845921455,18.83040935672515,123,161
250251203013,573,554,1527,1543,559,3.429602888086643,-1.0369410239792611,19,-16
250251203014,605,567,1365,1231,569,6.701940035273369,10.885458976441917,38,134
250251204001,432,424,906,856,424,1.8867924528301887,5.841121495327103,8,50
250251204002,366,363,719,676,341,0.8264462809917356,6.3609467455621305,3,43
250251204003,469,466,907,895,454,0.6437768240343348,1.3407821229050279,3,12
250251204004,853,845,1923,1862,825,0.9467455621301776,3.2760472610096674,8,61
250251204005,823,727,1545,1462,781,13.204951856946353,5.677154582763338,96,83
250251205001,375,334,923,824,346,12.275449101796406,12.014563106796118,41,99
250251205002,291,270,758,733,291,7.777777777777778,3.4106412005457027,21,25
250251205003,311,301,742,774,292,3.322259136212625,-4.1343669250646,10,-32
250251206001,429,401,916,865,404,6.982543640897755,5.895953757225433,28,51
250251206002,373,354,850,724,368,5.367231638418079,17.403314917127073,19,126
250251206003,373,348,805,746,346,7.183908045977011,7.908847184986595,25,59
250251207001,446,434,1000,962,438,2.7649769585253456,3.9501039501039505,12,38
250251207002,621,610,1139,1052,578,1.8032786885245904,8.26996197718631,11,87
250251301001,444,439,1078,1031,431,1.1389521640091116,4.558680892337536,5,47
250251301002,955,972,1528,1675,891,-1.7489711934156378,-8.776119402985074,-17,-147
250251301003,329,270,716,520,301,21.85185185185185,37.69230769230769,59,196
250251301004,344,344,854,810,336,0,5.432098765432099,0,44
250251301005,302,304,725,655,295,-0.6578947368421052,10.687022900763358,-2,70
250251301006,250,135,475,373,230,85.18518518518519,27.34584450402145,115,102
250251301007,353,352,798,842,342,0.2840909090909091,-5.225653206650831,1,-44
250251302001,247,245,648,590,232,0.8163265306122449,9.830508474576272,2,58
250251302002,369,366,878,880,352,0.819672131147541,-0.22727272727272727,3,-2
250251302003,682,606,1539,1398,654,12.541254125412541,10.085836909871244,76,141
250251302004,287,289,716,704,263,-0.6920415224913495,1.7045454545454544,-2,12
250251302005,410,408,927,934,402,0.49019607843137253,-0.7494646680942184,2,-7
250251303001,339,342,901,848,339,-0.8771929824561403,6.25,-3,53
250251303002,471,474,1103,1125,444,-0.6329113924050633,-1.9555555555555555,-3,-22
250251303003,294,295,815,801,279,-0.3389830508474576,1.7478152309612984,-1,14
250251303004,425,417,1025,983,406,1.9184652278177456,4.27263479145473,8,42
250251303005,290,283,652,662,278,2.4734982332155475,-1.5105740181268883,7,-10
250251304021,617,604,1120,1080,569,2.152317880794702,3.7037037037037033,13,40
250251304022,423,429,780,781,388,-1.3986013986013985,-0.12804097311139565,-6,-1
250251304023,471,452,1068,1058,456,4.20353982300885,0.945179584120983,19,10
250251304024,355,352,958,903,349,0.8522727272727272,6.0908084163898115,3,55
250251304025,377,359,906,815,360,5.013927576601671,11.16564417177914,18,91
250251304041,894,864,2039,1892,827,3.4722222222222223,7.76955602536998,30,147
250251304042,319,315,681,648,298,1.2698412698412698,5.092592592592593,4,33
250251304043,143,143,356,361,143,0,-1.3850415512465373,0,-5
250251304061,936,918,2092,2223,894,1.9607843137254901,-5.89293747188484,18,-131
250251304062,1287,1010,2977,2311,1266,27.425742574257427,28.818693206404156,277,666
250251304063,267,264,569,573,250,1.1363636363636365,-0.6980802792321117,3,-4
250251401021,420,395,1201,1186,413,6.329113924050633,1.2647554806070826,25,15
250251401022,524,417,1188,908,473,25.65947242206235,30.837004405286343,107,280
250251401023,380,355,1050,860,366,7.042253521126761,22.093023255813954,25,190
250251401024,507,487,1519,1447,503,4.1067761806981515,4.97581202487906,20,72
250251401051,901,887,2353,2359,874,1.5783540022547913,-0.2543450614667232,14,-6
250251401052,442,437,1236,1316,411,1.1441647597254003,-6.079027355623101,5,-80
250251401061,685,660,1465,1395,645,3.787878787878788,5.017921146953405,25,70
250251401062,287,238,713,506,277,20.588235294117645,40.909090909090914,49,207
250251401071,783,753,1976,1832,764,3.9840637450199203,7.860262008733625,30,144
250251401072,319,298,802,699,289,7.046979865771812,14.735336194563661,21,103
250251402011,554,547,1207,1089,530,1.2797074954296161,10.835629017447198,7,118
250251402012,396,388,1104,983,380,2.0618556701030926,12.309257375381485,8,121
250251402021,355,349,971,916,338,1.7191977077363898,6.004366812227074,6,55
250251402022,542,520,1428,1456,517,4.230769230769231,-1.9230769230769231,22,-28
250251402023,375,359,1120,987,363,4.456824512534819,13.47517730496454,16,133
250251402024,656,582,1535,1521,633,12.714776632302405,0.9204470742932281,74,14
250251402025,276,271,770,720,264,1.8450184501845017,6.944444444444445,5,50
250251403001,379,343,1036,915,368,10.495626822157435,13.224043715846994,36,121
250251403002,315,309,923,862,289,1.9417475728155338,7.076566125290023,6,61
250251403003,751,732,1479,1423,714,2.5956284153005464,3.9353478566408993,19,56
250251403004,248,236,756,705,238,5.084745762711865,7.234042553191489,12,51
250251403005,448,443,1233,1134,434,1.1286681715575622,8.73015873015873,5,99
250251403006,505,462,1420,1343,475,9.307359307359308,5.7334326135517495,43,77
250251404001,327,319,684,654,317,2.507836990595611,4.587155963302752,8,30
250251404002,359,357,1028,1003,326,0.5602240896358543,2.4925224327018944,2,25
250251404003,374,368,1008,1049,366,1.6304347826086956,-3.9084842707340326,6,-41
250251404004,268,256,812,755,241,4.6875,7.549668874172186,12,57
250251404005,529,518,1520,1399,503,2.1235521235521233,8.64903502501787,11,121
250251404006,678,625,1645,1618,672,8.48,1.6687268232385661,53,27
250251404007,436,463,1163,1172,405,-5.831533477321814,-0.7679180887372014,-27,-9
250251601011,430,353,1599,1332,420,21.813031161473088,20.045045045045047,77,267
250251601012,461,438,1412,1372,388,5.251141552511415,2.9154518950437316,23,40
250251601013,632,568,1966,1730,595,11.267605633802818,13.641618497109825,64,236
250251601014,759,539,2411,2092,745,40.816326530612244,15.248565965583175,220,319
250251601015,285,261,1081,1025,273,9.195402298850574,5.463414634146342,24,56
250251602001,386,357,1393,1336,366,8.123249299719888,4.266467065868264,29,57
250251602002,426,374,1196,1210,403,13.903743315508022,-1.1570247933884297,52,-14
250251602003,531,494,1565,1497,510,7.489878542510121,4.542418169672679,37,68
250251603001,1092,913,2025,1469,1047,19.605695509309967,37.848876786929885,179,556
250251603002,375,366,728,596,341,2.459016393442623,22.14765100671141,9,132
250251604001,842,345,1915,933,788,144.05797101449275,105.2518756698821,497,982
250251604002,763,683,1964,1783,718,11.71303074670571,10.151430173864274,80,181
250251605011,670,646,2159,2097,660,3.7151702786377707,2.956604673342871,24,62
250251605012,403,396,1338,1231,372,1.7676767676767675,8.692120227457352,7,107
250251605013,308,233,1009,774,278,32.18884120171674,30.361757105943155,75,235
250251605014,395,392,721,754,378,0.7653061224489796,-4.376657824933687,3,-33
250251605015,322,304,878,748,317,5.921052631578947,17.379679144385026,18,130
250251605021,829,624,2193,1703,796,32.8525641025641,28.772753963593654,205,490
250251605022,498,477,1591,1359,471,4.40251572327044,17.071376011773364,21,232
250251605023,602,488,1820,1398,579,23.36065573770492,30.185979971387695,114,422
250251606011,1016,1005,2355,2158,957,1.0945273631840797,9.128822984244671,11,197
250251606012,587,565,1978,1905,560,3.893805309734513,3.832020997375328,22,73
250251606021,491,470,1414,1290,480,4.468085106382979,9.612403100775193,21,124
250251606022,349,304,968,795,326,14.802631578947366,21.761006289308177,45,173
250251606023,380,346,1125,825,365,9.826589595375722,36.36363636363637,34,300
250251606024,291,271,877,780,249,7.380073800738007,12.435897435897436,20,97
250251606025,430,409,1108,985,412,5.134474327628362,12.48730964467005,21,123
250251701001,658,769,1909,1671,623,-14.434330299089726,14.24296828246559,-111,238
250251701002,436,384,1258,1012,415,13.541666666666666,24.308300395256918,52,246
250251701003,317,320,856,773,303,-0.9375,10.73738680465718,-3,83
250251701004,303,290,950,727,289,4.482758620689655,30.674002751031637,13,223
250251701005,516,514,1423,1320,489,0.38910505836575876,7.803030303030304,2,103
250251701006,286,289,940,722,276,-1.0380622837370241,30.193905817174517,-3,218
250251701007,614,498,1702,1335,588,23.293172690763054,27.490636704119854,116,367
250251702001,541,542,1336,1228,521,-0.18450184501845018,8.794788273615636,-1,108
250251702002,548,499,1593,1395,522,9.819639278557114,14.193548387096774,49,198
250251702003,261,240,804,606,245,8.75,32.67326732673268,21,198
250251702004,625,533,1572,1335,603,17.26078799249531,17.752808988764045,92,237
250251703001,1030,1021,2124,1956,952,0.881488736532811,8.588957055214724,9,168
250251703002,793,344,1950,899,769,130.5232558139535,116.90767519466074,449,1051
250251703003,353,338,1011,946,325,4.437869822485207,6.871035940803383,15,65
250251703004,679,637,1784,1609,660,6.593406593406594,10.876320696084525,42,175
250251703005,686,659,1901,1692,662,4.09711684370258,12.35224586288416,27,209
250251703006,549,517,1503,1209,532,6.189555125725339,24.317617866004962,32,294
250251703007,314,300,846,729,294,4.666666666666667,16.049382716049383,14,117
250251704001,501,485,1397,1102,468,3.2989690721649487,26.76950998185118,16,295
250251704002,544,506,1266,1151,536,7.5098814229249005,9.99131190269331,38,115
250251704003,458,431,1356,1101,446,6.2645011600928076,23.160762942779293,27,255
250251704004,686,910,1741,2025,655,-24.615384615384617,-14.024691358024691,-224,-284
250251705011,1838,1113,3158,1934,1414,65.1392632524708,63.28852119958634,725,1224
250251705012,840,814,1699,1501,792,3.194103194103194,13.191205862758162,26,198
250251705021,473,550,1122,1134,439,-14.000000000000002,-1.0582010582010581,-77,-12
250251705022,1306,998,2285,1684,1238,30.861723446893784,35.688836104513065,308,601
250251706011,625,557,1747,1351,595,12.208258527827647,29.311621021465584,68,396
250251706012,641,573,1719,1413,615,11.8673647469459,21.656050955414013,68,306
250251706013,563,497,1609,1387,549,13.279678068410464,16.005767844268203,66,222
250251706014,385,380,1172,954,357,1.3157894736842104,22.851153039832283,5,218
250251707011,385,431,895,788,353,-10.672853828306264,13.578680203045684,-46,107
250251707012,819,622,1805,1311,793,31.672025723472668,37.68115942028986,197,494
250251707021,390,352,1292,1146,371,10.795454545454545,12.739965095986038,38,146
250251707022,601,509,1869,1474,583,18.07465618860511,26.797829036635008,92,395
250251707023,617,547,1964,1658,568,12.79707495429616,18.455971049457176,70,306
250251707024,415,358,1282,959,406,15.921787709497206,33.68091762252346,57,323
250251707025,640,553,1589,1391,618,15.732368896925857,14.234363767074049,87,198
250251708001,806,797,1973,1815,785,1.1292346298619824,8.705234159779614,9,158
250251708002,582,577,1572,1359,545,0.8665511265164645,15.673289183222957,5,213
250251708003,464,419,1184,967,433,10.739856801909307,22.440537745604964,45,217
250251708004,455,424,1043,977,429,7.311320754716981,6.755373592630501,31,66
250251801011,628,584,1425,1207,563,7.534246575342466,18.061309030654517,44,218
250251801012,738,724,1292,1215,711,1.9337016574585635,6.337448559670782,14,77
250251801013,1481,1194,3086,2344,1414,24.036850921273032,31.655290102389078,287,742
250251802001,526,610,1429,1471,525,-13.77049180327869,-2.8552005438477224,-84,-42
250251802002,311,299,749,647,279,4.013377926421405,15.765069551777433,12,102
250251802003,347,336,695,648,340,3.273809523809524,7.253086419753087,11,47
250251802004,666,549,1453,1343,619,21.311475409836063,8.190618019359643,117,110
250251803011,266,258,661,652,245,3.10077519379845,1.3803680981595092,8,9
250251803012,343,322,858,778,330,6.521739130434782,10.282776349614396,21,80
250251803013,369,351,838,834,339,5.128205128205128,0.4796163069544364,18,4
250251803014,303,297,812,760,288,2.0202020202020203,6.842105263157896,6,52
250251804001,486,435,1016,876,468,11.724137931034482,15.981735159817351,51,140
250251804002,358,347,912,839,330,3.170028818443804,8.700834326579262,11,73
250251805001,616,613,1277,1273,588,0.48939641109298526,0.3142183817753339,3,4
250251805002,266,271,628,572,252,-1.8450184501845017,9.79020979020979,-5,56
250251805003,663,671,1244,1156,605,-1.1922503725782414,7.612456747404845,-8,88
250251805004,455,459,940,882,420,-0.8714596949891068,6.575963718820861,-4,58
250259801011,0,0,0,535,0,NA,-100,0,-535
250259803001,8,2,113,338,8,300,-66.5680473372781,6,-225
250259807001,2,5,7,6,2,-60,16.666666666666664,-3,1
250259810001,2,5,6,22,2,-60,-72.72727272727273,-3,-16
250259811001,0,0,0,0,0,NA,NA,0,0
250259811002,0,2,1,12,0,-100,-91.66666666666666,-2,-11
250259811003,1,6,6,6,1,-83.33333333333334,0,-5,0
250259811004,120,128,372,400,109,-6.25,-7.000000000000001,-8,-28
250259812011,0,0,0,0,0,NA,NA,0,0
250259812021,1,0,6,207,1,Inf,-97.10144927536231,1,-201
250259813001,0,0,0,0,0,NA,NA,0,0
250259813002,281,245,518,389,259,14.69387755102041,33.16195372750643,36,129
250259815011,1,0,13,12,1,Inf,8.333333333333332,1,1
250259815021,4,3,7,9,4,33.33333333333333,-22.22222222222222,1,-2
250259816001,1,0,2,0,1,Inf,Inf,1,2
250259817001,2,0,4,0,2,Inf,Inf,2,4
250259818001,10,49,23,82,4,-79.59183673469387,-71.95121951219512,-39,-59
250259901010,0,0,0,0,0,NA,NA,0,0
250277001001,489,478,982,935,373,2.301255230125523,5.026737967914439,11,47
250277001002,599,569,1386,1323,528,5.272407732864675,4.761904761904762,30,63
250277001003,337,334,965,1020,309,0.8982035928143712,-5.392156862745098,3,-55
250277001004,380,351,964,888,366,8.262108262108262,8.558558558558559,29,76
250277001005,923,867,2019,1915,752,6.459054209919262,5.430809399477806,56,104
250277011001,1008,972,2010,2046,855,3.7037037037037033,-1.7595307917888565,36,-36
250277011002,589,559,1338,1233,572,5.366726296958855,8.51581508515815,30,105
250277011003,354,356,892,880,324,-0.5617977528089888,1.3636363636363635,-2,12
250277011004,977,899,2779,2721,937,8.676307007786429,2.13156927600147,78,58
250277011005,262,285,633,664,231,-8.070175438596491,-4.66867469879518,-23,-31
250277011006,363,375,772,796,313,-3.2,-3.015075376884422,-12,-24
250277022001,778,753,1941,1960,740,3.3200531208499333,-0.9693877551020408,25,-19
250277022002,649,574,1250,1258,514,13.066202090592336,-0.6359300476947536,75,-8
250277031001,523,528,1034,1037,485,-0.946969696969697,-0.28929604628736744,-5,-3
250277031002,552,557,1273,1178,481,-0.8976660682226212,8.064516129032258,-5,95
250277031003,945,903,2208,2108,897,4.651162790697675,4.743833017077799,42,100
250277032001,542,557,1221,1169,504,-2.6929982046678633,4.448246364414029,-15,52
250277032002,614,603,1421,1386,570,1.8242122719734661,2.525252525252525,11,35
250277032003,437,440,998,1003,405,-0.6818181818181818,-0.4985044865403789,-3,-5
250277033001,980,949,2153,2071,888,3.2665964172813484,3.959439884113954,31,82
250277033002,699,694,1638,1632,632,0.7204610951008645,0.3676470588235294,5,6
250277042001,809,802,1725,1682,673,0.8728179551122194,2.5564803804994054,7,43
250277042002,558,546,1194,1234,480,2.197802197802198,-3.2414910858995136,12,-40
250277051001,268,266,663,657,261,0.7518796992481203,0.91324200913242,2,6
250277051002,659,647,1741,1595,633,1.8547140649149922,9.15360501567398,12,146
250277051003,820,817,2057,2334,776,0.36719706242350064,-11.868037703513282,3,-277
250277051004,489,439,1247,1169,472,11.389521640091116,6.672369546621043,50,78
250277051005,1027,970,2440,2258,899,5.876288659793814,8.060230292294065,57,182
250277061001,1122,1033,2797,2800,1077,8.615682478218782,-0.10714285714285715,89,-3
250277061002,643,629,1530,1582,607,2.2257551669316373,-3.286978508217446,14,-52
250277071001,760,732,1520,1448,711,3.825136612021858,4.972375690607735,28,72
250277071002,751,734,1853,1829,706,2.316076294277929,1.3121924548933843,17,24
250277071003,295,271,712,632,280,8.856088560885608,12.658227848101266,24,80
250277072001,1108,970,2120,1839,1011,14.22680412371134,15.28004350190321,138,281
250277073001,552,698,1168,1107,501,-20.916905444126073,5.510388437217705,-146,61
250277073002,924,923,1829,1782,821,0.10834236186348861,2.6374859708193044,1,47
250277073003,617,614,1059,1042,541,0.4885993485342019,1.6314779270633395,3,17
250277074001,1084,1042,2647,2497,1031,4.030710172744722,6.0072086503804565,42,150
250277074002,562,568,1196,1119,530,-1.056338028169014,6.881143878462913,-6,77
250277074003,461,449,1060,975,418,2.6726057906458798,8.717948717948717,12,85
250277075001,1011,882,2055,1847,966,14.625850340136054,11.261505143475906,129,208
250277075002,521,497,2123,2152,497,4.82897384305835,-1.3475836431226766,24,-29
250277075003,767,746,1946,1959,709,2.8150134048257374,-0.6636038795303726,21,-13
250277081001,654,624,1667,1510,634,4.807692307692308,10.397350993377485,30,157
250277081002,374,335,917,842,351,11.641791044776118,8.907363420427554,39,75
250277081003,939,776,2445,2073,903,21.00515463917526,17.945007235890014,163,372
250277081004,716,666,1876,1707,667,7.5075075075075075,9.900410076157,50,169
250277081005,619,559,1308,1145,524,10.73345259391771,14.235807860262009,60,163
250277091001,688,650,1938,1843,672,5.846153846153846,5.154639175257731,38,95
250277091002,500,497,1292,1250,487,0.6036217303822937,3.36,3,42
250277091003,525,417,1126,973,477,25.899280575539567,15.724563206577596,108,153
250277092011,753,756,2031,2038,736,-0.3968253968253968,-0.34347399411187435,-3,-7
250277092012,544,514,1183,1117,517,5.836575875486381,5.908683974932856,30,66
250277092013,1126,1009,2604,2281,1095,11.59563924677899,14.160455940377028,117,323
250277092014,716,563,1994,1485,693,27.175843694493786,34.27609427609428,153,509
250277092021,1305,1247,2991,2796,1252,4.651162790697675,6.974248927038626,58,195
250277092022,1562,1414,3404,2967,1512,10.466760961810467,14.728682170542637,148,437
250277092023,488,482,1088,1066,472,1.2448132780082988,2.0637898686679175,6,22
250277094001,1231,1149,2709,2500,1137,7.136640557006093,8.36,82,209
250277094002,964,979,2231,2250,888,-1.5321756894790604,-0.8444444444444443,-15,-19
250277095011,810,809,2134,2149,775,0.12360939431396785,-0.6979990693345742,1,-15
250277095021,590,572,1262,1242,568,3.146853146853147,1.610305958132045,18,20
250277095022,991,946,2935,2544,969,4.7568710359408035,15.369496855345913,45,391
250277095023,987,970,1989,1884,946,1.7525773195876289,5.573248407643312,17,105
250277096001,273,269,643,668,255,1.486988847583643,-3.74251497005988,4,-25
250277096002,335,335,748,721,324,0,3.744798890429958,0,27
250277096003,558,549,1037,1034,468,1.639344262295082,0.2901353965183753,9,3
250277097011,612,588,1334,1331,585,4.081632653061225,0.2253944402704733,24,3
250277097012,496,491,1155,971,471,1.0183299389002036,18.949536560247168,5,184
250277097013,386,366,800,840,382,5.46448087431694,-4.761904761904762,20,-40
250277097014,505,504,1177,1043,486,0.1984126984126984,12.847555129434324,1,134
250277097015,594,608,1482,1424,573,-2.302631578947368,4.073033707865169,-14,58
250277097021,562,552,1236,1160,528,1.8115942028985508,6.551724137931035,10,76
250277097022,630,637,1261,1182,603,-1.098901098901099,6.683587140439933,-7,79
250277101001,507,519,1360,1220,467,-2.312138728323699,11.475409836065573,-12,140
250277101002,304,309,685,654,271,-1.6181229773462782,4.740061162079511,-5,31
250277101003,303,300,752,663,278,1,13.423831070889895,3,89
250277101004,429,379,1018,898,403,13.192612137203167,13.3630289532294,50,120
250277102001,413,417,973,929,393,-0.9592326139088728,4.736275565123789,-4,44
250277102002,332,327,723,637,313,1.529051987767584,13.500784929356357,5,86
250277102003,378,370,991,812,372,2.1621621621621623,22.04433497536946,8,179
250277102004,473,458,1117,1170,447,3.2751091703056767,-4.52991452991453,15,-53
250277102005,881,857,2037,1921,840,2.8004667444574096,6.038521603331598,24,116
250277102006,528,568,1198,1290,520,-7.042253521126761,-7.131782945736434,-40,-92
250277103001,606,571,1627,1488,563,6.129597197898424,9.341397849462366,35,139
250277103002,778,716,1858,1736,718,8.659217877094973,7.027649769585254,62,122
250277104001,459,461,1155,1098,434,-0.43383947939262474,5.191256830601093,-2,57
250277104002,472,458,1049,1051,454,3.056768558951965,-0.19029495718363465,14,-2
250277105001,449,446,1035,988,394,0.672645739910314,4.757085020242915,3,47
250277105002,644,643,1417,1307,605,0.15552099533437014,8.416220351951033,1,110
250277105003,404,412,943,951,392,-1.9417475728155338,-0.8412197686645636,-8,-8
250277106001,470,452,881,876,443,3.982300884955752,0.5707762557077625,18,5
250277106002,587,619,1454,1321,540,-5.169628432956381,10.068130204390613,-32,133
250277106003,529,550,1372,1344,456,-3.8181818181818183,2.083333333333333,-21,28
250277106004,686,687,1679,1628,638,-0.1455604075691412,3.1326781326781328,-1,51
250277106005,800,611,1913,1425,734,30.9328968903437,34.24561403508772,189,488
250277107001,395,399,736,724,339,-1.0025062656641603,1.6574585635359116,-4,12
250277107002,656,714,1064,856,579,-8.123249299719888,24.299065420560748,-58,208
250277108001,397,393,1507,1375,366,1.0178117048346056,9.6,4,132
250277108002,579,573,1229,1303,503,1.0471204188481675,-5.6792018419033,6,-74
250277108003,1023,974,2263,1861,943,5.030800821355236,21.601289629231594,49,402
250277110001,517,506,1211,1171,489,2.1739130434782608,3.4158838599487615,11,40
250277110002,343,341,881,853,305,0.5865102639296188,3.2825322391559206,2,28
250277110003,425,442,981,1056,334,-3.8461538461538463,-7.1022727272727275,-17,-75
250277111001,780,760,2436,3394,737,2.631578947368421,-28.226281673541543,20,-958
250277111002,904,885,2402,2318,872,2.1468926553672314,3.62381363244176,19,84
250277121011,561,550,1342,1267,491,2,5.919494869771113,11,75
250277121012,1098,776,2522,1875,1069,41.49484536082475,34.50666666666667,322,647
250277121013,1017,740,2178,1641,971,37.432432432432435,32.72394881170018,277,537
250277121014,478,466,1343,1172,459,2.575107296137339,14.590443686006827,12,171
250277121021,1000,969,2589,2406,915,3.199174406604747,7.605985037406484,31,183
250277121022,651,632,1808,1725,641,3.0063291139240507,4.811594202898551,19,83
250277131001,774,712,2099,1993,733,8.707865168539326,5.3186151530356245,62,106
250277131002,800,780,1837,1900,737,2.564102564102564,-3.3157894736842106,20,-63
250277131003,454,373,1188,976,437,21.715817694369974,21.721311475409834,81,212
250277131004,761,749,3316,3186,714,1.602136181575434,4.080351537978657,12,130
250277151001,902,776,2701,2294,869,16.237113402061855,17.741935483870968,126,407
250277151002,1081,962,2964,2603,1043,12.37006237006237,13.86861313868613,119,361
250277161001,945,910,2147,2042,913,3.8461538461538463,5.14201762977473,35,105
250277161002,554,521,1330,1082,527,6.333973128598848,22.920517560073936,33,248
250277161003,471,435,1223,1116,437,8.275862068965518,9.587813620071685,36,107
250277161004,387,371,945,876,359,4.31266846361186,7.876712328767123,16,69
250277161005,1329,1162,2863,2442,1270,14.371772805507746,17.239967239967243,167,421
250277162001,822,818,1688,1644,773,0.4889975550122249,2.67639902676399,4,44
250277162002,530,534,1265,1176,495,-0.7490636704119851,7.568027210884354,-4,89
250277163001,392,386,950,784,368,1.5544041450777202,21.1734693877551,6,166
250277163002,940,709,1890,1367,910,32.58110014104372,38.258961228968545,231,523
250277163003,580,551,1127,1077,532,5.263157894736842,4.642525533890436,29,50
250277171001,301,295,790,743,276,2.0338983050847457,6.3257065948856,6,47
250277171002,1017,894,2368,2123,984,13.758389261744966,11.540273198304286,123,245
250277181001,863,844,2033,2026,830,2.251184834123223,0.3455083909180652,19,7
250277181002,378,271,911,647,360,39.48339483394834,40.80370942812983,107,264
250277181003,293,282,695,669,288,3.900709219858156,3.8863976083707024,11,26
250277181004,427,381,1210,1013,398,12.073490813648293,19.447186574531095,46,197
250277191001,1396,1289,3435,3246,1323,8.30100853374709,5.822550831792976,107,189
250277191002,667,648,1751,1794,654,2.9320987654320985,-2.3968784838350055,19,-43
250277191003,545,531,1461,1438,532,2.6365348399246704,1.5994436717663423,14,23
250277191004,510,497,1337,1330,486,2.61569416498994,0.5263157894736842,13,7
250277201001,805,780,2096,2019,782,3.205128205128205,3.8137691926696387,25,77
250277201002,579,559,1398,1394,557,3.5778175313059033,0.2869440459110474,20,4
250277211011,737,711,1851,1902,713,3.6568213783403656,-2.6813880126182967,26,-51
250277211021,1651,1368,4953,4168,1623,20.687134502923975,18.83397312859885,283,785
250277211022,923,910,2179,2111,857,1.4285714285714286,3.2212221695878727,13,68
250277211023,803,712,1917,1694,754,12.780898876404494,13.164108618654074,91,223
250277221001,704,681,1780,1735,670,3.3773861967694567,2.5936599423631126,23,45
250277221002,496,485,1028,1009,447,2.268041237113402,1.8830525272547076,11,19
250277221003,703,655,1904,1771,675,7.328244274809161,7.5098814229249005,48,133
250277221004,357,355,817,883,327,0.5633802816901409,-7.474518686296716,2,-66
250277231001,818,788,1812,2048,743,3.807106598984772,-11.5234375,30,-236
250277231002,423,430,856,942,363,-1.627906976744186,-9.129511677282377,-7,-86
250277231003,399,390,996,999,377,2.307692307692308,-0.3003003003003003,9,-3
250277241001,559,547,1373,1265,519,2.1937842778793417,8.537549407114625,12,108
250277241002,586,609,1075,1068,495,-3.776683087027915,0.6554307116104869,-23,7
250277241003,555,543,1387,1368,515,2.209944751381215,1.3888888888888888,12,19
250277251001,412,386,946,917,376,6.7357512953367875,3.162486368593239,26,29
250277251002,438,433,861,929,380,1.1547344110854503,-7.319698600645856,5,-68
250277251003,363,362,785,744,345,0.2762430939226519,5.510752688172043,1,41
250277251004,297,294,610,592,281,1.0204081632653061,3.040540540540541,3,18
250277251005,612,583,1532,1498,584,4.974271012006861,2.2696929238985315,29,34
250277261001,802,805,1813,1847,702,-0.37267080745341613,-1.8408229561451002,-3,-34
250277261002,468,412,1143,999,463,13.592233009708737,14.414414414414415,56,144
250277261003,488,511,1193,1181,458,-4.500978473581213,1.0160880609652836,-23,12
250277261004,456,436,1093,1057,432,4.587155963302752,3.405865657521287,20,36
250277261005,352,333,940,904,338,5.7057057057057055,3.982300884955752,19,36
250277262001,338,306,632,635,318,10.457516339869281,-0.47244094488188976,32,-3
250277262002,813,778,1782,1774,755,4.4987146529562985,0.4509582863585118,35,8
250277262003,493,464,877,886,464,6.25,-1.0158013544018059,29,-9
250277262004,338,320,706,723,305,5.625,-2.351313969571231,18,-17
250277262005,968,930,1813,1682,884,4.086021505376344,7.788347205707491,38,131
250277271001,831,765,2611,2517,804,8.627450980392156,3.7346046881207786,66,94
250277271002,256,254,638,587,242,0.7874015748031495,8.68824531516184,2,51
250277271003,602,580,1753,1702,579,3.793103448275862,2.9964747356051706,22,51
250277281001,828,676,2299,1777,805,22.485207100591715,29.375351716375913,152,522
250277281002,740,424,1818,1094,708,74.52830188679245,66.17915904936015,316,724
250277281003,478,461,1270,1255,458,3.68763557483731,1.1952191235059761,17,15
250277282001,339,331,936,909,335,2.416918429003021,2.9702970297029703,8,27
250277282002,274,271,646,669,274,1.107011070110701,-3.43796711509716,3,-23
250277282003,352,348,1021,953,352,1.1494252873563218,7.135362014690451,4,68
250277282004,582,505,1443,1182,563,15.247524752475247,22.081218274111674,77,261
250277283001,636,584,1845,1639,635,8.904109589041095,12.568639414276998,52,206
250277283002,850,823,2267,2059,816,3.2806804374240586,10.10199125789218,27,208
250277283003,349,351,805,846,332,-0.5698005698005698,-4.846335697399527,-2,-41
250277284001,794,714,2321,1950,785,11.204481792717088,19.025641025641026,80,371
250277284002,420,407,985,931,404,3.194103194103194,5.800214822771213,13,54
250277284003,798,751,2249,2082,785,6.25832223701731,8.021133525456293,47,167
250277291001,889,762,2596,2809,851,16.666666666666664,-7.582769668921324,127,-213
250277291002,320,307,865,857,306,4.234527687296417,0.9334889148191364,13,8
250277291003,621,528,1547,1331,614,17.613636363636363,16.228399699474082,93,216
250277292001,335,333,794,816,317,0.6006006006006006,-2.696078431372549,2,-22
250277292002,570,503,1345,1131,545,13.320079522862823,18.921308576480993,67,214
250277292003,317,313,730,725,308,1.2779552715654952,0.6896551724137931,4,5
250277301001,428,391,969,941,412,9.462915601023019,2.975557917109458,37,28
250277301002,401,362,853,767,374,10.773480662983426,11.21251629726206,39,86
250277301003,323,305,869,814,308,5.901639344262295,6.756756756756757,18,55
250277301004,548,519,1390,1326,524,5.5876685934489405,4.826546003016592,29,64
250277301005,1083,882,2421,2075,1071,22.789115646258505,16.674698795180724,201,346
250277302001,528,449,1247,1045,495,17.59465478841871,19.330143540669855,79,202
250277302002,756,639,1569,1313,708,18.30985915492958,19.497334348819496,117,256
250277302003,284,279,538,577,252,1.7921146953405016,-6.759098786828423,5,-39
250277302004,330,315,838,796,324,4.761904761904762,5.276381909547738,15,42
250277302005,306,299,761,712,295,2.341137123745819,6.882022471910113,7,49
250277302006,519,496,1223,1140,508,4.637096774193548,7.280701754385966,23,83
250277303001,524,430,975,857,511,21.86046511627907,13.768961493582262,94,118
250277303002,684,615,1545,1272,632,11.219512195121952,21.462264150943398,69,273
250277303003,541,486,1146,1079,515,11.316872427983538,6.209453197405004,55,67
250277303004,373,325,750,657,361,14.76923076923077,14.15525114155251,48,93
250277303005,280,267,808,694,250,4.868913857677903,16.42651296829971,13,114
250277304011,481,451,1035,912,468,6.651884700665188,13.486842105263158,30,123
250277304012,511,476,1484,1387,496,7.352941176470589,6.993511175198269,35,97
250277304013,977,884,2089,1803,959,10.520361990950226,15.862451469772601,93,286
250277304014,653,642,1384,1342,646,1.7133956386292832,3.129657228017884,11,42
250277304021,461,380,1022,884,446,21.31578947368421,15.610859728506787,81,138
250277304022,367,296,1044,776,334,23.986486486486484,34.5360824742268,71,268
250277305001,435,368,928,739,416,18.206521739130434,25.57510148849797,67,189
250277305002,511,475,1187,1143,473,7.578947368421053,3.849518810148731,36,44
250277305003,856,849,2050,1653,800,0.8244994110718492,24.016938898971567,7,397
250277306001,1273,1228,3217,3045,1193,3.664495114006515,5.648604269293925,45,172
250277306002,463,426,1019,1007,441,8.685446009389672,1.1916583912611718,37,12
250277306003,399,388,1262,1589,389,2.8350515463917527,-20.578980490874766,11,-327
250277306004,389,374,2468,2071,368,4.0106951871657754,19.169483341380975,15,397
250277306005,621,591,1332,1087,597,5.0761421319796955,22.539098436062556,30,245
250277307001,665,621,1648,1553,635,7.085346215780998,6.117192530585962,44,95
250277307002,319,305,832,781,310,4.590163934426229,6.530089628681178,14,51
250277307003,340,340,879,811,327,0,8.384710234278668,0,68
250277307004,471,409,1026,892,446,15.158924205378973,15.022421524663676,62,134
250277307005,344,311,842,777,334,10.610932475884244,8.365508365508365,33,65
250277307006,851,818,2140,1989,830,4.034229828850855,7.59175465057818,33,151
250277308011,461,445,1048,1029,438,3.5955056179775284,1.84645286686103,16,19
250277308012,825,783,1923,1835,802,5.363984674329502,4.795640326975477,42,88
250277308013,335,329,852,801,320,1.82370820668693,6.367041198501873,6,51
250277308021,395,353,886,835,372,11.89801699716714,6.107784431137724,42,51
250277308022,563,502,1336,1211,513,12.151394422310757,10.322047894302228,61,125
250277309011,361,337,888,854,334,7.121661721068249,3.9812646370023423,24,34
250277309012,664,576,1538,1262,629,15.277777777777779,21.870047543581617,88,276
250277309013,576,590,1302,1288,553,-2.3728813559322033,1.0869565217391304,-14,14
250277309021,357,339,2321,1838,342,5.3097345132743365,26.278563656147984,18,483
250277309022,373,367,833,739,355,1.6348773841961852,12.719891745602165,6,94
250277309023,510,452,1262,1139,487,12.831858407079647,10.79894644424934,58,123
250277310011,896,823,2468,2229,876,8.869987849331713,10.722296994167788,73,239
250277310021,412,355,994,854,395,16.056338028169016,16.39344262295082,57,140
250277310022,975,945,2272,2312,927,3.1746031746031744,-1.7301038062283738,30,-40
250277310023,1132,987,2781,2331,1080,14.69098277608916,19.305019305019304,145,450
250277310024,378,332,1034,905,371,13.855421686746988,14.25414364640884,46,129
250277311011,395,315,939,841,374,25.396825396825395,11.652794292508919,80,98
250277311012,378,328,953,821,343,15.24390243902439,16.07795371498173,50,132
250277311013,485,419,994,819,475,15.75178997613365,21.367521367521366,66,175
250277311014,605,563,1640,1468,576,7.460035523978685,11.716621253405995,42,172
250277311021,404,357,925,854,403,13.165266106442578,8.313817330210773,47,71
250277311022,421,384,1032,896,367,9.635416666666668,15.178571428571427,37,136
250277311023,372,322,900,761,356,15.527950310559005,18.265440210249672,50,139
250277312021,12,1,1375,1111,11,1100,23.762376237623762,11,264
250277312031,1038,957,1793,1742,1007,8.463949843260188,2.9276693455797935,81,51
250277312032,525,424,1616,1133,456,23.82075471698113,42.63018534863195,101,483
250277312033,606,503,1675,1371,574,20.47713717693837,22.173595915390226,103,304
250277312034,461,392,1006,952,409,17.602040816326532,5.6722689075630255,69,54
250277312041,575,516,1470,1515,505,11.434108527131782,-2.9702970297029703,59,-45
250277312042,419,352,1061,983,394,19.03409090909091,7.934893184130214,67,78
250277313001,576,459,1376,1154,532,25.49019607843137,19.23743500866551,117,222
250277313002,499,401,1409,1182,456,24.438902743142144,19.204737732656515,98,227
250277313003,671,644,1638,1505,622,4.192546583850932,8.837209302325581,27,133
250277314001,500,488,898,947,460,2.459016393442623,-5.174234424498416,12,-49
250277314002,343,300,906,722,301,14.333333333333334,25.48476454293629,43,184
250277314003,446,337,1184,1052,418,32.34421364985163,12.547528517110266,109,132
250277314004,466,409,1379,1313,436,13.93643031784841,5.026656511805026,57,66
250277314005,281,241,830,639,263,16.59751037344398,29.890453834115803,40,191
250277315001,391,320,731,630,373,22.1875,16.03174603174603,71,101
250277315002,533,478,1136,1027,503,11.506276150627615,10.613437195715676,55,109
250277315003,515,457,1418,1374,483,12.691466083150985,3.2023289665211063,58,44
250277315004,315,285,828,881,270,10.526315789473683,-6.015891032917139,30,-53
250277315005,633,596,1330,1262,610,6.208053691275168,5.388272583201268,37,68
250277316001,492,364,1509,1480,453,35.16483516483517,1.9594594594594597,128,29
250277316002,498,429,930,806,473,16.083916083916083,15.384615384615385,69,124
250277316003,756,658,1277,1267,686,14.893617021276595,0.7892659826361484,98,10
250277316004,543,470,1531,1410,427,15.53191489361702,8.581560283687944,73,121
250277316005,484,444,1040,884,442,9.00900900900901,17.647058823529413,40,156
250277316006,361,291,1792,1510,320,24.054982817869416,18.67549668874172,70,282
250277317001,1622,838,2998,1772,1460,93.55608591885442,69.18735891647856,784,1226
250277317002,785,673,1061,989,689,16.64190193164933,7.280080889787664,112,72
250277318001,460,382,963,793,430,20.418848167539267,21.437578814627994,78,170
250277318002,433,400,898,804,407,8.25,11.691542288557214,33,94
250277318003,599,594,1500,1536,572,0.8417508417508417,-2.34375,5,-36
250277318004,378,368,987,937,315,2.717391304347826,5.3361792956243335,10,50
250277318005,338,297,733,639,323,13.804713804713806,14.710485133020345,41,94
250277318006,1062,916,1861,1463,1004,15.938864628820962,27.204374572795626,146,398
250277319001,535,467,1195,1068,487,14.5610278372591,11.891385767790261,68,127
250277319002,598,491,1499,1191,532,21.792260692464357,25.86062132661629,107,308
250277319003,349,271,1001,709,313,28.782287822878228,41.18476727785614,78,292
250277319004,1182,1026,2656,2259,1107,15.204678362573098,17.574147853032315,156,397
250277320011,1181,1170,3408,3327,1153,0.9401709401709402,2.4346257889990985,11,81
250277320021,497,436,1414,1227,478,13.990825688073393,15.24042379788101,61,187
250277320022,1186,1116,2369,2291,1078,6.272401433691756,3.4046268005237885,70,78
250277320023,56,121,565,518,53,-53.71900826446281,9.073359073359073,-65,47
250277322011,537,507,855,788,493,5.9171597633136095,8.50253807106599,30,67
250277322012,1172,1003,2409,2032,1137,16.849451645064807,18.553149606299215,169,377
250277322021,497,450,1207,1073,475,10.444444444444445,12.488350419384902,47,134
250277322022,469,413,1089,954,442,13.559322033898304,14.150943396226415,56,135
250277322023,616,509,1387,1213,566,21.021611001964637,14.344600164880461,107,174
250277322031,559,496,1070,944,517,12.701612903225806,13.347457627118645,63,126
250277322032,440,395,1134,1040,413,11.39240506329114,9.038461538461538,45,94
250277322033,414,371,1008,869,383,11.590296495956872,15.995397008055237,43,139
250277323011,1039,920,2458,2131,1011,12.934782608695652,15.344908493664947,119,327
250277323012,638,529,1537,1285,610,20.604914933837428,19.610894941634243,109,252
250277323013,401,378,840,739,381,6.084656084656085,13.667117726657645,23,101
250277323021,1275,1029,2958,2371,1179,23.9067055393586,24.7574862927035,246,587
250277323022,753,687,1758,1531,722,9.606986899563319,14.826910516002611,66,227
250277324001,543,455,1432,1096,522,19.340659340659343,30.656934306569344,88,336
250277324002,529,485,1740,1244,503,9.072164948453608,39.87138263665595,44,496
250277324003,428,401,1234,1060,373,6.733167082294264,16.41509433962264,27,174
250277324004,399,336,945,910,348,18.75,3.8461538461538463,63,35
250277324005,330,291,967,815,303,13.402061855670103,18.650306748466257,39,152
250277324006,556,490,1699,1334,531,13.46938775510204,27.361319340329835,66,365
250277325001,568,317,1324,698,491,79.17981072555204,89.68481375358166,251,626
250277325002,553,504,1167,1078,480,9.722222222222223,8.256029684601113,49,89
250277326001,560,517,1355,1153,531,8.317214700193423,17.519514310494362,43,202
250277326002,528,448,1365,1022,490,17.857142857142858,33.56164383561644,80,343
250277326003,431,341,1056,815,395,26.392961876832842,29.570552147239265,90,241
250277326004,336,291,771,603,320,15.463917525773196,27.860696517412936,45,168
250277326005,345,300,901,660,321,15,36.515151515151516,45,241
250277327001,618,529,1379,1153,589,16.824196597353495,19.601040763226365,89,226
250277327002,440,386,1009,857,405,13.989637305699482,17.736289381563594,54,152
250277327003,608,539,1334,1143,561,12.80148423005566,16.710411198600177,69,191
250277327004,467,395,977,785,440,18.227848101265824,24.45859872611465,72,192
250277328011,1008,860,2254,1908,966,17.209302325581397,18.134171907756812,148,346
250277328012,1503,1509,3121,2921,1464,-0.3976143141153081,6.846970215679561,-6,200
250277328021,890,847,2320,2241,850,5.076741440377805,3.5252119589468984,43,79
250277328022,568,529,1340,1138,555,7.372400756143667,17.75043936731107,39,202
250277328023,368,322,959,743,350,14.285714285714285,29.071332436069987,46,216
250277329011,547,480,1141,1013,501,13.958333333333334,12.635735439289238,67,128
250277329012,1311,1106,2763,2360,1207,18.535262206148282,17.076271186440678,205,403
250277329013,528,460,1171,943,501,14.782608695652174,24.17815482502651,68,228
250277329014,570,560,1335,1290,507,1.7857142857142856,3.488372093023256,10,45
250277329015,372,359,915,986,365,3.6211699164345403,-7.200811359026369,13,-71
250277329021,75,25,3416,2459,70,200,38.91825945506303,50,957
250277330001,327,274,827,840,299,19.34306569343066,-1.5476190476190477,53,-13
250277330002,710,607,1762,1493,668,16.96869851729819,18.017414601473543,103,269
250277330003,626,515,1684,1429,558,21.553398058252426,17.844646606018195,111,255
250277331011,406,390,1028,953,386,4.102564102564102,7.869884575026233,16,75
250277331012,563,470,1240,1105,547,19.78723404255319,12.217194570135746,93,135
250277331021,386,326,1066,766,350,18.404907975460123,39.1644908616188,60,300
250277331022,708,618,1642,1458,662,14.563106796116504,12.620027434842248,90,184
250277351001,311,318,1057,1050,300,-2.20125786163522,0.6666666666666667,-7,7
250277351002,470,458,1136,1211,445,2.6200873362445414,-6.193228736581338,12,-75
250277351003,1012,988,2550,2557,967,2.42914979757085,-0.27375831052014077,24,-7
250277351004,816,825,1902,1895,786,-1.090909090909091,0.36939313984168864,-9,7
250277352001,493,471,1221,1216,465,4.670912951167728,0.41118421052631576,22,5
250277352002,374,373,890,909,353,0.2680965147453083,-2.0902090209020905,1,-19
250277352003,545,493,1450,1301,530,10.547667342799189,11.45272867025365,52,149
250277352004,350,344,881,831,331,1.744186046511628,6.016847172081829,6,50
250277361001,334,339,830,818,333,-1.4749262536873156,1.466992665036675,-5,12
250277361002,468,427,1132,1040,445,9.601873536299765,8.846153846153847,41,92
250277361003,244,242,726,742,240,0.8264462809917356,-2.15633423180593,2,-16
250277362001,342,342,853,858,332,0,-0.5827505827505828,0,-5
250277362002,651,614,1705,1458,632,6.026058631921824,16.941015089163237,37,247
250277362003,574,579,1428,1406,549,-0.8635578583765112,1.5647226173541962,-5,22
250277363001,432,425,1068,1054,411,1.647058823529412,1.3282732447817838,7,14
250277363002,260,259,654,611,251,0.3861003861003861,7.037643207855974,1,43
250277363003,321,324,767,761,302,-0.9259259259259258,0.7884362680683311,-3,6
250277364001,267,288,682,723,254,-7.291666666666667,-5.670816044260028,-21,-41
250277364002,696,666,1571,1533,681,4.504504504504505,2.4787997390737115,30,38
250277364003,338,329,860,815,338,2.735562310030395,5.521472392638037,9,45
250277365001,291,287,647,621,287,1.3937282229965158,4.186795491143317,4,26
250277365002,266,258,630,626,257,3.10077519379845,0.6389776357827476,8,4
250277365003,515,508,948,937,478,1.3779527559055118,1.1739594450373532,7,11
250277365004,484,484,1226,1175,464,0,4.340425531914894,0,51
250277365005,514,469,1163,1010,494,9.594882729211088,15.148514851485148,45,153
250277371001,359,321,837,744,351,11.838006230529595,12.5,38,93
250277371002,473,435,1114,1003,449,8.735632183908045,11.06679960119641,38,111
250277371003,760,732,1824,1801,733,3.825136612021858,1.2770682953914492,28,23
250277371004,752,697,1604,1568,709,7.890961262553802,2.295918367346939,55,36
250277372001,435,421,835,798,405,3.32541567695962,4.636591478696742,14,37
250277372002,502,510,925,949,479,-1.5686274509803921,-2.528977871443625,-8,-24
250277373001,655,644,1514,1502,623,1.7080745341614907,0.7989347536617843,11,12
250277373002,558,557,1416,1469,554,0.17953321364452424,-3.6078965282505107,1,-53
250277373003,664,574,1818,1536,637,15.6794425087108,18.359375,90,282
250277373004,828,736,1941,1891,787,12.5,2.6441036488630356,92,50
250277381001,524,508,1165,1097,492,3.149606299212598,6.198723792160438,16,68
250277381002,581,547,1463,1424,570,6.2157221206581355,2.7387640449438204,34,39
250277381003,914,823,2386,2115,885,11.057108140947753,12.813238770685578,91,271
250277382011,761,720,2171,2017,752,5.694444444444445,7.635101636093208,41,154
250277382012,934,872,2275,2058,900,7.110091743119266,10.54421768707483,62,217
250277382021,1573,1352,4393,3693,1514,16.346153846153847,18.954779312212295,221,700
250277382022,1067,1042,2380,2302,1036,2.399232245681382,3.3883579496090355,25,78
250277391001,566,584,1285,1279,518,-3.0821917808219177,0.46911649726348714,-18,6
250277391002,525,462,1248,1098,488,13.636363636363635,13.661202185792352,63,150
250277391003,882,841,2728,2518,872,4.875148632580261,8.339952343129468,41,210
250277391004,829,737,2477,2381,794,12.48303934871099,4.031919361612768,92,96
250277391005,1190,987,2756,2281,1134,20.56737588652482,20.82419991231916,203,475
250277392001,660,406,1439,962,607,62.5615763546798,49.58419958419958,254,477
250277392002,876,802,2029,1866,840,9.226932668329177,8.735262593783494,74,163
250277392003,714,696,1502,1365,660,2.586206896551724,10.036630036630036,18,137
250277392004,796,791,1810,1765,771,0.6321112515802781,2.5495750708215295,5,45
250277393001,662,659,1775,1623,631,0.4552352048558422,9.365372766481823,3,152
250277393002,1033,960,2228,2065,1005,7.604166666666666,7.893462469733656,73,163
250277394001,505,459,1527,1448,466,10.021786492374728,5.455801104972376,46,79
250277394002,721,690,1971,1805,704,4.492753623188406,9.19667590027701,31,166
250277394003,931,917,2166,2174,881,1.5267175572519083,-0.36798528058877644,14,-8
250277394004,729,716,2067,2064,707,1.8156424581005588,0.14534883720930233,13,3
250277394005,576,581,1417,1360,522,-0.8605851979345954,4.191176470588235,-5,57
250277395001,1006,961,3199,2979,993,4.682622268470343,7.385028533064787,45,220
250277395002,267,267,756,756,261,0,0,0,0
250277395003,1086,1092,2809,2791,1061,-0.5494505494505495,0.6449301325689717,-6,18
250277395004,412,379,1134,1028,387,8.70712401055409,10.311284046692606,33,106
250277401011,575,558,1601,1546,549,3.046594982078853,3.5575679172056924,17,55
250277401012,1028,655,2774,1880,993,56.94656488549619,47.5531914893617,373,894
250277401013,628,600,1852,1765,612,4.666666666666667,4.929178470254957,28,87
250277401021,1089,1037,2936,2755,1058,5.014464802314368,6.569872958257713,52,181
250277401022,610,595,1704,1588,583,2.5210084033613445,7.304785894206549,15,116
250277401023,611,610,1625,1710,592,0.16393442622950818,-4.970760233918129,1,-85
250277402001,378,346,901,745,367,9.248554913294797,20.93959731543624,32,156
250277402002,562,536,1320,1222,549,4.850746268656716,8.01963993453355,26,98
250277402003,417,377,1026,944,385,10.610079575596817,8.686440677966102,40,82
250277411011,388,387,921,854,370,0.2583979328165375,7.845433255269321,1,67
250277411012,697,671,1907,1939,673,3.8748137108792844,-1.6503352243424447,26,-32
250277411013,689,653,1818,1685,654,5.51301684532925,7.893175074183977,36,133
250277411021,392,374,1215,1146,387,4.81283422459893,6.020942408376963,18,69
250277411022,608,579,1882,1828,571,5.008635578583765,2.954048140043764,29,54
250277411023,522,332,1342,989,502,57.22891566265061,35.69261880687563,190,353
250277411024,468,464,1365,1326,461,0.8620689655172413,2.941176470588235,4,39
250277423001,434,436,976,996,425,-0.45871559633027525,-2.0080321285140563,-2,-20
250277423002,334,331,857,815,322,0.906344410876133,5.153374233128835,3,42
250277423003,277,280,759,732,265,-1.0714285714285714,3.6885245901639343,-3,27
250277423004,474,430,875,773,446,10.232558139534884,13.195342820181114,44,102
250277423005,364,365,788,729,347,-0.273972602739726,8.093278463648835,-1,59
250277424011,1065,999,3133,2950,1039,6.606606606606606,6.203389830508475,66,183
250277424012,799,790,2539,2471,778,1.139240506329114,2.7519222986645087,9,68
250277424021,1335,816,3576,1819,1275,63.60294117647059,96.5915338097856,519,1757
250277424022,503,417,1470,1207,500,20.623501199040767,21.789560894780447,86,263
250277431001,909,830,2523,2245,889,9.518072289156626,12.383073496659243,79,278
250277431002,901,891,2272,2246,870,1.122334455667789,1.157613535173642,10,26
250277431003,427,423,957,908,412,0.9456264775413712,5.39647577092511,4,49
250277431004,758,688,2248,2143,738,10.174418604651162,4.899673355109659,70,105
250277441011,606,423,1525,1151,581,43.262411347517734,32.49348392701998,183,374
250277441012,585,675,1255,1370,569,-13.333333333333334,-8.394160583941606,-90,-115
250277441013,581,566,1576,1565,571,2.65017667844523,0.7028753993610224,15,11
250277441014,662,617,1708,1566,640,7.293354943273905,9.067688378033207,45,142
250277441015,685,652,1883,1793,675,5.061349693251533,5.01952035694367,33,90
250277441021,987,928,2588,2503,965,6.357758620689655,3.395924890131842,59,85
250277441022,1137,1096,2965,2755,1104,3.7408759124087596,7.6225045372050815,41,210
250277442001,567,544,1290,1193,546,4.227941176470589,8.130762782900252,23,97
250277442002,493,492,934,921,465,0.20325203252032523,1.4115092290988056,1,13
250277442003,1221,1093,3130,2824,1164,11.71088746569076,10.835694050991501,128,306
250277442004,742,704,2009,1813,726,5.3977272727272725,10.81081081081081,38,196
250277442005,278,279,750,733,265,-0.35842293906810035,2.3192360163710775,-1,17
250277443001,496,471,1151,1010,490,5.3078556263269645,13.960396039603962,25,141
250277443002,474,475,1341,1117,436,-0.21052631578947367,20.053715308863026,-1,224
250277443003,349,352,907,805,330,-0.8522727272727272,12.670807453416149,-3,102
250277443004,435,400,1101,906,427,8.75,21.52317880794702,35,195
250277444001,477,485,1245,1130,470,-1.6494845360824744,10.176991150442479,-8,115
250277444002,680,661,1732,1641,635,2.8744326777609683,5.545399146861669,19,91
250277444003,500,499,1290,1203,482,0.2004008016032064,7.231920199501247,1,87
250277451001,932,923,2579,2555,921,0.9750812567713976,0.9393346379647749,9,24
250277451002,751,680,1462,1359,712,10.441176470588236,7.579102281089035,71,103
250277451003,710,682,1977,1997,667,4.105571847507331,-1.0015022533800702,28,-20
250277461001,704,654,1880,1713,647,7.64525993883792,9.748978400467017,50,167
250277461002,489,485,1248,1258,474,0.8247422680412372,-0.7949125596184419,4,-10
250277461003,1041,952,3101,2868,1017,9.34873949579832,8.124128312412832,89,233
250277471011,1192,1043,3092,2858,1146,14.285714285714285,8.187543736878936,149,234
250277471012,495,526,1049,1121,455,-5.893536121673003,-6.422836752899197,-31,-72
250277471013,513,498,1166,1131,493,3.0120481927710845,3.094606542882405,15,35
250277471021,744,712,1913,1962,713,4.49438202247191,-2.4974515800203876,32,-49
250277471022,923,849,1987,1954,857,8.716136631330977,1.6888433981576252,74,33
250277481001,711,686,1843,1790,674,3.6443148688046647,2.9608938547486034,25,53
250277481002,479,476,1331,1400,473,0.6302521008403361,-4.928571428571429,3,-69
250277491001,747,673,1943,1834,725,10.99554234769688,5.9432933478735,74,109
250277491002,1032,1001,2824,2742,995,3.096903096903097,2.9905178701677606,31,82
250277491003,858,744,2183,2016,839,15.32258064516129,8.283730158730158,114,167
250277491004,517,470,1420,1396,502,10,1.7191977077363898,47,24
250277492001,1013,994,2454,2426,970,1.9114688128772637,1.1541632316570487,19,28
250277492002,1564,1420,3337,3043,1489,10.140845070422536,9.661518238580348,144,294
250277501001,637,564,1558,1372,608,12.943262411347517,13.556851311953352,73,186
250277501002,1048,994,2743,2755,1011,5.432595573440644,-0.43557168784029043,54,-12
250277501003,806,824,1850,1921,769,-2.1844660194174756,-3.695991671004685,-18,-71
250277502001,299,273,749,698,278,9.523809523809524,7.306590257879657,26,51
250277502002,1084,969,2394,2194,1039,11.867905056759547,9.115770282588878,115,200
250277502003,500,491,1314,1330,483,1.8329938900203666,-1.2030075187969926,9,-16
250277502004,971,861,2704,2527,955,12.775842044134727,7.004352987732489,110,177
250277503001,1345,1196,3023,2910,1238,12.45819397993311,3.8831615120274914,149,113
250277511011,1099,1075,2894,2852,1042,2.2325581395348837,1.4726507713884993,24,42
250277511012,890,821,2538,2441,874,8.404384896467722,3.9737812371978696,69,97
250277511013,412,392,957,926,399,5.1020408163265305,3.3477321814254863,20,31
250277511021,626,596,1603,1496,570,5.033557046979865,7.1524064171122985,30,107
250277511022,583,510,1363,1248,565,14.313725490196077,9.214743589743591,73,115
250277521001,837,749,2262,2076,825,11.748998664886514,8.959537572254336,88,186
250277521002,1124,1072,2701,2557,1073,4.850746268656716,5.631599530700039,52,144
250277521003,526,513,1163,1068,437,2.53411306042885,8.895131086142321,13,95
250277521004,1022,959,2857,2770,979,6.569343065693431,3.140794223826715,63,87
250277531001,332,329,741,741,318,0.911854103343465,0,3,0
250277531002,450,452,1031,1151,435,-0.4424778761061947,-10.425716768027801,-2,-120
250277531003,689,677,1808,1896,658,1.7725258493353029,-4.641350210970464,12,-88
250277531004,911,892,1847,1826,870,2.130044843049327,1.1500547645125958,19,21
250277531005,735,687,1828,1844,681,6.986899563318777,-0.8676789587852495,48,-16
250277532001,862,843,2120,2059,817,2.2538552787663106,2.962603205439534,19,61
250277532002,1108,1092,2831,2978,1073,1.465201465201465,-4.9361987911349905,16,-147
250277532003,590,569,1141,1214,558,3.690685413005272,-6.013179571663921,21,-73
250277541001,590,535,1375,1337,564,10.2803738317757,2.842183994016455,55,38
250277541002,779,710,1924,1813,732,9.71830985915493,6.122448979591836,69,111
250277541003,982,949,1740,1672,823,3.477344573234984,4.0669856459330145,33,68
250277541004,867,822,1742,1680,810,5.474452554744526,3.6904761904761907,45,62
250277542001,1093,961,2284,2074,1026,13.735691987513007,10.12536162005786,132,210
250277542002,740,722,1485,1388,683,2.4930747922437675,6.988472622478387,18,97
250277543001,500,480,1019,901,426,4.166666666666666,13.09655937846837,20,118
250277543002,1132,1105,2080,2059,999,2.4434389140271495,1.0199125789218066,27,21
250277544001,403,386,1170,1097,381,4.404145077720207,6.654512306289881,17,73
250277544002,421,413,998,982,397,1.937046004842615,1.6293279022403258,8,16
250277544003,948,928,1963,1764,867,2.1551724137931036,11.281179138321995,20,199
250277551001,818,805,1655,1643,733,1.6149068322981366,0.7303712720632989,13,12
250277551002,798,751,1795,1657,754,6.25832223701731,8.328304164152083,47,138
250277552001,454,443,1191,1181,428,2.4830699774266365,0.8467400508044031,11,10
250277552002,832,796,2120,2075,791,4.522613065326634,2.1686746987951806,36,45
250277552003,485,443,1197,1140,460,9.480812641083523,5,42,57
250277552004,830,730,2874,2621,773,13.698630136986301,9.652804273178177,100,253
250277552005,439,435,1088,1073,413,0.9195402298850575,1.3979496738117427,4,15
250277561011,905,846,2277,2151,856,6.973995271867612,5.857740585774058,59,126
250277561012,1045,1046,2262,2361,961,-0.09560229445506692,-4.193138500635324,-1,-99
250277561021,1105,1035,3074,2960,1072,6.763285024154589,3.8513513513513518,70,114
250277561022,1311,1193,3447,3353,1224,9.89103101424979,2.8034595884282734,118,94
250277561023,872,765,2255,2156,855,13.986928104575163,4.591836734693878,107,99
250277571001,586,527,1294,1246,539,11.195445920303605,3.8523274478330656,59,48
250277571002,817,792,1621,1653,744,3.1565656565656566,-1.9358741681790685,25,-32
250277571003,399,402,977,902,381,-0.7462686567164178,8.314855875831485,-3,75
250277571004,310,294,739,713,293,5.442176870748299,3.6465638148667603,16,26
250277572001,395,388,1017,926,351,1.804123711340206,9.827213822894167,7,91
250277572002,339,327,677,601,300,3.669724770642202,12.645590682196339,12,76
250277572003,386,372,860,766,361,3.763440860215054,12.27154046997389,14,94
250277573001,604,577,1302,1211,538,4.679376083188909,7.514450867052023,27,91
250277573002,880,769,1903,1660,786,14.434330299089726,14.638554216867469,111,243
250277574001,349,327,838,766,331,6.727828746177369,9.39947780678851,22,72
250277574002,290,288,662,625,280,0.6944444444444444,5.92,2,37
250277574003,565,565,1313,1316,517,0,-0.22796352583586624,0,-3
250277575001,689,663,1659,1504,650,3.9215686274509802,10.305851063829788,26,155
250277575002,449,442,913,882,442,1.583710407239819,3.5147392290249435,7,31
250277575003,335,312,726,744,332,7.371794871794872,-2.4193548387096775,23,-18
250277575004,507,482,1240,1204,479,5.186721991701245,2.990033222591362,25,36
250277581011,834,793,1684,1650,761,5.170239596469105,2.0606060606060606,41,34
250277581021,718,666,1676,1579,654,7.807807807807808,6.1431285623812535,52,97
250277581022,857,798,2156,1897,760,7.393483709273182,13.653136531365314,59,259
250277581023,583,555,1302,1239,533,5.045045045045045,5.084745762711865,28,63
250277581024,633,586,1525,1379,593,8.020477815699659,10.587382160986222,47,146
250277581025,599,591,1525,1524,580,1.353637901861252,0.06561679790026247,8,1
250277591001,585,580,1291,1323,524,0.8620689655172413,-2.418745275888133,5,-32
250277591002,392,351,933,860,354,11.68091168091168,8.488372093023255,41,73
250277601001,529,540,865,891,475,-2.037037037037037,-2.9180695847362514,-11,-26
250277601002,592,549,1596,1555,567,7.832422586520947,2.636655948553055,43,41
250277601003,402,404,977,944,389,-0.49504950495049505,3.4957627118644066,-2,33
250277611001,607,594,1339,1296,564,2.1885521885521886,3.3179012345679015,13,43
250277611002,457,483,1046,1104,420,-5.383022774327122,-5.253623188405797,-26,-58
250277611003,446,452,982,1036,406,-1.3274336283185841,-5.212355212355212,-6,-54
250277611004,687,682,1608,1699,652,0.7331378299120235,-5.356091818716893,5,-91
250277612001,812,810,2367,2106,794,0.24691358024691357,12.393162393162394,2,261
250277612002,1014,834,2339,1935,949,21.58273381294964,20.878552971576227,180,404
250277612003,920,842,1884,1739,786,9.263657957244655,8.338125359401955,78,145
250277613001,477,395,1049,862,449,20.759493670886076,21.69373549883991,82,187
250277613002,396,386,1102,937,383,2.5906735751295336,17.6093916755603,10,165
250277613003,530,532,1285,1260,513,-0.37593984962406013,1.984126984126984,-2,25
250277614001,440,425,1106,1042,386,3.5294117647058822,6.142034548944338,15,64
250277614002,434,425,1194,1155,428,2.1176470588235294,3.3766233766233764,9,39
250277614003,425,392,1100,988,403,8.418367346938775,11.336032388663968,33,112
250277614004,317,294,785,737,295,7.8231292517006805,6.512890094979647,23,48
250277614005,478,429,1276,1141,461,11.421911421911423,11.831726555652935,49,135
250277614006,158,82,1390,1457,133,92.6829268292683,-4.598490048043926,76,-67
