bg20_id,hu_2010,hu_2020,pop_2010,pop_2020,hu_chng_p,pop_chng_p,hu_chng,pop_chng
250010101001,1136,1271,763,992,11.883802816901408,30.013106159895152,135,229
250010101002,921,957,494,637,3.908794788273615,28.947368421052634,36,143
250010101003,786,877,569,642,11.577608142493638,12.82952548330404,91,73
250010101004,791,960,516,729,21.3653603034134,41.27906976744186,169,213
250010101005,860,918,600,664,6.744186046511628,10.666666666666668,58,64
250010102061,996,1002,660,926,0.6024096385542169,40.303030303030305,6,266
250010102062,1430,1390,911,1113,-2.797202797202797,22.17343578485181,-40,202
250010102063,1880,1871,1179,1527,-0.4787234042553191,29.51653944020356,-9,348
250010102081,990,1006,787,892,1.6161616161616161,13.341804320203304,16,105
250010102082,1039,996,603,768,-4.138594802694899,27.363184079601986,-43,165
250010102083,1047,999,613,794,-4.584527220630372,29.526916802610113,-48,181
250010103041,1064,1080,1066,1153,1.5037593984962405,8.161350844277674,16,87
250010103042,1110,1107,742,889,-0.2702702702702703,19.81132075471698,-3,147
250010103043,531,562,613,630,5.83804143126177,2.7732463295269167,31,17
250010103061,1238,1230,920,1115,-0.6462035541195477,21.195652173913043,-8,195
250010103062,1153,1228,918,1125,6.504770164787511,22.54901960784314,75,207
250010103063,863,898,697,840,4.055619930475087,20.516499282639884,35,143
250010104001,580,582,766,825,0.3448275862068966,7.702349869451696,2,59
250010104002,656,710,758,872,8.231707317073171,15.03957783641161,54,114
250010104003,398,422,639,669,6.030150753768844,4.694835680751173,24,30
250010104004,725,745,837,979,2.7586206896551726,16.965352449223417,20,142
250010105001,1072,1128,1233,1217,5.223880597014925,-1.2976480129764802,56,-16
250010105002,1157,1184,840,877,2.33362143474503,4.404761904761905,27,37
250010105003,756,769,818,868,1.7195767195767195,6.112469437652812,13,50
250010106001,743,741,615,632,-0.2691790040376851,2.7642276422764227,-2,17
250010106002,653,655,807,834,0.3062787136294028,3.3457249070631967,2,27
250010106003,954,939,1125,1180,-1.5723270440251573,4.888888888888889,-15,55
250010106004,647,624,427,488,-3.554868624420402,14.285714285714285,-23,61
250010107001,741,803,930,968,8.367071524966262,4.086021505376344,62,38
250010107002,1662,1637,836,1000,-1.5042117930204573,19.617224880382775,-25,164
250010107003,1342,1315,753,896,-2.011922503725782,18.99070385126162,-27,143
250010107004,600,598,633,596,-0.33333333333333337,-5.845181674565561,-2,-37
250010108001,504,529,863,944,4.9603174603174605,9.385863267670915,25,81
250010108002,822,831,528,503,1.094890510948905,-4.734848484848484,9,-25
250010108003,879,956,768,805,8.75995449374289,4.817708333333334,77,37
250010108004,451,453,702,706,0.4434589800443459,0.5698005698005698,2,4
250010108005,1132,1309,2016,1961,15.636042402826856,-2.7281746031746033,177,-55
250010109001,1166,1188,1826,1863,1.8867924528301887,2.026286966046002,22,37
250010109002,571,584,1045,1152,2.276707530647986,10.239234449760765,13,107
250010109003,1248,1334,1362,1550,6.891025641025641,13.803230543318648,86,188
250010109004,1177,1059,711,834,-10.025488530161427,17.29957805907173,-118,123
250010110021,402,416,673,733,3.482587064676617,8.915304606240714,14,60
250010110022,796,818,810,969,2.763819095477387,19.62962962962963,22,159
250010110023,1207,1178,502,596,-2.4026512013256007,18.725099601593627,-29,94
250010110024,1107,1167,2172,2306,5.420054200542006,6.169429097605893,60,134
250010111001,677,688,979,986,1.6248153618906942,0.7150153217568949,11,7
250010111002,590,622,1068,1202,5.423728813559322,12.54681647940075,32,134
250010111003,992,1016,1531,1705,2.4193548387096775,11.365120836054867,24,174
250010111004,824,838,1114,1182,1.6990291262135921,6.104129263913824,14,68
250010112001,1282,1307,1149,1292,1.9500780031201248,12.445604873803308,25,143
250010112002,795,811,1126,1193,2.0125786163522013,5.950266429840142,16,67
250010112003,585,591,523,565,1.0256410256410255,8.030592734225621,6,42
250010112004,1026,1033,594,711,0.682261208576998,19.696969696969695,7,117
250010113001,975,981,639,620,0.6153846153846154,-2.97339593114241,6,-19
250010113002,864,866,1221,1206,0.23148148148148145,-1.2285012285012284,2,-15
250010113003,850,865,742,743,1.7647058823529411,0.13477088948787064,15,1
250010114001,633,666,792,784,5.213270142180095,-1.0101010101010102,33,-8
250010114002,783,783,1101,995,0,-9.627611262488648,0,-106
250010114003,587,613,429,439,4.429301533219761,2.331002331002331,26,10
250010114004,658,666,669,834,1.21580547112462,24.663677130044842,8,165
250010115001,477,497,676,712,4.1928721174004195,5.325443786982249,20,36
250010115002,669,672,1080,983,0.4484304932735426,-8.981481481481483,3,-97
250010115003,547,572,612,680,4.570383912248629,11.11111111111111,25,68
250010115004,530,564,867,939,6.415094339622642,8.304498269896193,34,72
250010115005,492,506,794,818,2.8455284552845526,3.022670025188917,14,24
250010116001,1139,1194,1513,1630,4.8287971905179985,7.732980832782552,55,117
250010116002,1245,1219,615,689,-2.0883534136546187,12.032520325203253,-26,74
250010116003,2428,2466,582,684,1.5650741350906094,17.525773195876287,38,102
250010117001,543,534,639,630,-1.6574585635359116,-1.4084507042253522,-9,-9
250010117002,846,834,491,520,-1.4184397163120568,5.906313645621181,-12,29
250010117003,1320,1301,747,768,-1.4393939393939394,2.8112449799196786,-19,21
250010118011,1092,1042,1480,1472,-4.5787545787545785,-0.5405405405405406,-50,-8
250010118012,621,634,923,971,2.0933977455716586,5.200433369447454,13,48
250010118021,467,473,834,844,1.284796573875803,1.1990407673860912,6,10
250010118022,464,497,844,919,7.112068965517242,8.886255924170616,33,75
250010118023,821,847,1439,1520,3.1668696711327646,5.628908964558722,26,81
250010118024,609,614,1138,1177,0.8210180623973727,3.427065026362039,5,39
250010120011,1103,1096,1583,1630,-0.6346328195829556,2.9690461149715732,-7,47
250010120012,925,928,1505,1590,0.3243243243243243,5.647840531561462,3,85
250010120013,725,727,1259,1336,0.27586206896551724,6.115965051628276,2,77
250010120014,800,804,1385,1422,0.5,2.6714801444043323,4,37
250010120021,789,794,1200,1224,0.6337135614702154,2,5,24
250010120022,1153,1211,1112,1287,5.030355594102342,15.737410071942445,58,175
250010120023,1229,1249,695,754,1.627339300244101,8.489208633093526,20,59
250010121011,790,794,1621,1624,0.5063291139240507,0.1850709438618137,4,3
250010121012,605,603,1046,1116,-0.3305785123966942,6.692160611854685,-2,70
250010121013,540,542,874,970,0.3703703703703704,10.983981693363845,2,96
250010121014,533,539,764,820,1.125703564727955,7.329842931937172,6,56
250010121015,696,694,1033,1078,-0.28735632183908044,4.356243949661181,-2,45
250010121021,1026,1017,811,799,-0.8771929824561403,-1.4796547472256474,-9,-12
250010121022,991,986,683,710,-0.5045408678102926,3.953147877013177,-5,27
250010121023,919,620,698,605,-32.53536452665941,-13.32378223495702,-299,-93
250010121024,567,588,866,1155,3.7037037037037033,33.37182448036952,21,289
250010122001,700,710,1368,1406,1.4285714285714286,2.7777777777777777,10,38
250010122002,486,501,836,854,3.0864197530864197,2.15311004784689,15,18
250010122003,1056,1080,2257,2217,2.272727272727273,-1.7722640673460344,24,-40
250010122004,483,494,585,578,2.2774327122153206,-1.1965811965811968,11,-7
250010125021,1010,992,638,807,-1.782178217821782,26.489028213166144,-18,169
250010125022,593,648,825,947,9.27487352445194,14.787878787878789,55,122
250010125023,593,592,885,1040,-0.16863406408094433,17.51412429378531,-1,155
250010125024,496,496,731,915,0,25.170998632010942,0,184
250010126011,857,941,1865,2164,9.801633605600934,16.032171581769436,84,299
250010126012,448,459,1012,1134,2.455357142857143,12.055335968379447,11,122
250010126021,609,609,1298,1480,0,14.021571648690292,0,182
250010126022,633,644,1403,1765,1.7377567140600316,25.80185317177477,11,362
250010126023,546,549,1221,1284,0.5494505494505495,5.159705159705159,3,63
250010126024,488,532,993,1139,9.01639344262295,14.70292044310171,44,146
250010127001,810,809,1399,1405,-0.12345679012345678,0.42887776983559683,-1,6
250010127002,598,579,1015,1010,-3.177257525083612,-0.49261083743842365,-19,-5
250010127003,686,686,760,834,0,9.736842105263158,0,74
250010127004,1140,1146,1389,1393,0.5263157894736842,0.28797696184305255,6,4
250010128001,599,549,911,1011,-8.347245409015025,10.976948408342482,-50,100
250010128002,730,743,1139,1186,1.7808219178082192,4.1264266900790165,13,47
250010128003,842,869,1873,1923,3.2066508313539197,2.669514148424987,27,50
250010129001,487,508,1117,1165,4.312114989733059,4.297224709042077,21,48
250010129002,639,651,1395,1501,1.8779342723004695,7.598566308243727,12,106
250010129003,802,805,1623,1707,0.3740648379052369,5.175600739371535,3,84
250010130021,713,863,506,559,21.037868162692845,10.474308300395258,150,53
250010130022,682,660,494,451,-3.225806451612903,-8.704453441295547,-22,-43
250010130023,699,729,870,880,4.291845493562231,1.1494252873563218,30,10
250010130024,644,656,1029,1098,1.8633540372670807,6.705539358600583,12,69
250010131001,583,617,1236,1319,5.831903945111493,6.715210355987054,34,83
250010131002,1028,1049,2292,2343,2.0428015564202333,2.225130890052356,21,51
250010131003,283,296,685,694,4.593639575971731,1.313868613138686,13,9
250010131004,700,714,1722,1613,2,-6.329849012775841,14,-109
250010132001,1021,1049,1152,1264,2.742409402546523,9.722222222222223,28,112
250010132002,1095,1210,2473,2693,10.50228310502283,8.896077638495754,115,220
250010132003,732,742,1157,1180,1.366120218579235,1.9878997407087293,10,23
250010133001,489,480,882,866,-1.8404907975460123,-1.8140589569160999,-9,-16
250010133002,572,596,961,1019,4.195804195804196,6.035379812695109,24,58
250010133003,978,1015,1375,1390,3.783231083844581,1.090909090909091,37,15
250010134001,725,748,822,764,3.1724137931034484,-7.0559610705596105,23,-58
250010134002,325,328,791,803,0.9230769230769231,1.5170670037926675,3,12
250010134003,642,653,1707,1490,1.7133956386292832,-12.71236086701816,11,-217
250010134004,610,626,843,836,2.622950819672131,-0.8303677342823249,16,-7
250010135001,696,704,1752,1721,1.1494252873563218,-1.7694063926940637,8,-31
250010135002,517,515,1321,1322,-0.3868471953578337,0.0757002271006813,-2,1
250010135003,1181,1197,2839,2826,1.3547840812870449,-0.4579077139837971,16,-13
250010135004,396,399,1028,1015,0.7575757575757576,-1.264591439688716,3,-13
250010136001,1046,1074,2828,2628,2.676864244741874,-7.072135785007072,28,-200
250010136002,920,948,2389,2461,3.0434782608695654,3.01381331100879,28,72
250010136003,379,402,1117,1114,6.068601583113456,-0.26857654431512984,23,-3
250010137001,844,879,1411,1576,4.1469194312796205,11.693834160170093,35,165
250010137002,373,380,772,731,1.876675603217158,-5.310880829015544,7,-41
250010137003,471,467,988,986,-0.8492569002123143,-0.20242914979757085,-4,-2
250010137004,438,541,1740,2142,23.515981735159816,23.103448275862068,103,402
250010138001,1081,1108,2538,2609,2.497687326549491,2.797478329393223,27,71
250010138002,728,744,1341,1486,2.197802197802198,10.812826249067859,16,145
250010138003,461,486,961,959,5.42299349240781,-0.20811654526534862,25,-2
250010139001,509,506,556,596,-0.5893909626719057,7.1942446043165464,-3,40
250010139002,793,807,1371,1279,1.7654476670870116,-6.710430342815463,14,-92
250010139003,991,1022,1766,1807,3.128153380423814,2.32163080407701,31,41
250010139004,594,658,1138,1208,10.774410774410773,6.151142355008787,64,70
250010140021,1387,1387,938,1057,0,12.686567164179104,0,119
250010140022,867,961,1748,1855,10.841983852364475,6.121281464530892,94,107
250010140023,479,491,751,713,2.5052192066805845,-5.0599201065246335,12,-38
250010140024,341,364,616,659,6.744868035190615,6.98051948051948,23,43
250010141001,450,344,1141,797,-23.555555555555554,-30.14899211218229,-106,-344
250010143001,1127,1140,748,891,1.1535048802129548,19.11764705882353,13,143
250010143002,540,556,864,824,2.9629629629629632,-4.62962962962963,16,-40
250010143003,506,532,603,693,5.138339920948617,14.925373134328357,26,90
250010143004,603,614,1075,1133,1.8242122719734661,5.395348837209302,11,58
250010143005,900,921,1095,1052,2.3333333333333335,-3.9269406392694064,21,-43
250010144021,1207,1284,2181,2253,6.379453189726594,3.3012379642365883,77,72
250010144022,1045,1085,2199,2322,3.827751196172249,5.5934515688949515,40,123
250010144023,1232,1241,2568,2626,0.7305194805194805,2.258566978193146,9,58
250010145001,887,954,1624,1645,7.5535512965050735,1.293103448275862,67,21
250010145002,1058,1106,2408,2500,4.536862003780719,3.820598006644518,48,92
250010145003,1136,1155,1362,1336,1.6725352112676055,-1.908957415565345,19,-26
250010146001,541,570,1078,1120,5.360443622920517,3.896103896103896,29,42
250010146002,593,623,1279,1299,5.059021922428331,1.5637216575449568,30,20
250010146003,465,492,551,597,5.806451612903226,8.348457350272232,27,46
250010146004,1005,1053,1222,1362,4.776119402985075,11.456628477905074,48,140
250010147001,877,826,672,667,-5.815279361459521,-0.744047619047619,-51,-5
250010147002,1224,1235,1211,1237,0.8986928104575163,2.1469859620148637,11,26
250010147003,1124,1170,1807,1742,4.092526690391459,-3.5971223021582732,46,-65
250010148001,662,671,831,861,1.3595166163141994,3.6101083032490973,9,30
250010148002,1016,1055,716,882,3.8385826771653546,23.18435754189944,39,166
250010148003,649,866,1124,1128,33.43605546995377,0.3558718861209964,217,4
250010148004,413,435,716,720,5.326876513317192,0.5586592178770949,22,4
250010149001,698,727,509,586,4.154727793696275,15.12770137524558,29,77
250010149002,855,895,896,904,4.678362573099415,0.8928571428571428,40,8
250010149003,790,802,843,819,1.5189873417721518,-2.8469750889679712,12,-24
250010149004,818,809,1349,1318,-1.1002444987775062,-2.2979985174203117,-9,-31
250010150011,1124,1122,2175,2266,-0.1779359430604982,4.183908045977011,-2,91
250010150012,906,913,2243,2183,0.772626931567329,-2.6749888542131077,7,-60
250010150021,1518,1836,2515,2835,20.948616600790515,12.72365805168986,318,320
250010150022,648,711,1197,1312,9.722222222222223,9.60735171261487,63,115
250010151001,1146,1235,1858,2053,7.766143106457242,10.495156081808396,89,195
250010151002,1243,1462,1951,2140,17.61866452131939,9.687339825730394,219,189
250010152001,1007,1051,1150,1156,4.369414101290963,0.5217391304347827,44,6
250010152002,2288,2426,915,1111,6.031468531468532,21.420765027322407,138,196
250010153001,290,751,519,1113,158.9655172413793,114.45086705202311,461,594
250010153002,869,825,1263,1350,-5.063291139240507,6.88836104513064,-44,87
250010153003,672,699,1255,1494,4.017857142857143,19.04382470119522,27,239
250019900000,0,0,0,0,NA,NA,0,0
250039001001,598,567,990,982,-5.183946488294314,-0.8080808080808081,-31,-8
250039001002,475,492,834,842,3.578947368421052,0.9592326139088728,17,8
250039001003,1112,1186,1565,1582,6.654676258992806,1.0862619808306708,74,17
250039002001,368,377,718,660,2.4456521739130435,-8.07799442896936,9,-58
250039002002,340,320,676,642,-5.88235294117647,-5.029585798816568,-20,-34
250039002003,532,516,932,892,-3.007518796992481,-4.291845493562231,-16,-40
250039002004,284,310,608,657,9.15492957746479,8.05921052631579,26,49
250039002005,366,363,872,790,-0.819672131147541,-9.403669724770642,-3,-82
250039002006,322,316,643,619,-1.8633540372670807,-3.7325038880248838,-6,-24
250039003001,479,485,1053,1047,1.2526096033402923,-0.5698005698005698,6,-6
250039003002,384,368,808,792,-4.166666666666666,-1.9801980198019802,-16,-16
250039003003,432,431,1042,1009,-0.23148148148148145,-3.166986564299424,-1,-33
250039004001,626,652,1213,1237,4.15335463258786,1.9785655399835118,26,24
250039004002,574,570,1190,1117,-0.6968641114982579,-6.134453781512605,-4,-73
250039004003,601,607,1250,1193,0.9983361064891847,-4.5600000000000005,6,-57
250039004004,550,548,1209,1195,-0.36363636363636365,-1.1579818031430935,-2,-14
250039005001,544,552,1207,1143,1.4705882352941175,-5.302402651201326,8,-64
250039005002,926,942,2081,2123,1.7278617710583155,2.0182604517059106,16,42
250039006001,280,283,625,647,1.0714285714285714,3.52,3,22
250039006002,356,331,786,664,-7.02247191011236,-15.521628498727736,-25,-122
250039006003,313,314,651,603,0.3194888178913738,-7.373271889400922,1,-48
250039006004,556,523,1134,1160,-5.935251798561151,2.2927689594356258,-33,26
250039006005,424,506,922,1116,19.339622641509436,21.0412147505423,82,194
250039007001,259,303,658,601,16.988416988416986,-8.662613981762918,44,-57
250039007002,269,273,641,647,1.486988847583643,0.93603744149766,4,6
250039007003,315,315,729,720,0,-1.2345679012345678,0,-9
250039007004,451,452,882,852,0.22172949002217296,-3.4013605442176873,1,-30
250039008001,446,451,1057,1069,1.1210762331838564,1.1352885525070955,5,12
250039008002,360,388,640,730,7.777777777777778,14.0625,28,90
250039008003,346,348,814,767,0.5780346820809248,-5.773955773955774,2,-47
250039008004,716,710,1538,1462,-0.8379888268156425,-4.9414824447334205,-6,-76
250039008005,347,346,786,753,-0.2881844380403458,-4.198473282442748,-1,-33
250039009001,392,392,799,853,0,6.758448060075094,0,54
250039009002,523,526,1033,1083,0.5736137667304015,4.84027105517909,3,50
250039009003,541,551,985,962,1.8484288354898337,-2.33502538071066,10,-23
250039009004,733,729,1678,1644,-0.5457025920873124,-2.026221692491061,-4,-34
250039009005,332,313,639,589,-5.72289156626506,-7.82472613458529,-19,-50
250039011001,304,304,658,664,0,0.911854103343465,0,6
250039011002,393,393,877,819,0,-6.61345496009122,0,-58
250039011003,1000,1054,2194,2050,5.4,-6.563354603463993,54,-144
250039111001,588,615,1375,1413,4.591836734693878,2.7636363636363637,27,38
250039111002,539,523,930,866,-2.9684601113172544,-6.881720430107527,-16,-64
250039111003,351,351,786,759,0,-3.435114503816794,0,-27
250039121001,499,513,1112,1131,2.80561122244489,1.70863309352518,14,19
250039121002,431,430,933,853,-0.23201856148491878,-8.57449088960343,-1,-80
250039121003,280,277,605,582,-1.0714285714285714,-3.8016528925619832,-3,-23
250039121004,382,357,931,819,-6.544502617801047,-12.030075187969924,-25,-112
250039121005,249,249,603,547,0,-9.286898839137644,0,-56
250039121006,555,557,1292,1219,0.36036036036036034,-5.65015479876161,2,-73
250039121007,524,545,1280,1179,4.007633587786259,-7.890625,21,-101
250039131001,285,297,644,600,4.2105263157894735,-6.832298136645963,12,-44
250039131002,382,426,649,755,11.518324607329843,16.33281972265023,44,106
250039131003,526,536,823,869,1.9011406844106464,5.5893074119076545,10,46
250039131004,250,247,480,473,-1.2,-1.4583333333333333,-3,-7
250039131005,825,830,1128,1045,0.6060606060606061,-7.358156028368794,5,-83
250039131006,417,473,584,600,13.42925659472422,2.73972602739726,56,16
250039131007,359,375,717,753,4.456824512534819,5.02092050209205,16,36
250039141001,617,665,1155,1191,7.779578606158834,3.116883116883117,48,36
250039141002,468,508,994,924,8.547008547008547,-7.042253521126761,40,-70
250039141003,516,522,1057,956,1.1627906976744187,-9.555345316934721,6,-101
250039141004,618,624,1140,1191,0.9708737864077669,4.473684210526316,6,51
250039141005,528,766,1117,1085,45.07575757575758,-2.864816472694718,238,-32
250039141006,309,313,480,441,1.2944983818770228,-8.125,4,-39
250039201011,366,374,636,732,2.185792349726776,15.09433962264151,8,96
250039201012,643,664,1390,1333,3.265940902021773,-4.100719424460432,21,-57
250039201013,320,394,1751,1815,23.125,3.6550542547115934,74,64
250039201014,551,310,861,621,-43.738656987295826,-27.874564459930312,-241,-240
250039201021,505,499,1064,897,-1.188118811881188,-15.695488721804512,-6,-167
250039201022,691,768,2051,2115,11.143270622286542,3.1204290589956116,77,64
250039213001,678,764,1239,1252,12.684365781710916,1.0492332526230832,86,13
250039213002,1049,1089,2307,2145,3.813155386081983,-7.022106631989597,40,-162
250039213003,611,614,1572,1439,0.4909983633387889,-8.460559796437659,3,-133
250039214001,412,399,780,698,-3.1553398058252426,-10.512820512820513,-13,-82
250039214002,475,464,919,764,-2.3157894736842106,-16.866158868335145,-11,-155
250039215001,501,482,979,915,-3.792415169660679,-6.537282941777324,-19,-64
250039215002,975,960,2122,2020,-1.5384615384615385,-4.806786050895382,-15,-102
250039221001,375,371,699,653,-1.0666666666666667,-6.580829756795422,-4,-46
250039221002,391,399,720,717,2.0460358056265986,-0.4166666666666667,8,-3
250039221003,756,765,1261,1259,1.1904761904761905,-0.1586042823156225,9,-2
250039222001,378,371,815,752,-1.8518518518518516,-7.730061349693251,-7,-63
250039222002,541,536,1015,995,-0.9242144177449169,-1.9704433497536946,-5,-20
250039222003,945,920,1859,1768,-2.6455026455026456,-4.895104895104895,-25,-91
250039223001,476,456,963,983,-4.201680672268908,2.0768431983385254,-20,20
250039223002,509,518,1153,1039,1.768172888015717,-9.887250650477016,9,-114
250039231001,416,403,874,894,-3.125,2.2883295194508007,-13,20
250039231002,515,525,1104,1108,1.9417475728155338,0.36231884057971014,10,4
250039231003,598,611,1257,1256,2.1739130434782608,-0.07955449482895784,13,-1
250039241001,796,748,614,627,-6.030150753768844,2.1172638436482085,-48,13
250039241002,548,538,779,842,-1.824817518248175,8.087291399229782,-10,63
250039241003,348,347,554,549,-0.28735632183908044,-0.9025270758122743,-1,-5
250039251011,348,358,654,647,2.8735632183908044,-1.0703363914373087,10,-7
250039251012,467,493,1031,1027,5.567451820128479,-0.38797284190106696,26,-4
250039251021,799,877,2060,2158,9.762202753441802,4.757281553398058,78,98
250039251022,410,425,793,738,3.6585365853658534,-6.935687263556116,15,-55
250039251023,344,357,659,613,3.77906976744186,-6.980273141122914,13,-46
250039251024,452,503,710,728,11.283185840707963,2.535211267605634,51,18
250039251025,647,673,1198,1261,4.01854714064915,5.258764607679465,26,63
250039261001,638,663,1099,1215,3.918495297805643,10.555050045495905,25,116
250039261002,306,299,537,508,-2.287581699346405,-5.400372439478584,-7,-29
250039261003,426,420,729,795,-1.4084507042253522,9.053497942386832,-6,66
250039261004,381,384,892,809,0.7874015748031495,-9.304932735426009,3,-83
250039311001,308,322,695,668,4.545454545454546,-3.884892086330935,14,-27
250039311002,407,427,1007,989,4.914004914004914,-1.787487586891758,20,-18
250039313001,356,362,752,694,1.6853932584269662,-7.712765957446808,6,-58
250039313002,357,350,692,645,-1.9607843137254901,-6.791907514450866,-7,-47
250039314001,491,473,898,831,-3.6659877800407332,-7.461024498886415,-18,-67
250039314002,413,416,847,814,0.7263922518159807,-3.896103896103896,3,-33
250039322001,261,270,538,494,3.4482758620689653,-8.178438661710038,9,-44
250039322002,1190,1145,1071,1199,-3.7815126050420167,11.951447245564893,-45,128
250039322003,537,542,708,732,0.931098696461825,3.389830508474576,5,24
250039323001,287,284,637,574,-1.0452961672473868,-9.89010989010989,-3,-63
250039323002,846,842,1395,1345,-0.4728132387706856,-3.584229390681003,-4,-50
250039332001,280,289,327,427,3.214285714285714,30.58103975535168,9,100
250039332002,927,883,960,1095,-4.746494066882416,14.0625,-44,135
250039333001,540,524,931,869,-2.9629629629629632,-6.659505907626208,-16,-62
250039333002,499,473,578,659,-5.210420841683367,14.013840830449828,-26,81
250039334001,585,601,753,753,2.735042735042735,0,16,0
250039334002,1117,1008,857,881,-9.758281110116384,2.8004667444574096,-109,24
250039334003,669,659,915,989,-1.4947683109118086,8.087431693989071,-10,74
250039342001,347,352,548,559,1.440922190201729,2.0072992700729926,5,11
250039342002,509,500,758,784,-1.768172888015717,3.430079155672823,-9,26
250039343001,342,337,494,486,-1.461988304093567,-1.6194331983805668,-5,-8
250039343002,1069,1114,1392,1532,4.20954162768943,10.057471264367816,45,140
250039351001,112,126,228,250,12.5,9.649122807017543,14,22
250039351002,534,998,717,757,86.89138576779027,5.578800557880056,464,40
250039351003,539,528,889,829,-2.0408163265306123,-6.749156355455568,-11,-60
250039351004,363,357,586,578,-1.6528925619834711,-1.3651877133105803,-6,-8
250039352001,649,661,1529,1452,1.848998459167951,-5.0359712230215825,12,-77
250039352002,477,478,1026,1051,0.20964360587002098,2.4366471734892787,1,25
250039352003,476,472,961,968,-0.8403361344537815,0.72840790842872,-4,7
250039352004,308,310,683,654,0.6493506493506493,-4.24597364568082,2,-29
250039352005,410,410,922,825,0,-10.52060737527115,0,-97
250039353001,534,528,1039,981,-1.1235955056179776,-5.582290664100096,-6,-58
250039353002,472,477,988,1008,1.059322033898305,2.0242914979757085,5,20
250039353003,1046,1094,1764,1739,4.588910133843212,-1.4172335600907031,48,-25
250056001001,818,838,2224,2306,2.444987775061125,3.6870503597122304,20,82
250056001002,833,923,1696,1724,10.804321728691477,1.650943396226415,90,28
250056002021,1216,1232,2823,2914,1.3157894736842104,3.22352107686858,16,91
250056002022,361,414,816,908,14.681440443213297,11.27450980392157,53,92
250056002023,431,490,842,992,13.68909512761021,17.81472684085511,59,150
250056002031,616,627,1805,1855,1.7857142857142856,2.7700831024930745,11,50
250056002032,305,318,927,992,4.2622950819672125,7.011866235167206,13,65
250056002033,288,589,818,1380,104.51388888888889,68.7041564792176,301,562
250056002034,764,806,2060,2159,5.49738219895288,4.805825242718447,42,99
250056002041,601,724,1790,1899,20.465890183028286,6.089385474860335,123,109
250056002042,759,773,2105,2196,1.844532279314888,4.323040380047506,14,91
250056101001,693,789,1833,1933,13.852813852813853,5.455537370430987,96,100
250056101002,1008,1047,2091,2188,3.869047619047619,4.6389287422285985,39,97
250056101003,643,653,1179,1238,1.5552099533437014,5.004240882103478,10,59
250056102021,662,669,2051,1972,1.0574018126888218,-3.8517796196977088,7,-79
250056102022,460,467,1179,1190,1.5217391304347827,0.9329940627650551,7,11
250056102023,454,492,1364,1514,8.370044052863436,10.997067448680351,38,150
250056102024,332,336,992,984,1.2048192771084338,-0.8064516129032258,4,-8
250056102031,371,379,1129,1032,2.15633423180593,-8.591674047829938,8,-97
250056102032,249,295,630,775,18.473895582329316,23.015873015873016,46,145
250056102033,860,851,2137,2175,-1.0465116279069768,1.7781937295273749,-9,38
250056102034,404,409,1427,1332,1.2376237623762376,-6.657323055360898,5,-95
250056102035,525,537,1560,1504,2.2857142857142856,-3.5897435897435894,12,-56
250056102041,603,622,2059,1985,3.150912106135987,-3.5939776590577948,19,-74
250056102042,777,865,1850,2023,11.325611325611327,9.35135135135135,88,173
250056102043,704,871,1703,2015,23.72159090909091,18.3206106870229,167,312
250056111011,1022,1326,2780,3312,29.74559686888454,19.136690647482013,304,532
250056111012,793,679,1805,1800,-14.37578814627995,-0.2770083102493075,-114,-5
250056111021,505,496,2770,2785,-1.782178217821782,0.5415162454873645,-9,15
250056111022,858,849,2277,2192,-1.048951048951049,-3.7329819938515594,-9,-85
250056112011,331,331,826,832,0,0.7263922518159807,0,6
250056112012,741,752,2177,2157,1.484480431848853,-0.9186954524575103,11,-20
250056112021,1010,1033,2887,2822,2.277227722772277,-2.2514721163837894,23,-65
250056112022,705,712,1890,1721,0.9929078014184398,-8.941798941798943,7,-169
250056112023,775,793,1619,1581,2.3225806451612905,-2.347127856701668,18,-38
250056121001,372,484,1048,1215,30.107526881720432,15.935114503816795,112,167
250056121002,909,926,2410,2375,1.87018701870187,-1.4522821576763485,17,-35
250056121003,413,419,1080,1126,1.4527845036319613,4.2592592592592595,6,46
250056122011,920,931,2443,2568,1.1956521739130435,5.116659844453541,11,125
250056122012,480,502,1226,1318,4.583333333333333,7.504078303425775,22,92
250056122021,329,420,749,986,27.659574468085108,31.64218958611482,91,237
250056122022,737,969,2246,2982,31.47896879240163,32.7693677649154,232,736
250056122023,904,1098,2179,2572,21.460176991150444,18.035796236805872,194,393
250056131001,776,788,1768,1791,1.5463917525773196,1.3009049773755657,12,23
250056131002,788,857,1793,1933,8.756345177664974,7.80814277746793,69,140
250056131003,684,760,1539,1730,11.11111111111111,12.410656270305392,76,191
250056131004,519,553,1215,1258,6.551059730250482,3.539094650205761,34,43
250056133001,753,798,2006,1941,5.9760956175298805,-3.2402791625124627,45,-65
250056133002,637,673,1757,1831,5.651491365777081,4.21172453044963,36,74
250056133003,651,697,1903,2008,7.066052227342549,5.517603783499737,46,105
250056133004,695,768,1535,1775,10.503597122302159,15.63517915309446,73,240
250056134001,796,853,2154,2289,7.160804020100503,6.267409470752089,57,135
250056134002,640,659,1659,1584,2.96875,-4.520795660036167,19,-75
250056136001,748,778,1712,1839,4.0106951871657754,7.418224299065421,30,127
250056136002,313,327,683,770,4.472843450479233,12.73792093704246,14,87
250056136003,677,675,1388,1569,-0.29542097488921715,13.04034582132565,-2,181
250056137001,1023,1059,2453,2453,3.519061583577713,0,36,0
250056137002,974,991,1893,2113,1.7453798767967144,11.62176439513999,17,220
250056138001,621,621,1190,1284,0,7.899159663865546,0,94
250056138002,671,661,1110,1277,-1.4903129657228018,15.045045045045043,-10,167
250056138003,321,329,662,742,2.4922118380062304,12.084592145015106,8,80
250056138004,851,792,1557,1590,-6.933019976498238,2.119460500963391,-59,33
250056139011,600,602,1332,1310,0.33333333333333337,-1.6516516516516515,2,-22
250056139012,763,780,1469,1615,2.2280471821756227,9.938733832539143,17,146
250056139021,591,833,1328,2022,40.947546531302876,52.25903614457831,242,694
250056139022,841,907,1915,2089,7.8478002378121285,9.086161879895561,66,174
250056139023,561,598,1508,1652,6.59536541889483,9.549071618037134,37,144
250056140001,877,893,2073,2151,1.8244013683010263,3.762662807525326,16,78
250056140002,538,555,1180,1182,3.1598513011152414,0.1694915254237288,17,2
250056140003,541,555,1219,1279,2.5878003696857674,4.922067268252666,14,60
250056141011,790,760,1796,1817,-3.79746835443038,1.1692650334075725,-30,21
250056141012,977,1006,2149,2299,2.968270214943705,6.979990693345742,29,150
250056141013,351,362,990,1011,3.133903133903134,2.1212121212121215,11,21
250056141014,750,751,1920,1966,0.13333333333333333,2.3958333333333335,1,46
250056141021,993,1062,2442,2502,6.948640483383686,2.457002457002457,69,60
250056141022,842,898,2466,2564,6.65083135391924,3.9740470397404706,56,98
250056141023,740,764,2110,2172,3.2432432432432434,2.938388625592417,24,62
250056151001,459,457,1095,1065,-0.4357298474945534,-2.73972602739726,-2,-30
250056151002,500,592,1486,1782,18.4,19.919246298788696,92,296
250056151003,508,558,1424,1491,9.84251968503937,4.705056179775281,50,67
250056151004,344,355,924,956,3.1976744186046515,3.463203463203463,11,32
250056151005,783,1016,2155,2807,29.757343550446997,30.25522041763341,233,652
250056161001,657,685,1951,1966,4.26179604261796,0.768836494105587,28,15
250056161002,918,1011,2694,2904,10.130718954248366,7.795100222717149,93,210
250056161003,614,664,1768,1894,8.143322475570033,7.126696832579185,50,126
250056171011,863,902,2335,2391,4.5191193511008105,2.398286937901499,39,56
250056171012,874,905,2346,2519,3.5469107551487413,7.374254049445865,31,173
250056171013,0,0,0,0,NA,NA,0,0
250056171021,633,691,1761,1901,9.162717219589258,7.950028392958547,58,140
250056171022,949,987,2428,2395,4.004214963119073,-1.3591433278418452,38,-33
250056301011,401,466,853,993,16.209476309226932,16.412661195779602,65,140
250056301012,969,1063,2002,2263,9.700722394220847,13.036963036963037,94,261
250056301021,539,548,1070,1027,1.6697588126159555,-4.018691588785047,9,-43
250056301022,460,505,855,1001,9.782608695652174,17.076023391812868,45,146
250056301023,591,668,1220,1379,13.028764805414554,13.032786885245901,77,159
250056301024,490,549,1056,1259,12.040816326530612,19.223484848484848,59,203
250056302011,418,427,1041,1047,2.15311004784689,0.57636887608069165,9,6
250056302012,665,688,2023,2001,3.4586466165413534,-1.0874938210578349,23,-22
250056302021,378,390,1216,1141,3.1746031746031744,-6.167763157894736,12,-75
250056302022,348,370,937,958,6.321839080459771,2.2411953041622197,22,21
250056302023,316,327,842,869,3.481012658227848,3.2066508313539197,11,27
250056302024,707,748,2145,2368,5.799151343705799,10.396270396270396,41,223
250056303011,729,797,2283,2412,9.327846364883403,5.650459921156373,68,129
250056303012,720,826,2114,2237,14.722222222222223,5.8183538315988645,106,123
250056303013,613,617,1611,1643,0.6525285481239804,1.9863438857852265,4,32
250056303021,539,626,1198,1368,16.14100185528757,14.190317195325541,87,170
250056303022,570,590,1394,1498,3.508771929824561,7.4605451936872305,20,104
250056304001,576,556,1537,1571,-3.4722222222222223,2.2121014964216004,-20,34
250056304002,548,691,1684,1837,26.094890510948904,9.085510688836104,143,153
250056304003,1018,1099,1631,1962,7.956777996070727,20.29429797670141,81,331
250056311011,370,387,955,990,4.594594594594595,3.664921465968586,17,35
250056311012,247,255,635,664,3.2388663967611335,4.566929133858268,8,29
250056311013,791,797,1430,1492,0.7585335018963337,4.335664335664335,6,62
250056311021,524,567,1214,1276,8.206106870229007,5.107084019769357,43,62
250056311022,474,490,1108,1157,3.375527426160337,4.422382671480144,16,49
250056311023,579,585,1642,1880,1.0362694300518136,14.494518879415347,6,238
250056311024,443,468,1109,1086,5.643340857787811,-2.0739404869251574,25,-23
250056312001,475,581,1223,1432,22.315789473684212,17.089125102207685,106,209
250056312002,294,305,768,808,3.741496598639456,5.208333333333334,11,40
250056312003,654,742,1309,1629,13.455657492354739,24.44614209320092,88,320
250056312004,534,586,1497,1618,9.737827715355806,8.082832331329326,52,121
250056312005,794,779,2045,2065,-1.8891687657430731,0.9779951100244498,-15,20
250056313001,634,680,1806,1883,7.255520504731862,4.263565891472868,46,77
250056313002,732,802,1715,1931,9.562841530054644,12.59475218658892,70,216
250056313003,782,807,1662,1743,3.1969309462915603,4.873646209386282,25,81
250056314001,719,712,1497,1603,-0.9735744089012517,7.080828323313293,-7,106
250056314002,653,711,1177,1286,8.88208269525268,9.260832625318606,58,109
250056315001,823,846,1822,1878,2.7946537059538272,3.0735455543358947,23,56
250056315002,406,428,975,1010,5.41871921182266,3.5897435897435894,22,35
250056316001,604,623,1544,1563,3.145695364238411,1.2305699481865284,19,19
250056316002,410,430,999,958,4.878048780487805,-4.1041041041041035,20,-41
250056316003,594,613,1412,1523,3.1986531986531985,7.861189801699717,19,111
250056317001,430,441,1221,1248,2.558139534883721,2.211302211302211,11,27
250056317002,745,753,1656,1605,1.0738255033557047,-3.0797101449275366,8,-51
250056317003,666,729,1809,2085,9.45945945945946,15.257048092868988,63,276
250056317004,616,704,1786,2034,14.285714285714285,13.885778275475925,88,248
250056318001,1209,1246,2693,2786,3.0603804797353185,3.4533976977348684,37,93
250056318002,424,452,1366,1354,6.60377358490566,-0.8784773060029283,28,-12
250056318003,885,960,2293,2500,8.47457627118644,9.027474923680767,75,207
250056318004,511,618,1227,1374,20.939334637964773,11.98044009779951,107,147
250056321001,453,472,1250,1367,4.194260485651214,9.36,19,117
250056321002,283,310,722,775,9.540636042402827,7.340720221606649,27,53
250056321003,346,377,886,977,8.959537572254336,10.270880361173814,31,91
250056321004,640,677,1700,1754,5.78125,3.176470588235294,37,54
250056321005,452,472,1167,1207,4.424778761061947,3.4275921165381322,20,40
250056321006,325,322,815,774,-0.9230769230769231,-5.030674846625767,-3,-41
250056322001,481,551,1194,1407,14.553014553014554,17.839195979899497,70,213
250056322002,670,764,1736,2014,14.029850746268657,16.013824884792626,94,278
250056322003,713,731,1978,2023,2.524544179523142,2.2750252780586453,18,45
250056322004,468,535,1171,1361,14.316239316239315,16.225448334756617,67,190
250056322005,467,846,1103,1872,81.15631691648822,69.71894832275612,379,769
250056331001,895,951,2447,2635,6.256983240223464,7.682876992235391,56,188
250056331002,564,622,1559,1667,10.28368794326241,6.927517639512508,58,108
250056331003,547,570,1484,1578,4.204753199268739,6.334231805929918,23,94
250056332001,608,621,1590,1624,2.138157894736842,2.138364779874214,13,34
250056332002,448,486,1255,1357,8.482142857142858,8.127490039840637,38,102
250056332003,792,882,2132,2377,11.363636363636363,11.49155722326454,90,245
250056332004,427,479,1141,1264,12.177985948477751,10.780017528483786,52,123
250056401001,481,516,1110,1171,7.276507276507277,5.495495495495495,35,61
250056401002,358,403,869,882,12.569832402234638,1.4959723820483315,45,13
250056401003,264,291,644,732,10.227272727272728,13.664596273291925,27,88
250056401004,492,560,1275,1487,13.821138211382115,16.627450980392155,68,212
250056401005,561,622,1467,1616,10.87344028520499,10.156782549420585,61,149
250056402011,501,515,1067,1155,2.7944111776447107,8.24742268041237,14,88
250056402012,699,709,1434,1476,1.4306151645207439,2.928870292887029,10,42
250056402021,326,355,626,736,8.895705521472392,17.57188498402556,29,110
250056402022,584,573,1113,1156,-1.8835616438356164,3.8634321653189576,-11,43
250056402023,953,985,1707,1952,3.3578174186778593,14.352665495020503,32,245
250056403001,660,754,1471,1700,14.242424242424242,15.56764106050306,94,229
250056403002,447,477,1032,1060,6.7114093959731544,2.7131782945736433,30,28
250056403003,562,585,1190,1290,4.092526690391459,8.403361344537815,23,100
250056404001,337,346,651,715,2.6706231454005933,9.831029185867896,9,64
250056404002,479,495,932,935,3.3402922755741122,0.3218884120171674,16,3
250056404003,510,552,1099,1239,8.235294117647058,12.738853503184714,42,140
250056405001,455,480,812,920,5.4945054945054945,13.30049261083744,25,108
250056405002,379,352,750,723,-7.12401055408971,-3.5999999999999996,-27,-27
250056405003,427,443,856,973,3.747072599531616,13.66822429906542,16,117
250056405004,562,592,1094,1148,5.338078291814947,4.93601462522852,30,54
250056405005,887,911,1653,1690,2.705749718151071,2.238354506957048,24,37
250056406001,489,500,941,1039,2.2494887525562373,10.414452709883102,11,98
250056406002,456,464,1021,1134,1.7543859649122806,11.067580803134183,8,113
250056406003,718,781,1478,1688,8.774373259052924,14.208389715832206,63,210
250056406004,470,477,1010,1030,1.4893617021276597,1.9801980198019802,7,20
250056407001,670,697,1526,1528,4.029850746268656,0.1310615989515072,27,2
250056407002,340,344,764,754,1.1764705882352942,-1.3089005235602094,4,-10
250056407003,282,287,610,632,1.773049645390071,3.606557377049181,5,22
250056408001,514,509,1220,1208,-0.9727626459143969,-0.9836065573770493,-5,-12
250056408002,555,505,1232,1255,-9.00900900900901,1.8668831168831168,-50,23
250056408003,504,542,1362,1377,7.5396825396825395,1.1013215859030838,38,15
250056409011,270,266,500,541,-1.4814814814814816,8.200000000000001,-4,41
250056409012,791,819,1471,1631,3.5398230088495577,10.876954452753228,28,160
250056409013,595,621,1240,1328,4.369747899159663,7.096774193548387,26,88
250056409014,588,590,1249,1318,0.3401360544217687,5.524419535628502,2,69
250056409015,276,281,611,654,1.8115942028985508,7.037643207855974,5,43
250056410001,492,491,780,781,-0.20325203252032523,0.1282051282051282,-1,1
250056410002,421,413,827,767,-1.9002375296912115,-7.255139056831923,-8,-60
250056410003,437,439,812,859,0.4576659038901602,5.788177339901478,2,47
250056411011,746,760,1095,1222,1.876675603217158,11.598173515981735,14,127
250056411012,447,433,617,681,-3.131991051454139,10.372771474878444,-14,64
250056412001,850,895,1621,1816,5.294117647058823,12.02961135101789,45,195
250056412002,630,631,1182,1162,0.15873015873015872,-1.6920473773265652,1,-20
250056413001,318,329,836,824,3.459119496855346,-1.4354066985645932,11,-12
250056413002,630,646,1221,1356,2.5396825396825395,11.056511056511056,16,135
250056413003,482,489,978,959,1.4522821576763485,-1.9427402862985685,7,-19
250056413004,531,569,1244,1414,7.1563088512241055,13.665594855305466,38,170
250056413005,552,556,1047,991,0.7246376811594203,-5.348615090735435,4,-56
250056414001,278,272,575,730,-2.158273381294964,26.956521739130434,-6,155
250056414002,444,436,881,940,-1.8018018018018018,6.696935300794552,-8,59
250056414003,608,917,1130,1661,50.82236842105263,46.991150442477874,309,531
250056415001,655,662,1337,1311,1.0687022900763359,-1.944652206432311,7,-26
250056415002,611,628,1064,1152,2.7823240589198037,8.270676691729323,17,88
250056416001,488,484,1052,1090,-0.819672131147541,3.6121673003802277,-4,38
250056416002,592,596,1271,1246,0.6756756756756757,-1.9669551534225018,4,-25
250056417001,255,261,612,612,2.3529411764705883,0,6,0
250056417002,596,627,1267,1429,5.201342281879195,12.786108918705605,31,162
250056417003,426,431,1075,1096,1.1737089201877933,1.9534883720930232,5,21
250056417004,913,937,2142,2093,2.628696604600219,-2.287581699346405,24,-49
250056418001,305,305,513,506,0,-1.364522417153996,0,-7
250056418002,735,737,1546,1566,0.27210884353741494,1.29366106080207,2,20
250056419001,507,518,978,956,2.1696252465483234,-2.2494887525562373,11,-22
250056419002,795,819,1297,1475,3.018867924528302,13.723978411719354,24,178
250056420001,346,324,631,610,-6.358381502890173,-3.328050713153724,-22,-21
250056420002,452,563,882,1111,24.557522123893804,25.963718820861676,111,229
250056420003,833,835,1761,1763,0.24009603841536614,0.1135718341851221,2,2
250056421001,1297,1365,2460,2673,5.242868157286044,8.658536585365853,68,213
250056421002,939,923,1684,1678,-1.703940362087327,-0.35629453681710216,-16,-6
250056422001,306,311,1089,1040,1.6339869281045754,-4.499540863177227,5,-49
250056422002,412,415,1036,1008,0.7281553398058253,-2.7027027027027026,3,-28
250056422003,471,472,990,1048,0.21231422505307856,5.858585858585859,1,58
250056422004,372,373,766,762,0.2688172043010753,-0.5221932114882507,1,-4
250056423001,439,440,1075,1064,0.22779043280182232,-1.0232558139534882,1,-11
250056423002,452,459,1120,1053,1.5486725663716814,-5.982142857142858,7,-67
250056424001,525,528,992,1030,0.5714285714285714,3.8306451612903225,3,38
250056424002,344,354,756,836,2.9069767441860463,10.582010582010582,10,80
250056424003,500,508,1012,1012,1.6,0,8,0
250056425001,657,742,1510,1743,12.93759512937595,15.43046357615894,85,233
250056425002,1219,1254,3007,3001,2.871205906480722,-0.19953441968739608,35,-6
250056441011,718,717,1818,1764,-0.1392757660167131,-2.9702970297029703,-1,-54
250056441012,643,651,1498,1541,1.244167962674961,2.8704939919893193,8,43
250056441013,445,446,783,848,0.22471910112359553,8.301404853128991,1,65
250056441014,674,697,1729,1846,3.4124629080118694,6.7669172932330826,23,117
250056441021,900,918,2590,2628,2,1.4671814671814671,18,38
250056441022,1024,1037,2467,2404,1.26953125,-2.553708958248885,13,-63
250056442001,553,553,1300,1291,0,-0.6923076923076923,0,-9
250056442002,400,404,908,1018,1,12.114537444933921,4,110
250056442003,832,847,1975,2026,1.8028846153846152,2.5822784810126582,15,51
250056442004,513,485,1315,1258,-5.458089668615984,-4.334600760456274,-28,-57
250056442005,336,337,916,813,0.2976190476190476,-11.244541484716157,1,-103
250056442006,355,356,866,866,0.28169014084507044,0,1,0
250056451011,312,377,691,891,20.833333333333336,28.94356005788712,65,200
250056451012,701,717,1542,1560,2.282453637660485,1.1673151750972763,16,18
250056451013,327,338,840,809,3.3639143730886847,-3.6904761904761907,11,-31
250056451014,844,868,1790,1864,2.843601895734597,4.134078212290502,24,74
250056451021,377,413,976,1136,9.549071618037134,16.39344262295082,36,160
250056451022,479,501,1091,1177,4.592901878914405,7.882676443629697,22,86
250056451023,397,428,1078,1144,7.8085642317380355,6.122448979591836,31,66
250056451024,776,909,2239,2600,17.13917525773196,16.123269316659222,133,361
250056451031,765,827,2162,2248,8.104575163398692,3.9777983348751156,62,86
250056451032,990,1060,2689,2831,7.07070707070707,5.280773521755299,70,142
250056451033,373,466,766,884,24.932975871313673,15.404699738903393,93,118
250056461011,406,438,1089,1140,7.8817733990147785,4.683195592286501,32,51
250056461012,1100,1169,2549,2674,6.2727272727272725,4.903883876029816,69,125
250056461013,565,574,1412,1320,1.592920353982301,-6.515580736543909,9,-92
250056461014,989,1132,2307,2703,14.459049544994945,17.16514954486346,143,396
250056461031,935,1031,2286,2428,10.267379679144385,6.21172353455818,96,142
250056461032,748,828,2020,2064,10.695187165775401,2.178217821782178,80,44
250056461033,523,572,1300,1337,9.369024856596559,2.8461538461538463,49,37
250056461041,550,615,824,816,11.818181818181818,-0.9708737864077669,65,-8
250056461042,558,584,604,667,4.659498207885305,10.43046357615894,26,63
250056461043,821,848,1143,1190,3.2886723507917175,4.111986001749781,27,47
250056501011,683,709,1936,1772,3.806734992679356,-8.47107438016529,26,-164
250056501012,648,683,1668,1636,5.401234567901234,-1.9184652278177456,35,-32
250056501013,860,880,2149,2131,2.3255813953488373,-0.837598883201489,20,-18
250056501021,538,548,1364,1422,1.858736059479554,4.252199413489736,10,58
250056501022,905,905,2014,2055,0,2.035749751737835,0,41
250056501023,678,717,1501,1643,5.752212389380531,9.460359760159893,39,142
250056502011,477,478,1093,1116,0.20964360587002098,2.104300091491308,1,23
250056502012,517,538,1067,1167,4.061895551257253,9.372071227741332,21,100
250056502013,327,348,756,886,6.422018348623854,17.195767195767196,21,130
250056502021,964,974,2142,2187,1.0373443983402488,2.100840336134454,10,45
250056503001,308,329,715,679,6.8181818181818175,-5.034965034965035,21,-36
250056503002,421,461,772,893,9.501187648456057,15.67357512953368,40,121
250056503003,508,539,1108,1124,6.102362204724409,1.444043321299639,31,16
250056503004,334,338,709,765,1.1976047904191618,7.898448519040903,4,56
250056504001,379,584,810,1137,54.089709762532976,40.370370370370374,205,327
250056504002,603,653,1316,1419,8.291873963515755,7.826747720364742,50,103
250056504003,414,422,960,1028,1.932367149758454,7.083333333333333,8,68
250056504004,325,337,687,697,3.6923076923076925,1.455604075691412,12,10
250056505001,326,325,658,665,-0.3067484662576687,1.0638297872340425,-1,7
250056505002,521,532,1142,1265,2.111324376199616,10.770577933450088,11,123
250056505003,628,706,1341,1475,12.420382165605096,9.99254287844892,78,134
250056506001,686,810,1322,1600,18.075801749271136,21.02874432677761,124,278
250056506002,341,362,767,800,6.158357771260997,4.3024771838331155,21,33
250056506003,333,342,670,773,2.7027027027027026,15.37313432835821,9,103
250056507001,484,497,1119,1250,2.6859504132231407,11.706881143878462,13,131
250056507002,568,648,1464,1784,14.084507042253522,21.85792349726776,80,320
250056508001,439,444,970,931,1.1389521640091116,-4.020618556701031,5,-39
250056508002,461,450,795,836,-2.386117136659436,5.157232704402516,-11,41
250056508003,378,394,935,1046,4.232804232804233,11.871657754010695,16,111
250056508004,435,439,951,998,0.9195402298850575,4.942166140904311,4,47
250056509001,314,312,799,855,-0.6369426751592357,7.008760951188986,-2,56
250056509002,497,556,1151,1430,11.87122736418511,24.23979148566464,59,279
250056509003,346,353,917,855,2.023121387283237,-6.761177753544166,7,-62
250056510011,324,351,771,902,8.333333333333332,16.990920881971466,27,131
250056510012,921,954,2094,2122,3.5830618892508146,1.3371537726838587,33,28
250056510021,880,888,1970,1963,0.9090909090909091,-0.3553299492385787,8,-7
250056510022,703,725,1863,1903,3.1294452347083923,2.147074610842727,22,40
250056511001,533,576,1061,1199,8.067542213883677,13.006597549481622,43,138
250056511002,561,554,1325,1398,-1.2477718360071302,5.509433962264151,-7,73
250056511003,411,413,923,1009,0.48661800486618007,9.317443120260021,2,86
250056511004,378,387,808,916,2.380952380952381,13.366336633663368,9,108
250056512001,302,311,733,849,2.980132450331126,15.82537517053206,9,116
250056512002,655,767,1335,1610,17.099236641221374,20.59925093632959,112,275
250056513001,577,597,1161,1152,3.466204506065858,-0.7751937984496124,20,-9
250056513002,509,543,1066,1034,6.679764243614931,-3.0018761726078798,34,-32
250056514001,445,464,1168,1153,4.269662921348314,-1.2842465753424657,19,-15
250056514002,315,335,737,799,6.349206349206349,8.4124830393487109,20,62
250056514003,338,358,701,712,5.9171597633136095,1.5691868758915835,20,11
250056514004,302,319,609,703,5.629139072847682,15.435139573070607,17,94
250056515001,415,428,906,1018,3.132530120481928,12.362030905077264,13,112
250056515002,408,388,1041,1077,-4.901960784313726,3.45821325648415,-20,36
250056515003,507,514,1168,1185,1.3806706114398422,1.4554794520547945,7,17
250056516001,314,318,780,796,1.2738853503184715,2.051282051282051,4,16
250056516002,466,473,1011,986,1.502145922746781,-2.472799208704253,7,-25
250056516003,427,428,959,1001,0.234192037470726,4.37956204379562,1,42
250056516004,487,510,1112,1153,4.722792607802875,3.6870503597122304,23,41
250056517001,471,539,843,1007,14.437367303609342,19.45432977461447,68,164
250056517002,535,531,1140,1194,-0.7476635514018692,4.736842105263158,-4,54
250056518001,946,977,1037,1321,3.276955602536998,27.38669238187078,31,284
250056518002,436,436,708,744,0,5.084745762711865,0,36
250056519001,341,272,683,743,-20.234604105571847,8.784773060029282,-69,60
250056519002,591,635,1259,1424,7.4450084602368864,13.105639396346305,44,165
250056520001,316,326,629,738,3.1645569620253164,17.329093799682035,10,109
250056520002,421,449,887,950,6.65083135391924,7.1025930101465615,28,63
250056520003,487,503,1160,1180,3.285420944558522,1.7241379310344827,16,20
250056521001,318,310,698,711,-2.515723270440252,1.8624641833810889,-8,13
250056521002,355,360,838,800,1.4084507042253522,-4.534606205250596,5,-38
250056521003,565,574,1279,1253,1.592920353982301,-2.032838154808444,9,-26
250056522001,426,432,1089,1056,1.4084507042253522,-3.0303030303030303,6,-33
250056522002,462,464,979,1037,0.4329004329004329,5.9244126659857,2,58
250056522003,350,359,768,824,2.571428571428571,7.291666666666667,9,56
250056523001,461,467,1018,1037,1.3015184381778742,1.8664047151277015,6,19
250056523002,435,440,1044,1079,1.1494252873563218,3.3524904214559386,5,35
250056523003,382,387,808,814,1.3089005235602094,0.7425742574257426,5,6
250056524001,605,629,1392,1388,3.9669421487603307,-0.28735632183908044,24,-4
250056524002,627,642,1272,1357,2.3923444976076556,6.682389937106918,15,85
250056525001,577,599,1179,1511,3.8128249566724435,28.159457167090757,22,332
250056525002,586,629,1410,1500,7.337883959044368,6.382978723404255,43,90
250056526001,546,561,1295,1406,2.7472527472527473,8.571428571428571,15,111
250056526002,618,641,1548,1803,3.7216828478964405,16.472868217054263,23,255
250056527001,384,346,888,881,-9.895833333333332,-0.7882882882882882,-38,-7
250056527002,594,569,1070,1049,-4.208754208754209,-1.9626168224299065,-25,-21
250056527003,485,487,1027,1182,0.4123711340206186,15.092502434274586,2,155
250056527004,345,331,777,815,-4.057971014492753,4.89060489060489,-14,38
250056528001,512,516,1153,1133,0.78125,-1.7346053772766694,4,-20
250056528002,503,512,1113,1198,1.7892644135188867,7.637017070979335,9,85
250056528003,430,451,1011,984,4.883720930232558,-2.6706231454005933,21,-27
250056531011,464,459,1059,1146,-1.0775862068965518,8.21529745042493,-5,87
250056531012,580,586,1363,1473,1.0344827586206897,8.070432868672047,6,110
250056531013,1281,1535,2760,3064,19.828259172521467,11.014492753623188,254,304
250056531014,574,590,1482,1448,2.7874564459930316,-2.2941970310391366,16,-34
250056531021,695,726,2204,2116,4.460431654676259,-3.9927404718693285,31,-88
250056531022,245,315,1661,1406,28.57142857142857,-15.35219747140277,70,-255
250056531023,527,598,1516,1728,13.472485768500949,13.984168865435356,71,212
250056532031,514,550,1251,1315,7.003891050583658,5.115907274180655,36,64
250056532032,627,635,1458,1435,1.2759170653907497,-1.577503429355281,8,-23
250056532033,596,625,1472,1503,4.865771812080537,2.1059782608695654,29,31
250056532034,345,364,824,843,5.507246376811594,2.3058252427184467,19,19
250056532041,451,496,1085,1138,9.977827050997783,4.88479262672811,45,53
250056532042,778,820,2129,2235,5.3984575835475574,4.97886331611085,42,106
250056533011,651,669,1442,1383,2.7649769585253456,-4.091539528432732,18,-59
250056533012,773,770,1300,1358,-0.38809831824062097,4.461538461538462,-3,58
250056533013,419,433,964,1068,3.341288782816229,10.78838174273859,14,104
250056533014,682,692,1351,1368,1.466275659824047,1.2583271650629164,10,17
250056533041,483,491,1110,1045,1.6563146997929608,-5.8558558558558556,8,-65
250056533042,1251,1296,2094,2236,3.5971223021582732,6.781279847182425,45,142
250056541001,664,684,1795,1833,3.0120481927710845,2.116991643454039,20,38
250056541002,1028,1096,2704,2873,6.614785992217899,6.25,68,169
250056541003,969,1013,2435,2501,4.540763673890609,2.7104722792607805,44,66
250056542001,369,387,859,926,4.878048780487805,7.799767171129219,18,67
250056542002,508,519,1221,1166,2.1653543307086616,-4.504504504504505,11,-55
250056542003,580,592,1292,1260,2.0689655172413794,-2.476780185758514,12,-32
250056551001,841,888,2240,2288,5.58858501783591,2.142857142857143,47,48
250056551002,825,843,1984,1979,2.181818181818182,-0.25201612903225806,18,-5
250056552001,482,498,1178,1221,3.319502074688797,3.65025466893039,16,43
250056552002,471,480,1074,1144,1.910828025477707,6.517690875232775,9,70
250056552003,397,400,720,706,0.7556675062972292,-1.9444444444444444,3,-14
250056552004,464,465,735,756,0.21551724137931033,2.857142857142857,1,21
250056552005,308,310,708,661,0.6493506493506493,-6.638418079096045,2,-47
250056553001,640,672,1421,1439,5,1.2667135819845179,32,18
250056553002,455,484,871,876,6.373626373626373,0.5740528128587831,29,5
250056553003,382,402,1025,1026,5.2356020942408374,0.0975609756097561,20,1
250056554001,626,632,1329,1336,0.9584664536741214,0.5267118133935289,6,7
250056554002,487,492,955,882,1.0266940451745379,-7.643979057591623,5,-73
250056554003,357,360,780,726,0.8403361344537815,-6.923076923076923,3,-54
250056554004,741,744,853,884,0.4048582995951417,3.6342321219226257,3,31
250059855001,497,528,2554,2854,6.237424547283702,11.746280344557556,31,300
250059855002,2,10,2953,1621,400,-45.10667118184897,8,-1332
250059856001,526,662,1516,1777,25.85551330798479,17.216358839050134,136,261
250059856002,441,494,1262,1357,12.01814058956916,7.527733755942948,53,95
250059856003,195,242,2427,2599,24.102564102564102,7.086938607334157,47,172
250059900000,0,0,0,0,NA,NA,0,0
250072001001,859,840,688,944,-2.211874272409779,37.2093023255814,-19,256
250072001002,950,962,1341,1651,1.263157894736842,23.117076808351978,12,310
250072001003,452,498,702,672,10.176991150442479,-4.273504273504273,46,-30
250072001004,551,657,924,1117,19.237749546279492,20.88744588744589,106,193
250072001005,282,269,294,431,-4.609929078014184,46.59863945578231,-13,137
250072002001,774,747,637,723,-3.488372093023256,13.500784929356357,-27,86
250072002002,811,806,375,483,-0.6165228113440198,28.799999999999997,-5,108
250072002003,1452,1516,1809,2098,4.40771349862259,15.97567716970702,64,289
250072002004,681,701,813,907,2.936857562408223,11.562115621156211,20,94
250072002005,628,659,891,1130,4.936305732484077,26.823793490460158,31,239
250072003001,577,567,179,253,-1.733102253032929,41.340782122905026,-10,74
250072003002,1265,1175,392,607,-7.114624505928854,54.8469387755102,-90,215
250072003003,1790,1864,1295,1794,4.134078212290502,38.53281853281853,74,499
250072003004,1587,1628,2202,2514,2.58349086326402,14.168937329700274,41,312
250072004001,750,790,854,1038,5.333333333333334,21.54566744730679,40,184
250072004002,1452,1581,1887,2517,8.884297520661157,33.38632750397456,129,630
250072004003,828,828,409,587,0,43.52078239608802,0,178
250072004004,777,746,457,625,-3.9897039897039894,36.76148796498906,-31,168
250072004005,501,478,310,439,-4.590818363273453,41.612903225806456,-23,129
250072004006,215,218,75,70,1.3953488372093024,-6.666666666666667,3,-5
250079900000,0,0,0,0,NA,NA,0,0
250092011001,425,426,907,906,0.2352941176470588,-0.11025358324145534,1,-1
250092011002,671,672,1327,1243,0.14903129657228018,-6.330067822155237,1,-84
250092011003,581,582,1176,1185,0.17211703958691912,0.7653061224489796,1,9
250092021011,276,347,695,786,25.724637681159418,13.093525179856117,71,91
250092021012,273,271,690,714,-0.7326007326007326,3.4782608695652173,-2,24
250092021013,305,329,692,755,7.868852459016394,9.104046242774565,24,63
250092021031,607,644,1585,1735,6.095551894563426,9.46372239747634,37,150
250092021041,415,412,954,1027,-0.7228915662650602,7.651991614255765,-3,73
250092021042,385,392,793,853,1.8181818181818181,7.566204287515762,7,60
250092021043,263,283,641,732,7.604562737642586,14.19656786271451,20,91
250092021044,322,347,473,535,7.763975155279502,13.107822410147993,25,62
250092021045,638,867,1390,1794,35.893416927899686,29.06474820143885,229,404
250092022001,302,303,839,889,0.33112582781456956,5.959475566150179,1,50
250092022002,758,783,1532,1582,3.2981530343007917,3.263707571801567,25,50
250092022003,382,388,993,1026,1.5706806282722512,3.3232628398791544,6,33
250092022004,281,287,776,793,2.135231316725979,2.190721649484536,6,17
250092022005,288,296,759,845,2.7777777777777777,11.330698287220025,8,86
250092022006,402,416,989,1053,3.482587064676617,6.471183013144591,14,64
250092031001,386,391,1152,1153,1.2953367875647668,0.08680555555555555,5,1
250092031002,354,355,1008,967,0.2824858757062147,-4.067460317460317,1,-41
250092031003,237,234,654,613,-1.2658227848101267,-6.269113149847094,-3,-41
250092031004,431,434,1126,1147,0.6960556844547563,1.8650088809946712,3,21
250092031005,325,329,929,989,1.2307692307692308,6.458557588805166,4,60
250092031006,273,277,668,707,1.465201465201465,5.838323353293413,4,39
250092031007,269,272,709,730,1.1152416356877324,2.9619181946403383,3,21
250092031008,308,318,825,926,3.2467532467532463,12.242424242424242,10,101
250092032001,409,414,695,780,1.2224938875305624,12.23021582733813,5,85
250092032002,355,356,881,832,0.28169014084507044,-5.561861520998865,1,-49
250092032003,405,406,1054,1083,0.24691358024691357,2.7514231499051234,1,29
250092032004,818,820,1927,1973,0.24449877750611246,2.3871302542812662,2,46
250092032005,0,0,0,0,NA,NA,0,0
250092033011,489,482,704,761,-1.4314928425357873,8.096590909090908,-7,57
250092033012,895,890,1966,1997,-0.5586592178770949,1.5768056968463884,-5,31
250092033013,342,332,616,578,-2.923976608187134,-6.1688311688311686,-10,-38
250092033014,308,317,724,762,2.922077922077922,5.248618784530387,9,38
250092033021,728,725,1214,1268,-0.4120879120879121,4.448105436573312,-3,54
250092033022,542,552,868,870,1.8450184501845017,0.2304147465437788,10,2
250092033023,551,631,1123,1236,14.519056261343014,10.062333036509349,80,113
250092033024,413,430,965,1069,4.116222760290557,10.777202072538861,17,104
250092041011,552,564,1127,1148,2.1739130434782608,1.8633540372670807,12,21
250092041012,487,510,1867,1675,4.722792607802875,-10.283877878950188,23,-192
250092041013,548,584,1118,1244,6.569343065693431,11.270125223613595,36,126
250092041014,315,329,557,597,4.444444444444445,7.1813285457809695,14,40
250092041021,927,948,2864,3457,2.26537216828479,20.705307262569832,21,593
250092041022,1047,1057,2058,2251,0.9551098376313276,9.378036929057338,10,193
250092042001,596,615,1091,1246,3.1879194630872485,14.207149404216315,19,155
250092042002,360,445,685,812,23.61111111111111,18.54014598540146,85,127
250092042003,653,708,1223,1323,8.422664624808576,8.176614881439084,55,100
250092042004,381,420,829,822,10.236220472440944,-0.8443908323281062,39,-7
250092042005,502,504,969,1033,0.398406374501992,6.604747162022703,2,64
250092043001,823,901,1266,1408,9.477521263669502,11.216429699842022,78,142
250092043002,497,529,1516,1475,6.438631790744467,-2.704485488126649,32,-41
250092043003,476,538,1121,1193,13.025210084033615,6.422836752899197,62,72
250092044001,574,649,1077,1135,13.066202090592336,5.385329619312906,75,58
250092044002,389,412,656,696,5.912596401028278,6.097560975609756,23,40
250092044003,508,553,835,910,8.858267716535433,8.982035928143713,45,75
250092044004,344,361,733,748,4.941860465116279,2.046384720327422,17,15
250092045001,551,591,1190,1290,7.259528130671507,8.403361344537815,40,100
250092045002,735,794,1164,1332,8.027210884353742,14.432989690721648,59,168
250092045003,505,550,779,915,8.91089108910891,17.458279845956355,45,136
250092046001,541,542,1225,1211,0.18484288354898337,-1.1428571428571428,1,-14
250092046002,577,582,1311,1335,0.8665511265164645,1.8306636155606408,5,24
250092046003,327,349,676,791,6.727828746177369,17.011834319526628,22,115
250092046004,469,547,1040,1116,16.631130063965884,7.307692307692308,78,76
250092046005,417,433,902,916,3.8369304556354913,1.5521064301552108,16,14
250092047011,327,402,785,1014,22.93577981651376,29.17197452229299,75,229
250092047012,557,563,1350,1352,1.0771992818671454,0.14814814814814814,6,2
250092047013,765,771,1530,1775,0.7843137254901961,16.013071895424837,6,245
250092047014,1013,1022,2117,2044,0.8884501480750246,-3.4482758620689653,9,-73
250092047021,405,564,861,1082,39.25925925925926,25.667828106852497,159,221
250092047022,347,342,862,915,-1.440922190201729,6.148491879350348,-5,53
250092047023,468,472,1037,1125,0.8547008547008548,8.486017357762778,4,88
250092047024,1132,1195,2907,3086,5.565371024734982,6.157550739594083,63,179
250092051001,534,538,1192,1434,0.7490636704119851,20.302013422818792,4,242
250092051002,413,424,1077,1275,2.663438256658596,18.384401114206128,11,198
250092051003,360,364,919,1074,1.1111111111111112,16.866158868335145,4,155
250092051004,556,576,1527,1653,3.5971223021582732,8.25147347740668,20,126
250092051005,264,261,637,692,-1.1363636363636365,8.634222919937205,-3,55
250092052001,410,424,806,869,3.414634146341464,7.816377171215881,14,63
250092052002,277,285,714,805,2.888086642599278,12.745098039215685,8,91
250092052003,564,577,1510,1607,2.304964539007092,6.4238410596026485,13,97
250092052004,494,496,1393,1603,0.4048582995951417,15.07537688442211,2,210
250092052005,385,390,854,1041,1.2987012987012987,21.89695550351288,5,187
250092053001,591,604,1586,1674,2.199661590524535,5.548549810844893,13,88
250092053002,352,356,909,1054,1.1363636363636365,15.951595159515952,4,145
250092053003,386,391,926,965,1.2953367875647668,4.211663066954643,5,39
250092053004,395,395,1069,1114,0,4.20954162768943,0,45
250092054001,802,607,1948,1677,-24.3142144638404,-13.911704312114988,-195,-271
250092054002,620,630,1584,1645,1.6129032258064515,3.8510101010101008,10,61
250092054003,536,537,1516,1552,0.18656716417910446,2.3746701846965697,1,36
250092055001,735,762,2053,2391,3.6734693877551026,16.463711641500247,27,338
250092055002,978,1034,2595,3109,5.725971370143149,19.807321772639693,56,514
250092056001,468,479,1258,1237,2.3504273504273505,-1.669316375198728,11,-21
250092056002,324,469,723,1090,44.75308641975309,50.76071922544951,145,367
250092056003,552,567,1320,1400,2.717391304347826,6.0606060606060606,15,80
250092056004,238,240,580,695,0.8403361344537815,19.82758620689655,2,115
250092057001,302,307,768,804,1.6556291390728477,4.6875,5,36
250092057002,350,356,937,1060,1.7142857142857144,13.127001067235858,6,123
250092057003,374,385,1072,1171,2.941176470588235,9.235074626865671,11,99
250092057004,318,320,835,903,0.628930817610063,8.1437125748503,2,68
250092057005,416,420,1038,1134,0.9615384615384616,9.248554913294797,4,96
250092058001,362,364,1044,1124,0.5524861878453038,7.662835249042145,2,80
250092058002,342,342,1089,1220,0,12.029384756657484,0,131
250092058003,435,508,1179,1381,16.7816091954023,17.133163698049195,73,202
250092059001,598,581,1743,1952,-2.842809364548495,11.990820424555364,-17,209
250092059002,443,453,1262,1398,2.2573363431151243,10.776545166402537,10,136
250092059003,502,501,1345,1448,-0.199203187250996,7.657992565055761,-1,103
250092060001,478,478,1443,1630,0,12.959112959112959,0,187
250092060002,656,685,1952,2074,4.420731707317073,6.25,29,122
250092061001,797,795,1793,1998,-0.2509410288582183,11.43335192414947,-2,205
250092061002,665,684,2051,2201,2.857142857142857,7.313505607020964,19,150
250092062001,327,361,1128,1352,10.397553516819572,19.858156028368796,34,224
250092062002,786,811,2267,2507,3.1806615776081424,10.5866784296427,25,240
250092062003,576,578,1869,2020,0.3472222222222222,8.079186730872125,2,151
250092063001,379,388,1030,1220,2.3746701846965697,18.446601941747574,9,190
250092063002,367,376,1040,1137,2.452316076294278,9.326923076923077,9,97
250092063003,316,325,991,1018,2.848101265822785,2.7245206861755804,9,27
250092063004,250,258,712,839,3.2,17.837078651685392,8,127
250092064001,363,380,1018,1228,4.683195592286501,20.6286836935167,17,210
250092064002,722,719,1847,1979,-0.41551246537396125,7.146724417975095,-3,132
250092064003,388,389,1042,1275,0.25773195876288657,22.36084452975048,1,233
250092064004,493,499,1342,1578,1.2170385395537524,17.58569299552906,6,236
250092065001,330,340,943,1091,3.0303030303030303,15.69459172852598,10,148
250092065002,436,434,1267,1473,-0.45871559633027525,16.25887924230466,-2,206
250092065003,394,387,1148,1183,-1.7766497461928936,3.048780487804878,-7,35
250092066001,431,479,884,1001,11.1368909512761,13.23529411764706,48,117
250092066002,387,402,740,869,3.875968992248062,17.43243243243243,15,129
250092066003,552,571,1034,1367,3.4420289855072466,32.20502901353966,19,333
250092066004,658,679,1585,1879,3.1914893617021276,18.548895899053626,21,294
250092067001,593,610,1470,1547,2.866779089376054,5.238095238095238,17,77
250092067002,471,477,746,858,1.2738853503184715,15.013404825737265,6,112
250092067003,308,315,682,836,2.272727272727273,22.58064516129032,7,154
250092067004,684,682,1182,1323,-0.29239766081871343,11.928934010152284,-2,141
250092068001,687,719,1754,1982,4.657933042212519,12.998859749144811,32,228
250092068002,912,1062,1782,2443,16.447368421052634,37.093153759820424,150,661
250092069001,549,672,641,1006,22.404371584699454,56.94227769110765,123,365
250092069002,664,677,1199,1380,1.957831325301205,15.095913261050875,13,181
250092069003,838,967,1414,1809,15.393794749403341,27.934936350777935,129,395
250092069004,341,345,711,800,1.1730205278592376,12.517580872011253,4,89
250092070001,585,614,963,966,4.957264957264957,0.3115264797507788,29,3
250092070002,442,440,1199,1323,-0.4524886877828055,10.341951626355296,-2,124
250092071001,444,455,1446,1581,2.4774774774774775,9.336099585062241,11,135
250092071002,307,326,992,1176,6.188925081433225,18.548387096774192,19,184
250092071003,342,338,1075,1050,-1.1695906432748537,-2.3255813953488373,-4,-25
250092072001,391,409,1212,1443,4.603580562659847,19.05940594059406,18,231
250092072002,789,713,1727,1560,-9.632446134347274,-9.669947886508396,-76,-167
250092081011,337,343,911,940,1.7804154302670623,3.1833150384193196,6,29
250092081012,724,715,1778,1892,-1.2430939226519337,6.411698537682789,-9,114
250092081013,409,404,1086,1176,-1.2224938875305624,8.287292817679557,-5,90
250092081014,551,563,1372,1394,2.1778584392014517,1.6034985422740524,12,22
250092081021,301,301,752,811,0,7.845744680851063,0,59
250092081022,346,357,879,963,3.1791907514450863,9.556313993174061,11,84
250092081023,292,323,790,868,10.616438356164384,9.873417721518987,31,78
250092081024,317,326,829,900,2.8391167192429023,8.56453558504222,9,71
250092082001,474,487,1228,1276,2.7426160337552745,3.908794788273615,13,48
250092082002,343,343,854,937,0,9.718969555035128,0,83
250092082003,954,992,1942,2019,3.9832285115303985,3.964984552008239,38,77
250092082004,524,523,1253,1298,-0.19083969465648853,3.5913806863527533,-1,45
250092083011,811,832,1790,1891,2.5893958076448826,5.64245810055866,21,101
250092083012,285,288,787,787,1.0526315789473684,0,3,0
250092083021,431,430,1152,1201,-0.23201856148491878,4.253472222222222,-1,49
250092083022,865,878,2268,2443,1.5028901734104045,7.716049382716049,13,175
250092083023,500,502,1257,1341,0.4,6.682577565632458,2,84
250092084011,379,660,895,1320,74.14248021108179,47.486033519553075,281,425
250092084012,630,637,1659,1648,1.1111111111111112,-0.6630500301386377,7,-11
250092084021,450,464,1245,1321,3.111111111111111,6.104417670682731,14,76
250092084022,870,935,1928,2193,7.471264367816093,13.7448132780083,65,265
250092091001,485,491,1335,1417,1.2371134020618557,6.142322097378277,6,82
250092091002,280,302,617,703,7.857142857142857,13.938411669367909,22,86
250092091003,559,564,1503,1745,0.8944543828264758,16.101131071190952,5,242
250092091004,404,408,1103,1082,0.9900990099009901,-1.9038984587488668,4,-21
250092091005,673,998,1525,2229,48.29123328380386,46.16393442622951,325,704
250092092001,400,400,1214,1249,0,2.883031301482702,0,35
250092092002,505,558,1258,1379,10.495049504950495,9.618441971383147,53,121
250092092003,481,485,1395,1449,0.8316008316008316,3.870967741935484,4,54
250092092004,567,567,1640,1747,0,6.524390243902439,0,107
250092101001,1023,1076,2636,2633,5.180840664711632,-0.11380880121396054,53,-3
250092101002,492,503,1443,1417,2.2357723577235773,-1.8018018018018018,11,-26
250092101003,514,517,1506,1510,0.5836575875486382,0.2656042496679947,3,4
250092101004,465,473,1363,1320,1.7204301075268817,-3.1548055759354363,8,-43
250092102001,511,514,1399,1374,0.5870841487279843,-1.7869907076483202,3,-25
250092102002,731,728,1827,1823,-0.4103967168262654,-0.21893814997263275,-3,-4
250092102003,763,764,2158,2111,0.1310615989515072,-2.1779425393883227,1,-47
250092103011,1581,1909,2430,2968,20.746363061353573,22.13991769547325,328,538
250092103012,1240,1341,2106,2208,8.14516129032258,4.843304843304843,101,102
250092103021,472,531,1030,1066,12.5,3.4951456310679614,59,36
250092103022,767,768,1904,2004,0.1303780964797914,5.2521008403361344,1,100
250092103023,0,0,0,0,NA,NA,0,0
250092103024,711,734,1640,1848,3.2348804500703237,12.682926829268293,23,208
250092104011,836,869,1662,2054,3.9473684210526314,23.586040914560773,33,392
250092104012,481,493,1092,1181,2.494802494802495,8.15018315018315,12,89
250092104021,938,962,2370,2442,2.55863539445629,3.0379746835443036,24,72
250092104022,651,679,1580,1691,4.301075268817205,7.025316455696203,28,111
250092105001,437,444,1226,1232,1.6018306636155606,0.48939641109298526,7,6
250092105002,908,925,2563,2532,1.8722466960352422,-1.2095200936402655,17,-31
250092105003,531,662,1392,1824,24.670433145009415,31.03448275862069,131,432
250092105004,580,477,1376,1358,-17.75862068965517,-1.308139534883721,-103,-18
250092106001,715,744,1610,1809,4.055944055944056,12.360248447204969,29,199
250092106002,1011,1033,2509,2615,2.1760633036597428,4.224790753288163,22,106
250092107001,522,535,1247,1326,2.490421455938697,6.335204490777866,13,79
250092107002,411,509,865,1062,23.844282238442823,22.77456647398844,98,197
250092107003,523,545,1199,1271,4.2065009560229445,6.005004170141785,22,72
250092107004,271,286,666,787,5.535055350553505,18.16816816816817,15,121
250092108001,547,539,1337,1338,-1.4625228519195612,0.07479431563201197,-8,1
250092108002,613,627,1111,1327,2.2838499184339316,19.441944194419442,14,216
250092108003,471,475,902,1026,0.8492569002123143,13.747228381374724,4,124
250092108004,762,769,1219,1260,0.9186351706036745,3.3634126333059884,7,41
250092109001,537,539,1192,1270,0.37243947858473,6.543624161073826,2,78
250092109002,362,375,878,940,3.591160220994475,7.061503416856492,13,62
250092109003,844,846,1813,1854,0.23696682464454977,2.2614451185879756,2,41
250092111001,405,429,912,951,5.9259259259259265,4.276315789473684,24,39
250092111002,397,350,783,921,-11.838790931989925,17.624521072796934,-47,138
250092111003,783,826,2099,2161,5.491698595146871,2.9537875178656505,43,62
250092112011,500,525,1031,1120,5,8.63239573229874,25,89
250092112012,683,699,1480,1485,2.342606149341142,0.33783783783783783,16,5
250092112021,790,844,1626,1778,6.8354430379746836,9.348093480934809,54,152
250092112022,923,973,1963,2052,5.417118093174431,4.533876719307183,50,89
250092113001,860,867,2157,2137,0.813953488372093,-0.927213722763097,7,-20
250092113002,564,555,1506,1557,-1.5957446808510638,3.386454183266932,-9,51
250092113003,771,754,2161,2132,-2.204928664072633,-1.3419713095788985,-17,-29
250092113004,395,386,1143,1090,-2.278481012658228,-4.636920384951881,-9,-53
250092114011,798,912,1780,1961,14.285714285714285,10.168539325842698,114,181
250092114012,491,571,1184,1319,16.293279022403258,11.402027027027026,80,135
250092114013,205,379,596,981,84.8780487804878,64.59731543624162,174,385
250092114021,483,497,1254,1286,2.898550724637681,2.5518341307814993,14,32
250092114022,824,880,1749,1857,6.796116504854369,6.174957118353345,56,108
250092114023,904,932,2032,2185,3.0973451327433628,7.5295275590551185,28,153
250092114024,359,384,1037,1114,6.963788300835655,7.425265188042431,25,77
250092121011,439,525,1290,1520,19.58997722095672,17.829457364341085,86,230
250092121012,605,638,2300,2126,5.454545454545454,-7.565217391304348,33,-174
250092121013,418,490,1114,1401,17.22488038277512,25.763016157989227,72,287
250092121021,774,840,2140,2453,8.527131782945736,14.626168224299066,66,313
250092121022,808,866,2142,2279,7.1782178217821775,6.3958916900093365,58,137
250092131001,595,592,1721,1759,-0.5042016806722689,2.2080185938407904,-3,38
250092131002,265,267,812,772,0.7547169811320755,-4.926108374384237,2,-40
250092131003,485,503,1456,1540,3.711340206185567,5.769230769230769,18,84
250092131004,594,614,1721,1821,3.3670033670033668,5.8105752469494485,20,100
250092131005,821,842,2262,2311,2.5578562728380025,2.1662245800176834,21,49
250092141001,527,579,1485,1675,9.867172675521822,12.794612794612794,52,190
250092141002,552,550,1601,1648,-0.36231884057971014,2.9356652092442226,-2,47
250092141003,822,847,2186,2263,3.0413625304136254,3.5224153705397985,25,77
250092141004,272,382,808,983,40.44117647058824,21.65841584158416,110,175
250092151011,757,768,2055,2073,1.453104359313078,0.8759124087591241,11,18
250092151012,414,419,1180,1169,1.2077294685990339,-0.9322033898305085,5,-11
250092151013,298,317,899,892,6.375838926174497,-0.778642936596218,19,-7
250092151014,228,214,763,488,-6.140350877192982,-36.04193971166448,-14,-275
250092151021,297,317,570,609,6.7340067340067336,6.842105263157896,20,39
250092151022,292,291,830,767,-0.3424657534246575,-7.590361445783132,-1,-63
250092151023,324,326,881,900,0.6172839506172839,2.1566401816118046,2,19
250092151024,270,273,587,663,1.1111111111111112,12.947189097103918,3,76
250092161001,438,416,1033,1048,-5.0228310502283104,1.452081316553727,-22,15
250092161002,641,675,1699,1854,5.30421216848674,9.123013537374925,34,155
250092161003,351,369,2143,2077,5.128205128205128,-3.079794680354643,18,-66
250092171011,966,975,2577,2631,0.9316770186335404,2.0954598370197903,9,54
250092171012,805,841,2010,2166,4.472049689440994,7.761194029850746,36,156
250092171021,261,432,703,904,65.51724137931035,28.591749644381224,171,201
250092171022,962,978,2001,2125,1.6632016632016633,6.196901549225387,16,124
250092172011,423,422,1039,1055,-0.2364066193853428,1.539942252165544,-1,16
250092172012,1392,1393,3179,3182,0.07183908045977011,0.09436929852154766,1,3
250092172021,414,423,927,991,2.1739130434782608,6.903991370010787,9,64
250092172022,330,338,785,809,2.4242424242424243,3.0573248407643314,8,24
250092172023,275,281,676,678,2.181818181818182,0.2958579881656805,6,2
250092172024,436,435,1103,1108,-0.22935779816513763,0.45330915684496825,-1,5
250092173001,297,441,817,1097,48.484848484848484,34.27172582619339,144,280
250092173002,430,430,993,1063,0,7.049345417925479,0,70
250092173003,593,729,1164,1473,22.93423271500843,26.54639175257732,136,309
250092173004,241,244,620,683,1.2448132780082988,10.161290322580644,3,63
250092173005,437,436,910,965,-0.2288329519450801,6.043956043956044,-1,55
250092174011,385,405,764,821,5.194805194805195,7.460732984293193,20,57
250092174012,449,582,758,857,29.621380846325167,13.060686015831136,133,99
250092174013,384,472,584,745,22.916666666666664,27.56849315068493,88,161
250092174021,300,277,639,645,-7.666666666666666,0.9389671361502347,-23,6
250092174022,705,921,1243,1455,30.638297872340424,17.055510860820593,216,212
250092174023,704,772,1230,1309,9.659090909090908,6.4227642276422765,68,79
250092175001,370,376,894,972,1.6216216216216217,8.724832214765101,6,78
250092175002,471,478,1022,1000,1.48619957537155,-2.152641878669276,7,-22
250092175003,410,419,1042,1024,2.195121951219512,-1.727447216890595,9,-18
250092175004,682,700,1311,1394,2.6392961876832843,6.331045003813883,18,83
250092175005,776,832,1832,2030,7.216494845360824,10.807860262008735,56,198
250092176011,921,921,2735,2654,0,-2.9616087751371114,0,-81
250092176012,805,889,1790,2078,10.434782608695652,16.089385474860336,84,288
250092176021,276,286,688,685,3.6231884057971016,-0.436046511627907,10,-3
250092176022,443,445,940,975,0.4514672686230248,3.723404255319149,2,35
250092176023,300,314,2527,3096,4.666666666666667,22.51681836169371,14,569
250092181001,554,571,1226,1252,3.068592057761733,2.1207177814029365,17,26
250092181002,305,296,725,724,-2.9508196721311477,-0.13793103448275862,-9,-1
250092181003,485,492,838,933,1.443298969072165,11.336515513126491,7,95
250092181004,1050,1074,2347,2486,2.2857142857142856,5.922454196847038,24,139
250092201011,647,701,688,760,8.346213292117465,10.465116279069768,54,72
250092201012,566,590,1306,1253,4.240282685512367,-4.058192955589587,24,-53
250092201013,696,717,888,828,3.0172413793103448,-6.756756756756757,21,-60
250092201014,736,765,1121,1173,3.940217391304348,4.63871543264942,29,52
250092201021,1034,1040,1863,1868,0.5802707930367506,0.2683843263553409,6,5
250092201022,544,567,1086,1110,4.227941176470589,2.209944751381215,23,24
250092211001,702,728,1251,1294,3.7037037037037033,3.4372501998401277,26,43
250092211002,853,865,1495,1573,1.406799531066823,5.217391304347826,12,78
250092211003,607,655,1436,1481,7.907742998352553,3.1337047353760443,48,45
250092213001,804,810,1514,1489,0.7462686567164178,-1.6512549537648615,6,-25
250092213002,629,621,945,933,-1.2718600953895072,-1.2698412698412698,-8,-12
250092213003,1146,1179,2073,1984,2.8795811518324608,-4.293294741919923,33,-89
250092214001,504,522,980,1014,3.571428571428571,3.4693877551020407,18,34
250092214002,724,820,1644,1785,13.259668508287293,8.576642335766424,96,141
250092214003,296,306,597,616,3.3783783783783785,3.1825795644891124,10,19
250092215001,897,854,1513,1509,-4.793756967670011,-0.2643754130865829,-43,-4
250092215002,788,872,1410,1608,10.65989847715736,14.042553191489363,84,198
250092216001,311,319,802,839,2.572347266881029,4.613466334164588,8,37
250092216002,440,447,897,970,1.5909090909090908,8.138238573021182,7,73
250092216003,316,359,749,832,13.60759493670886,11.081441922563418,43,83
250092217001,502,548,978,1042,9.163346613545817,6.5439672801636,46,64
250092217002,832,820,1862,1836,-1.4423076923076923,-1.3963480128893664,-12,-26
250092218001,410,417,839,879,1.707317073170732,4.767580452920143,7,40
250092218002,312,337,934,894,8.012820512820513,-4.282655246252676,25,-40
250092219011,562,556,904,921,-1.0676156583629894,1.8805309734513276,-6,17
250092219012,449,501,1115,1173,11.58129175946548,5.201793721973094,52,58
250092219013,576,604,1400,1396,4.861111111111112,-0.2857142857142857,28,-4
250092219021,795,824,1474,1619,3.647798742138365,9.837177747625509,29,145
250092219022,394,408,877,931,3.5532994923857872,6.1573546180159635,14,54
250092219023,707,761,1099,1111,7.637906647807638,1.0919017288444042,54,12
250092221001,523,557,1049,1200,6.5009560229445515,14.394661582459486,34,151
250092221002,432,426,984,958,-1.3888888888888888,-2.642276422764228,-6,-26
250092221003,645,679,1471,1517,5.271317829457364,3.127124405166554,34,46
250092231001,767,1021,1624,1902,33.116036505867015,17.118226600985224,254,278
250092231002,800,806,1301,1372,0.75,5.457340507302075,6,71
250092231003,344,365,956,875,6.104651162790697,-8.472803347280335,21,-81
250092232001,636,677,1248,1308,6.446540880503145,4.807692307692308,41,60
250092232002,697,710,1461,1514,1.8651362984218076,3.6276522929500343,13,53
250092232003,403,427,988,925,5.955334987593052,-6.376518218623482,24,-63
250092233001,849,878,2081,2158,3.415783274440518,3.700144161460836,29,77
250092233002,1036,1104,2770,2938,6.563706563706563,6.064981949458484,68,168
250092233003,475,488,747,793,2.736842105263158,6.157965194109773,13,46
250092501001,591,622,788,959,5.245346869712352,21.700507614213198,31,171
250092501002,834,1382,1541,2794,65.70743405275779,81.31083711875405,548,1253
250092502001,742,861,2180,2762,16.037735849056602,26.69724770642202,119,582
250092502002,437,466,1352,1587,6.636155606407322,17.381656804733726,29,235
250092502003,697,750,1993,2415,7.604017216642754,21.17410938283994,53,422
250092503001,363,660,1194,1931,81.81818181818183,61.725293132328304,297,737
250092503002,273,290,907,974,6.227106227106227,7.386990077177508,17,67
250092504001,386,428,1288,1392,10.880829015544041,8.074534161490684,42,104
250092504002,512,546,1686,1878,6.640625,11.387900355871885,34,192
250092504003,315,302,884,800,-4.1269841269841265,-9.502262443438914,-13,-84
250092505001,367,444,1455,1627,20.98092643051771,11.821305841924397,77,172
250092505002,219,240,779,908,9.58904109589041,16.5596919127086,21,129
250092505003,486,511,1576,1822,5.1440329218107,15.609137055837563,25,246
250092506001,460,492,1429,1593,6.956521739130435,11.476557032890133,32,164
250092506002,409,451,1188,1425,10.268948655256724,19.94949494949495,42,237
250092506003,422,454,1521,1524,7.5829383886255926,0.19723865877712032,32,3
250092506004,456,492,1464,1708,7.894736842105263,16.666666666666664,36,244
250092507001,693,763,2069,2498,10.1010101010101,20.734654422426292,70,429
250092507002,388,424,1072,1283,9.278350515463918,19.682835820895523,36,211
250092507003,470,534,1615,1793,13.617021276595745,11.021671826625386,64,178
250092508001,549,582,1645,1983,6.0109289617486334,20.54711246200608,33,338
250092508002,605,641,1811,2020,5.950413223140496,11.54058531198233,36,209
250092508003,387,487,1278,2559,25.839793281653744,100.23474178403755,100,1281
250092508004,369,391,1087,1237,5.9620596205962055,13.799448022079117,22,150
250092508005,438,450,1111,1270,2.73972602739726,14.311431143114312,12,159
250092509001,318,329,1113,1150,3.459119496855346,3.324348607367475,11,37
250092509002,458,503,1080,1105,9.82532751091703,2.314814814814815,45,25
250092510001,539,588,1782,1895,9.090909090909092,6.341189674523008,49,113
250092511001,761,785,1414,1381,3.1537450722733245,-2.333804809052334,24,-33
250092511002,336,340,1015,1061,1.1904761904761905,4.532019704433497,4,46
250092511003,160,180,508,576,12.5,13.385826771653544,20,68
250092512001,588,616,1357,1474,4.761904761904762,8.621960206337508,28,117
250092513001,741,746,2014,2024,0.6747638326585695,0.49652432969215493,5,10
250092513002,324,343,1041,1068,5.864197530864197,2.5936599423631126,19,27
250092513003,216,230,666,801,6.481481481481481,20.27027027027027,14,135
250092514001,642,709,2231,2304,10.43613707165109,3.2720753025549083,67,73
250092514002,259,281,768,911,8.494208494208493,18.619791666666664,22,143
250092514003,285,306,927,1019,7.368421052631578,9.924487594390508,21,92
250092514004,357,375,1127,1286,5.042016806722689,14.108251996450754,18,159
250092515001,437,462,1070,1210,5.720823798627003,13.084112149532709,25,140
250092515002,441,460,1120,1374,4.308390022675737,22.678571428571427,19,254
250092515003,542,586,1615,1782,8.118081180811808,10.340557275541794,44,167
250092515004,336,361,928,1280,7.440476190476191,37.93103448275862,25,352
250092515005,675,698,1698,1629,3.4074074074074074,-4.063604240282685,23,-69
250092516001,384,588,1073,1508,53.125,40.54054054054054,204,435
250092516002,687,729,2070,2301,6.11353711790393,11.159420289855072,42,231
250092516003,628,668,1718,2108,6.369426751592357,22.700814901047732,40,390
250092516004,384,428,1116,1247,11.458333333333332,11.738351254480287,44,131
250092517001,738,753,1542,1614,2.0325203252032518,4.669260700389105,15,72
250092517002,419,467,1277,1442,11.455847255369928,12.920908379013312,48,165
250092517003,498,550,1476,1756,10.441767068273093,18.97018970189702,52,280
250092517004,302,320,850,997,5.960264900662252,17.294117647058822,18,147
250092518001,519,545,1322,1598,5.009633911368015,20.87745839636914,26,276
250092518002,578,648,1489,1814,12.110726643598616,21.82672934855608,70,325
250092518003,986,1007,2202,2621,2.129817444219067,19.02815622161671,21,419
250092518004,733,744,1859,2065,1.5006821282401093,11.081226465841851,11,206
250092521011,556,571,1334,1531,2.697841726618705,14.767616191904049,15,197
250092521012,253,277,730,876,9.486166007905137,20,24,146
250092521013,706,738,1445,1707,4.53257790368272,18.131487889273355,32,262
250092521021,516,520,1439,1472,0.7751937984496124,2.2932592077831826,4,33
250092521022,501,556,1479,1510,10.978043912175648,2.0960108181203516,55,31
250092521023,344,590,880,1436,71.51162790697676,63.18181818181819,246,556
250092522011,485,501,1248,1324,3.2989690721649487,6.089743589743589,16,76
250092522012,789,817,2084,2198,3.5487959442332064,5.47024952015355,28,114
250092522021,640,656,1944,1971,2.5,1.3888888888888888,16,27
250092522022,479,485,1249,1309,1.2526096033402923,4.803843074459568,6,60
250092523001,475,529,1317,1564,11.368421052631579,18.754745634016704,54,247
250092523002,416,437,1062,1214,5.048076923076923,14.312617702448211,21,152
250092523003,452,537,1115,1356,18.805309734513273,21.614349775784753,85,241
250092523004,298,317,608,787,6.375838926174497,29.44078947368421,19,179
250092523005,702,779,1403,1586,10.968660968660968,13.043478260869565,77,183
250092523006,456,475,953,989,4.166666666666666,3.777544596012592,19,36
250092524001,400,417,1168,1315,4.25,12.585616438356166,17,147
250092524002,502,585,1587,1900,16.533864541832667,19.72274732199118,83,313
250092524003,532,598,1420,1639,12.406015037593985,15.422535211267604,66,219
250092525011,719,741,1804,2051,3.05980528511822,13.691796008869181,22,247
250092525012,379,401,1018,1117,5.804749340369393,9.724950884086445,22,99
250092525013,370,356,1049,1151,-3.783783783783784,9.723546234509056,-14,102
250092525021,470,486,1155,1330,3.404255319148936,15.151515151515152,16,175
250092525022,679,694,1756,1782,2.2091310751104567,1.4806378132118452,15,26
250092525023,277,290,954,925,4.693140794223827,-3.039832285115304,13,-29
250092525024,384,398,987,1009,3.6458333333333335,2.2289766970618032,14,22
250092526011,854,939,1805,2118,9.953161592505854,17.34072022160665,85,313
250092526012,441,479,1286,1399,8.616780045351474,8.786936236391913,38,113
250092526013,892,908,2173,2397,1.7937219730941705,10.308329498389323,16,224
250092526014,616,629,1357,1486,2.1103896103896105,9.506263817243921,13,129
250092526021,304,596,881,1361,96.05263157894737,54.48354143019296,292,480
250092526022,650,738,1941,2151,13.538461538461538,10.819165378670787,88,210
250092526023,687,921,1585,1957,34.06113537117904,23.470031545741325,234,372
250092526031,286,301,724,787,5.244755244755245,8.701657458563536,15,63
250092526032,817,932,2281,2354,14.075887392900857,3.2003507233669444,115,73
250092531001,450,448,975,1012,-0.4444444444444444,3.794871794871795,-2,37
250092531002,411,411,1013,1069,0,5.528134254689043,0,56
250092531003,446,446,1150,1233,0,7.217391304347825,0,83
250092531004,876,948,1629,1907,8.21917808219178,17.065684468999386,72,278
250092531005,356,364,700,780,2.247191011235955,11.428571428571429,8,80
250092532011,375,425,871,1020,13.333333333333334,17.106773823191734,50,149
250092532012,763,777,1744,1806,1.834862385321101,3.555045871559633,14,62
250092532013,71,257,183,328,261.9718309859155,79.23497267759562,186,145
250092532021,260,265,659,729,1.9230769230769231,10.62215477996965,5,70
250092532022,783,786,2363,2855,0.38314176245210724,20.82099026661024,3,492
250092532023,443,459,983,1013,3.611738148984198,3.0518819938962363,16,30
250092532024,1124,1123,2248,2264,-0.0889679715302491,0.7117437722419928,-1,16
250092532031,333,338,1008,956,1.5015015015015014,-5.158730158730158,5,-52
250092532032,557,565,1647,1628,1.436265709156194,-1.153612629022465,8,-19
250092532033,622,658,1505,1582,5.787781350482315,5.116279069767442,36,77
250092532041,447,487,1287,1332,8.94854586129754,3.4965034965034967,40,45
250092532042,262,405,789,992,54.58015267175572,25.728770595690747,143,203
250092532043,474,480,1433,1477,1.2658227848101267,3.070481507327285,6,44
250092532044,584,880,1820,2578,50.68493150684932,41.64835164835165,296,758
250092532051,802,855,2588,2673,6.608478802992519,3.284389489953632,53,85
250092532052,526,537,1757,1681,2.091254752851711,-4.325554923164485,11,-76
250092541001,556,563,1301,1301,1.2589928057553956,0,7,0
250092541002,592,592,1252,1318,0,5.271565495207668,0,66
250092541003,812,991,1746,2091,22.04433497536946,19.759450171821307,179,345
250092541004,340,364,837,1001,7.0588235294117645,19.59378733572282,24,164
250092541005,325,329,873,891,1.2307692307692308,2.0618556701030926,4,18
250092542001,569,596,1148,1199,4.745166959578207,4.442508710801394,27,51
250092542002,631,660,1131,1209,4.595879556259905,6.896551724137931,29,78
250092542003,468,472,1107,1046,0.8547008547008548,-5.510388437217705,4,-61
250092542004,273,322,1632,2021,17.94871794871795,23.83578431372549,49,389
250092543011,686,727,2150,2386,5.97667638483965,10.976744186046512,41,236
250092543012,576,629,1743,1888,9.20138888888889,8.31899024670109,53,145
250092543021,829,848,2462,2502,2.2919179734620023,1.6246953696181965,19,40
250092543022,355,377,1002,1113,6.197183098591549,11.077844311377245,22,111
250092543023,463,466,1029,1046,0.6479481641468683,1.6520894071914478,3,17
250092544011,358,357,992,1023,-0.27932960893854747,3.125,-1,31
250092544012,791,1016,2207,2651,28.445006321112515,20.117806977797915,225,444
250092544021,416,678,1159,1609,62.980769230769226,38.826574633304574,262,450
250092544022,715,964,2241,2856,34.82517482517483,27.443105756358772,249,615
250092544023,630,492,1501,1514,-21.904761904761905,0.866089273817455,-138,13
250092544024,697,766,1798,2013,9.899569583931134,11.957730812013349,69,215
250092544031,916,918,2656,2666,0.21834061135371177,0.37650602409638556,2,10
250092544032,414,414,1220,1225,0,0.4098360655737705,0,5
250092601001,757,832,2048,2284,9.907529722589167,11.5234375,75,236
250092601002,702,764,1223,1425,8.831908831908832,16.516762060506952,62,202
250092601003,574,614,1118,1261,6.968641114982578,12.790697674418606,40,143
250092601004,272,741,399,1179,172.4264705882353,195.48872180451127,469,780
250092602001,753,787,1823,1873,4.51527224435591,2.7427317608337902,34,50
250092602002,964,984,1614,1750,2.0746887966804977,8.426270136307311,20,136
250092603011,680,748,1680,1785,10,6.25,68,105
250092603012,750,777,1774,1847,3.5999999999999996,4.114994363021421,27,73
250092603013,426,444,1018,1090,4.225352112676056,7.072691552062868,18,72
250092603021,354,362,935,941,2.2598870056497176,0.6417112299465241,8,6
250092603022,873,856,2149,2313,-1.9473081328751431,7.6314564913913445,-17,164
250092604011,292,292,756,736,0,-2.6455026455026456,0,-20
250092604012,407,416,1108,1126,2.211302211302211,1.6245487364620936,9,18
250092604013,296,313,774,822,5.743243243243244,6.2015503875969,17,48
250092604014,651,814,1182,1485,25.038402457757297,25.63451776649746,163,303
250092604021,1023,1090,2902,2973,6.549364613880742,2.4465885596140593,67,71
250092604022,413,474,1073,1333,14.769975786924938,24.231127679403542,61,260
250092604023,165,316,455,831,91.51515151515152,82.63736263736263,151,376
250092604024,933,959,1781,1863,2.786709539121115,4.604154969118473,26,82
250092605001,680,714,1708,1830,5,7.142857142857142,34,122
250092605002,267,301,878,1015,12.734082397003746,15.603644646924831,34,137
250092605003,485,488,1202,1297,0.6185567010309279,7.903494176372712,3,95
250092606001,469,475,1119,1124,1.279317697228145,0.44682752457551383,6,5
250092606002,427,435,1110,1173,1.873536299765808,5.675675675675676,8,63
250092606003,470,519,1148,1405,10.425531914893616,22.38675958188153,49,257
250092607001,939,963,2219,2420,2.5559105431309903,9.058134294727354,24,201
250092607002,875,927,2279,2462,5.942857142857143,8.029837648091268,52,183
250092608001,956,1138,2320,3078,19.03765690376569,32.67241379310345,182,758
250092608002,1020,1183,2311,3054,15.980392156862743,32.15058416270013,163,743
250092609001,348,346,855,914,-0.5747126436781609,6.900584795321637,-2,59
250092609002,466,489,1281,1341,4.935622317596566,4.683840749414521,23,60
250092609003,426,427,1032,1116,0.2347417840375587,8.13953488372093,1,84
250092609004,922,962,1921,2063,4.3383947939262475,7.39198334200937,40,142
250092610001,456,473,1030,1096,3.7280701754385963,6.407766990291262,17,66
250092610002,780,856,1781,2070,9.7435897435897445,16.22683885457608,76,289
250092610003,513,527,1131,1234,2.729044834307992,9.106984969053935,14,103
250092611011,583,684,1480,1654,17.32418524871355,11.756756756756758,101,174
250092611012,528,546,1381,1392,3.4090909090909087,0.7965242577842143,18,11
250092611013,660,714,1920,1982,8.181818181818182,3.229166666666667,54,62
250092611021,1195,1210,2783,2832,1.2552301255230125,1.760689902982393,15,49
250092611022,908,967,2175,2318,6.497797356828194,6.574712643678161,59,143
250092621001,400,405,961,1007,1.25,4.786680541103017,5,46
250092621002,867,945,2503,2601,8.996539792387544,3.915301638034359,78,98
250092621003,551,596,1183,1278,8.166969147005444,8.030431107354184,45,95
250092621004,736,815,1692,1837,10.733695652173914,8.569739952718676,79,145
250092631001,588,653,1527,1639,11.054421768707483,7.334643091028161,65,112
250092631002,373,416,938,1002,11.528150134048257,6.823027718550106,43,64
250092631003,619,671,1770,1859,8.40064620355412,5.028248587570622,52,89
250092641001,743,790,2030,2097,6.3257065948856,3.300492610837438,47,67
250092641002,715,772,1819,2011,7.972027972027972,10.555250137438152,57,192
250092641003,981,1034,2610,2644,5.402650356778797,1.3026819923371646,53,34
250092651011,374,376,758,759,0.53475935828877,0.13192612137203166,2,1
250092651012,315,344,815,890,9.206349206349207,9.202453987730062,29,75
250092651013,361,373,993,978,3.32409972299169,-1.5105740181268883,12,-15
250092651014,370,398,1080,1221,7.567567567567568,13.055555555555557,28,141
250092651021,530,538,1424,1439,1.509433962264151,1.053370786516854,8,15
250092651022,568,576,1547,1526,1.4084507042253522,-1.3574660633484164,8,-21
250092651023,528,554,1566,1657,4.924242424242424,5.810983397190294,26,91
250092661001,309,317,734,762,2.5889967637540456,3.8147138964577656,8,28
250092661002,317,344,812,873,8.517350157728707,7.512315270935961,27,61
250092661003,345,425,714,896,23.18840579710145,25.49019607843137,80,182
250092661004,371,388,854,933,4.5822102425876015,9.250585480093678,17,79
250092661005,318,555,918,1278,74.52830188679245,39.21568627450981,237,360
250092662001,895,1012,1983,2248,13.072625698324023,13.363590519415029,117,265
250092662002,883,910,1906,1911,3.057757644394111,0.26232948583420773,27,5
250092662003,532,592,1305,1310,11.278195488721805,0.38314176245210724,60,5
250092663001,831,871,1826,1766,4.813477737665464,-3.285870755750274,40,-60
250092663002,883,960,1883,2014,8.720271800679502,6.9569835369091875,77,131
250092664001,316,365,817,850,15.50632911392405,4.039167686658507,49,33
250092664002,502,509,973,935,1.394422310756972,-3.905447070914697,7,-38
250092664003,324,340,757,792,4.938271604938271,4.623513870541611,16,35
250092664004,286,301,801,798,5.244755244755245,-0.37453183520599254,15,-3
250092671021,537,663,1296,1444,23.463687150837988,11.419753086419753,126,148
250092671022,610,694,1498,1668,13.77049180327869,11.348464619492656,84,170
250092671023,425,442,1124,1214,4,8.007117437722421,17,90
250092671024,269,273,761,725,1.486988847583643,-4.730617608409987,4,-36
250092671031,640,672,718,643,5,-10.445682451253482,32,-75
250092671032,1187,1191,1027,1087,0.33698399326032014,5.8422590068159685,4,60
250092671041,858,1370,1815,2455,59.67365967365967,35.26170798898072,512,640
250092681001,276,276,798,762,0,-4.511278195488721,0,-36
250092681002,601,607,1871,1840,0.9983361064891847,-1.6568679850347405,6,-31
250092682001,580,594,1299,1384,2.413793103448276,6.543494996150885,14,85
250092682002,423,468,957,1083,10.638297872340425,13.166144200626958,45,126
250092682003,818,875,1732,2016,6.968215158924205,16.397228637413395,57,284
250092682004,7,8,12,38,14.285714285714285,216.66666666666666,1,26
250092682005,959,996,2328,2419,3.8581856100104277,3.90893470790378,37,91
250092683001,799,846,1186,1353,5.88235294117647,14.080944350758854,47,167
250092683002,763,800,1523,1539,4.849279161205767,1.0505581089954037,37,16
250092683003,451,458,801,860,1.5521064301552108,7.365792759051186,7,59
250092683004,274,295,610,619,7.664233576642336,1.4754098360655739,21,9
250092684001,607,611,1093,1106,0.6589785831960462,1.1893870082342177,4,13
250092684002,722,755,1455,1459,4.570637119113574,0.27491408934707906,33,4
250092684003,985,1026,1753,1811,4.16243654822335,3.308613804905876,41,58
250092691001,458,478,1146,1162,4.366812227074235,1.3961605584642234,20,16
250092691002,1217,1281,2019,2011,5.258833196384552,-0.396235760277365,64,-8
250092691003,344,359,1054,1087,4.3604651162790695,3.130929791271347,15,33
250092691004,392,406,998,998,3.571428571428571,0,14,0
250092691005,525,548,1449,1458,4.380952380952381,0.6211180124223602,23,9
250092701001,1093,1148,2831,2953,5.032021957913998,4.30943129636171,55,122
250092701002,617,635,1592,1609,2.9173419773095626,1.0678391959798994,18,17
250092701003,543,622,1432,1599,14.548802946593002,11.662011173184357,79,167
250099901000,0,0,0,0,NA,NA,0,0
250110401001,693,682,1221,1147,-1.5873015873015872,-6.0606060606060606,-11,-74
250110401002,874,796,1121,1164,-8.924485125858125,3.8358608385370205,-78,43
250110401003,593,578,1256,1165,-2.5295109612141653,-7.245222929936306,-15,-91
250110401004,490,475,896,933,-3.061224489795918,4.129464285714286,-15,37
250110402001,834,855,1823,1820,2.5179856115107913,-0.16456390565002743,21,-3
250110402002,439,452,1018,1016,2.9612756264236904,-0.19646365422396855,13,-2
250110402003,608,700,1501,1551,15.131578947368421,3.3311125916055966,92,50
250110403001,673,686,1314,1264,1.9316493313521546,-3.8051750380517504,13,-50
250110403002,718,721,1718,1602,0.4178272980501393,-6.752037252619325,3,-116
250110404001,525,483,972,978,-8,0.6172839506172839,-42,6
250110404002,708,625,1609,1467,-11.72316384180791,-8.825357364822871,-83,-142
250110404003,436,448,848,924,2.7522935779816518,8.962264150943396,12,76
250110405011,326,313,742,670,-3.9877300613496933,-9.703504043126685,-13,-72
250110405012,497,491,1250,1092,-1.2072434607645874,-12.64,-6,-158
250110405013,359,351,853,778,-2.2284122562674096,-8.792497069167643,-8,-75
250110405014,600,585,1419,1359,-2.5,-4.2283298097251585,-15,-60
250110405021,450,443,843,867,-1.5555555555555556,2.8469750889679712,-7,24
250110405022,608,624,1393,1459,2.631578947368421,4.737975592246949,16,66
250110405023,753,737,1339,1344,-2.1248339973439574,0.37341299477221807,-16,5
250110406001,811,827,1852,1865,1.972872996300863,0.7019438444924406,16,13
250110406002,866,853,1771,1717,-1.5011547344110854,-3.0491247882552233,-13,-54
250110406003,465,460,990,983,-1.0752688172043012,-0.7070707070707071,-5,-7
250110407011,408,431,1014,998,5.637254901960785,-1.5779092702169626,23,-16
250110407012,641,662,1192,1282,3.2761310452418098,7.550335570469799,21,90
250110407013,505,524,1114,1135,3.762376237623762,1.8850987432675044,19,21
250110407014,426,433,893,871,1.643192488262911,-2.463605823068309,7,-22
250110407021,451,456,893,885,1.1086474501108647,-0.8958566629339306,5,-8
250110407022,566,586,1251,1310,3.53356890459364,4.7162270183852915,20,59
250110407023,332,345,701,706,3.91566265060241,0.7132667617689016,13,5
250110407024,630,675,1379,1393,7.142857142857142,1.015228426395939,45,14
250110408001,661,727,1495,1607,9.984871406959153,7.4916387959866215,66,112
250110408002,363,370,745,770,1.9283746556473829,3.3557046979865772,7,25
250110408003,651,663,1575,1472,1.8433179723502304,-6.5396825396825395,12,-103
250110408004,715,738,1364,1421,3.2167832167832167,4.178885630498534,23,57
250110409001,381,398,1074,934,4.4619422572178475,-13.03538175046555,17,-140
250110409002,922,952,2206,2263,3.2537960954446854,2.5838621940163193,30,57
250110409003,565,599,1212,1225,6.017699115044247,1.0726072607260726,34,13
250110409004,313,343,632,668,9.584664536741213,5.69620253164557,30,36
250110410001,408,418,942,1095,2.450980392156863,16.24203821656051,10,153
250110410002,584,590,1331,1309,1.0273972602739725,-1.6528925619834711,6,-22
250110410003,439,452,998,1079,2.9612756264236904,8.11623246492986,13,81
250110411001,380,416,771,805,9.473684210526317,4.409857328145266,36,34
250110411002,481,495,1049,1044,2.9106029106029108,-0.47664442326024786,14,-5
250110411003,363,370,820,915,1.9283746556473829,11.585365853658537,7,95
250110411004,472,463,952,959,-1.9067796610169492,0.7352941176470588,-9,7
250110412001,609,634,1372,1270,4.105090311986864,-7.434402332361516,25,-102
250110412002,352,358,767,788,1.7045454545454544,2.737940026075619,6,21
250110412003,446,454,1017,959,1.7937219730941705,-5.703048180924287,8,-58
250110413011,492,497,870,855,1.0162601626016259,-1.7241379310344827,5,-15
250110413012,479,536,878,915,11.899791231732777,4.214123006833713,57,37
250110413013,430,428,846,817,-0.46511627906976744,-3.4278959810874707,-2,-29
250110413021,650,653,1002,963,0.46153846153846156,-3.8922155688622757,3,-39
250110413022,600,636,1045,1053,6,0.7655502392344498,36,8
250110414001,539,557,1391,1513,3.339517625231911,8.770668583752697,18,122
250110414002,652,689,1404,1429,5.674846625766871,1.7806267806267806,37,25
250110415011,581,569,1083,1036,-2.0654044750430294,-4.339796860572484,-12,-47
250110415012,295,311,655,659,5.423728813559322,0.6106870229007634,16,4
250110415013,830,825,1897,1761,-0.6024096385542169,-7.16921454928835,-5,-136
250110415021,477,491,1078,1056,2.9350104821802936,-2.0408163265306123,14,-22
250110415022,429,430,960,924,0.2331002331002331,-3.75,1,-36
250110415023,459,476,942,892,3.7037037037037033,-5.3078556263269645,17,-50
250110415024,454,510,814,828,12.334801762114537,1.71990171990172,56,14
250138001011,520,534,1275,1308,2.6923076923076925,2.588235294117647,14,33
250138001012,499,501,1445,1314,0.4008016032064128,-9.065743944636678,2,-131
250138001013,614,626,1332,1467,1.9543973941368076,10.135135135135135,12,135
250138001021,802,821,1906,2005,2.369077306733167,5.194123819517314,19,99
250138001022,350,354,821,984,1.1428571428571428,19.853836784409257,4,163
250138001023,651,673,1392,1449,3.3794162826420893,4.094827586206897,22,57
250138002011,536,548,1456,1409,2.2388059701492535,-3.2280219780219785,12,-47
250138002012,641,656,1536,1600,2.3400936037441498,4.166666666666666,15,64
250138002013,283,286,659,639,1.0600706713780919,-3.0349013657056148,3,-20
250138002014,512,517,1156,1252,0.9765625,8.304498269896193,5,96
250138002015,640,657,1527,1677,2.65625,9.823182711198427,17,150
250138002021,584,600,1333,1435,2.73972602739726,7.651912978244561,16,102
250138003001,525,673,1252,1646,28.19047619047619,31.469648562300318,148,394
250138003002,498,503,1152,1167,1.0040160642570282,1.3020833333333335,5,15
250138003003,425,435,1068,1143,2.3529411764705883,7.02247191011236,10,75
250138003004,395,397,923,965,0.5063291139240507,4.550379198266522,2,42
250138004001,541,539,1405,1378,-0.36968576709796674,-1.9217081850533808,-2,-27
250138004002,255,264,799,707,3.5294117647058822,-11.514392991239049,9,-92
250138004003,616,626,1532,1622,1.6233766233766231,5.87467362924282,10,90
250138004004,364,370,1258,1117,1.6483516483516485,-11.208267090620032,6,-141
250138004005,635,646,1732,1808,1.7322834645669292,4.387990762124711,11,76
250138005001,482,494,1331,1351,2.4896265560165975,1.5026296018031555,12,20
250138005002,347,363,1031,1129,4.610951008645533,9.50533462657614,16,98
250138005003,410,414,1004,1061,0.975609756097561,5.677290836653386,4,57
250138006001,333,319,902,788,-4.2042042042042045,-12.638580931263856,-14,-114
250138006002,347,343,1029,1008,-1.1527377521613833,-2.0408163265306123,-4,-21
250138006003,248,219,689,479,-11.693548387096774,-30.478955007256893,-29,-210
250138007001,602,627,1547,1611,4.152823920265781,4.137039431157078,25,64
250138007002,895,891,2453,2291,-0.44692737430167595,-6.604158173664901,-4,-162
250138008001,608,608,1278,1214,0,-5.007824726134586,0,-64
250138008002,343,332,820,768,-3.206997084548105,-6.341463414634147,-11,-52
250138009001,615,639,1504,1526,3.902439024390244,1.4627659574468086,24,22
250138009002,826,869,1394,1377,5.205811138014528,-1.2195121951219512,43,-17
250138009003,392,419,1238,1322,6.887755102040815,6.78513731825525,27,84
250138011011,1253,1296,1862,1993,3.4317637669592975,7.035445757250268,43,131
250138011021,537,498,891,783,-7.262569832402235,-12.121212121212121,-39,-108
250138011022,244,214,646,372,-12.295081967213115,-42.414860681114554,-30,-274
250138012001,408,415,885,772,1.715686274509804,-12.768361581920903,7,-113
250138012002,489,582,1113,1335,19.018404907975462,19.946091644204852,93,222
250138012003,395,375,640,619,-5.063291139240507,-3.28125,-20,-21
250138013001,511,511,1195,1289,0,7.866108786610878,0,94
250138013002,445,431,1155,1195,-3.146067415730337,3.463203463203463,-14,40
250138013003,517,524,1408,1440,1.3539651837524178,2.272727272727273,7,32
250138013004,350,359,878,935,2.571428571428571,6.492027334851937,9,57
250138014011,749,777,1972,2010,3.7383177570093453,1.9269776876267748,28,38
250138014012,699,755,2020,2259,8.011444921316166,11.83168316831683,56,239
250138014021,419,429,1078,1066,2.386634844868735,-1.1131725417439702,10,-12
250138014022,371,525,938,1079,41.509433962264154,15.031982942430705,154,141
250138015011,839,792,1960,2208,-5.601907032181168,12.653061224489795,-47,248
250138015012,301,306,826,843,1.6611295681063125,2.0581113801452786,5,17
250138015013,480,503,1301,1310,4.791666666666667,0.6917755572636434,23,9
250138015014,478,466,1274,1162,-2.510460251046025,-8.791208791208792,-12,-112
250138015021,486,501,1224,1241,3.0864197530864197,1.3888888888888888,15,17
250138015022,315,323,761,804,2.5396825396825395,5.650459921156373,8,43
250138015023,554,554,1427,1358,0,-4.835318850735809,0,-69
250138015031,434,473,1096,1224,8.986175115207374,11.678832116788321,39,128
250138015032,948,973,2125,2102,2.6371308016877637,-1.0823529411764705,25,-23
250138015033,306,331,815,899,8.169934640522875,10.30674846625767,25,84
250138016011,522,527,2398,2316,0.9578544061302682,-3.419516263552961,5,-82
250138016012,251,254,666,602,1.1952191235059761,-9.60960960960961,3,-64
250138016013,471,539,1023,1091,14.437367303609342,6.647116324535679,68,68
250138016014,418,427,980,950,2.15311004784689,-3.061224489795918,9,-30
250138016021,1095,1098,2789,2715,0.273972602739726,-2.6532807457870207,3,-74
250138016022,363,367,893,895,1.1019283746556474,0.22396416573348266,4,2
250138016023,432,416,1426,1414,-3.7037037037037033,-0.8415147265077139,-16,-12
250138016031,624,637,1522,1488,2.083333333333333,-2.2339027595269383,13,-34
250138016032,1197,1205,2663,2634,0.6683375104427736,-1.0889973713856553,8,-29
250138016041,1102,1121,2635,2692,1.7241379310344827,2.163187855787476,19,57
250138016042,447,453,1132,1031,1.342281879194631,-8.92226148409894,6,-101
250138016051,1106,1104,2917,2904,-0.18083182640144665,-0.4456633527596846,-2,-13
250138016052,273,275,648,635,0.7326007326007326,-2.006172839506173,2,-13
250138016053,411,415,1043,1027,0.9732360097323601,-1.5340364333652923,4,-16
250138017001,363,365,927,960,0.5509641873278237,3.559870550161812,2,33
250138017002,382,394,1472,1394,3.1413612565445024,-5.298913043478261,12,-78
250138017003,506,512,1364,1294,1.185770750988142,-5.131964809384164,6,-70
250138017004,360,362,1031,947,0.5555555555555556,-8.147429679922405,2,-84
250138017005,81,90,1654,1912,11.11111111111111,15.598548972188633,9,258
250138017006,452,460,1129,1338,1.7699115044247788,18.511957484499558,8,209
250138018001,301,308,740,828,2.3255813953488373,11.891891891891893,7,88
250138018002,375,376,1038,1135,0.26666666666666666,9.344894026974952,1,97
250138018003,284,208,994,787,-26.76056338028169,-20.824949698189137,-76,-207
250138018004,291,301,712,725,3.436426116838488,1.8258426966292134,10,13
250138018005,282,312,795,876,10.638297872340425,10.18867924528302,30,81
250138019011,596,537,1263,1163,-9.899328859060402,-7.91765637371338,-59,-100
250138019012,1083,1135,2675,2791,4.801477377654663,4.336448598130841,52,116
250138019021,907,939,1634,1759,3.528114663726571,7.649938800489596,32,125
250138019022,612,616,1270,1130,0.6535947712418301,-11.023622047244094,4,-140
250138019023,236,246,710,667,4.23728813559322,-6.056338028169014,10,-43
250138020001,294,292,675,731,-0.6802721088435374,8.296296296296296,-2,56
250138020002,690,625,1489,1291,-9.420289855072465,-13.297515110812627,-65,-198
250138020003,273,273,685,714,0,4.233576642335766,0,29
250138021011,687,690,1503,1614,0.43668122270742354,7.385229540918163,3,111
250138021012,326,319,664,788,-2.147239263803681,18.67469879518072,-7,124
250138021013,418,371,969,758,-11.24401913875598,-21.775025799793603,-47,-211
250138021014,398,398,816,824,0,0.9803921568627451,0,8
250138021015,485,494,815,953,1.8556701030927836,16.93251533742331,9,138
250138021016,478,476,1308,1239,-0.41841004184100417,-5.275229357798166,-2,-69
250138022001,369,402,987,1286,8.94308943089431,30.29381965552178,33,299
250138022002,444,450,1159,1133,1.3513513513513513,-2.2433132010353756,6,-26
250138022003,447,458,1162,1175,2.460850111856823,1.1187607573149743,11,13
250138023001,295,291,737,763,-1.3559322033898304,3.5278154681139755,-4,26
250138023002,660,648,1805,1806,-1.8181818181818181,0.0554016620498615,-12,1
250138023003,867,877,2469,2409,1.1534025374855825,-2.4301336573511545,10,-60
250138023004,325,338,839,873,4,4.052443384982122,13,34
250138023005,405,404,988,1182,-0.24691358024691357,19.63562753036437,-1,194
250138024001,333,336,752,794,0.9009009009009009,5.585106382978723,3,42
250138024002,318,319,714,699,0.3144654088050315,-2.100840336134454,1,-15
250138024003,604,603,1380,1435,-0.16556291390728478,3.985507246376811,-1,55
250138024004,326,324,698,701,-0.6134969325153374,0.42979942693409745,-2,3
250138025001,383,388,912,861,1.3054830287206265,-5.592105263157895,5,-51
250138025002,459,473,1087,1154,3.0501089324618738,6.163753449862005,14,67
250138025003,456,457,1007,1010,0.21929824561403508,0.29791459781529295,1,3
250138025004,428,427,1015,1092,-0.23364485981308408,7.586206896551724,-1,77
250138025005,580,628,1277,1425,8.275862068965518,11.58966327329679,48,148
250138025006,554,564,1396,1431,1.8050541516245486,2.5071633237822346,10,35
250138026011,290,293,655,694,1.0344827586206897,5.9541984732824424,3,39
250138026012,513,520,1391,1387,1.364522417153996,-0.28756290438533433,7,-4
250138026013,501,507,1319,1397,1.1976047904191618,5.913570887035633,6,78
250138026014,507,516,1291,1368,1.7751479289940828,5.964368706429124,9,77
250138026015,461,478,1164,1270,3.68763557483731,9.106529209621993,17,106
250138026016,465,475,1218,1235,2.1505376344086025,1.3957307060755337,10,17
250138026021,982,993,1902,2022,1.120162932790224,6.309148264984227,11,120
250138101001,945,954,2493,2365,0.9523809523809524,-5.134376253509827,9,-128
250138101002,528,529,1091,1122,0.1893939393939394,2.841429880843263,1,31
250138101003,890,910,1761,1789,2.247191011235955,1.5900056785917092,20,28
250138101004,489,483,945,880,-1.2269938650306749,-6.878306878306878,-6,-65
250138102001,401,426,944,979,6.234413965087282,3.7076271186440675,25,35
250138102002,520,515,1112,1067,-0.9615384615384616,-4.046762589928058,-5,-45
250138102003,316,424,655,904,34.177215189873415,38.01526717557252,108,249
250138103001,625,758,1292,1524,21.279999999999998,17.956656346749224,133,232
250138103002,817,855,1842,1815,4.651162790697675,-1.4657980456026058,38,-27
250138104031,620,623,1285,1287,0.4838709677419355,0.1556420233463035,3,2
250138104032,768,778,1636,1592,1.3020833333333335,-2.689486552567237,10,-44
250138104033,501,607,1010,1154,21.157684630738522,14.257425742574256,106,144
250138104041,1542,1565,3761,3611,1.4915693904020753,-3.988300983780909,23,-150
250138104121,1149,1238,2441,2586,7.745865970409051,5.94018844735764,89,145
250138104122,745,779,1881,1889,4.563758389261745,0.42530568846358324,34,8
250138104123,636,633,1610,1543,-0.4716981132075472,-4.161490683229814,-3,-67
250138104141,526,518,2413,2281,-1.520912547528517,-5.470368835474513,-8,-132
250138104142,671,680,1672,1574,1.3412816691505216,-5.861244019138756,9,-98
250138104143,1225,1334,3394,3485,8.89795918367347,2.6812021213906894,109,91
250138106011,424,421,806,831,-0.7075471698113208,3.101736972704715,-3,25
250138106012,1301,1306,2403,2343,0.3843197540353574,-2.4968789013732833,5,-60
250138106013,477,486,1058,985,1.8867924528301887,-6.899810964083176,9,-73
250138106021,1075,1074,2657,2573,-0.09302325581395349,-3.1614602935641702,-1,-84
250138107001,752,771,1577,1684,2.5265957446808507,6.7850348763474955,19,107
250138107002,353,356,827,902,0.84985835694051,9.068923821039904,3,75
250138107003,644,654,1427,1377,1.5527950310559007,-3.50385423966363,10,-50
250138107004,408,416,927,926,1.9607843137254901,-0.10787486515641855,8,-1
250138107005,659,663,1393,1358,0.6069802731411229,-2.512562814070352,4,-35
250138108001,899,941,1494,1770,4.671857619577309,18.473895582329316,42,276
250138108002,571,639,1293,1230,11.908931698774081,-4.872389791183294,68,-63
250138108003,460,467,1036,1080,1.5217391304347827,4.247104247104247,7,44
250138109011,588,603,1097,1140,2.5510204081632653,3.919781221513218,15,43
250138109012,409,471,851,849,15.158924205378973,-0.23501762632197415,62,-2
250138109021,553,560,1447,1602,1.2658227848101267,10.711817553559086,7,155
250138109022,275,282,678,649,2.5454545454545454,-4.277286135693215,7,-29
250138109023,689,707,1483,1500,2.6124818577648767,1.1463250168577208,18,17
250138109024,378,372,971,850,-1.5873015873015872,-12.461380020597321,-6,-121
250138110001,477,478,973,900,0.20964360587002098,-7.50256937307297,1,-73
250138110002,325,332,702,771,2.1538461538461537,9.82905982905983,7,69
250138110003,425,427,948,910,0.4705882352941176,-4.008438818565401,2,-38
250138110004,473,480,1049,1143,1.4799154334038054,8.960915157292659,7,94
250138110005,451,516,950,1138,14.412416851441243,19.789473684210527,65,188
250138111011,579,609,1529,1380,5.181347150259067,-9.74493132766514,30,-149
250138111012,649,687,1361,1577,5.855161787365177,15.870683321087437,38,216
250138111013,522,525,1426,1423,0.5747126436781609,-0.21037868162692847,3,-3
250138111014,344,346,742,770,0.5813953488372093,3.7735849056603774,2,28
250138111021,580,586,1487,1428,1.0344827586206897,-3.967720242098184,6,-59
250138111022,912,906,2047,1938,-0.6578947368421052,-5.324865657059111,-6,-109
250138111023,596,617,1452,1510,3.523489932885906,3.994490358126722,21,58
250138111024,508,507,1114,1118,-0.19685039370078738,0.3590664272890485,-1,4
250138112001,782,790,1667,1636,1.0230179028132993,-1.859628074385123,8,-31
250138112002,524,536,1233,1171,2.2900763358778624,-5.02838605028386,12,-62
250138112003,476,471,976,1040,-1.050420168067227,6.557377049180328,-5,64
250138112004,408,367,983,920,-10.049019607843137,-6.408952187182096,-41,-63
250138113011,650,664,1368,1352,2.1538461538461537,-1.1695906432748537,14,-16
250138113012,348,360,776,848,3.4482758620689653,9.278350515463918,12,72
250138113013,1166,1168,2236,2219,0.17152658662092624,-0.7602862254025045,2,-17
250138113014,456,462,1114,1159,1.3157894736842104,4.039497307001795,6,45
250138113021,0,0,0,0,NA,NA,0,0
250138113022,624,633,1419,1475,1.4423076923076923,3.9464411557434813,9,56
250138113023,509,437,1303,1021,-14.145383104125736,-21.642363775901767,-72,-282
250138113024,638,651,1406,1491,2.037617554858934,6.0455192034139404,13,85
250138113025,800,800,1612,1573,0,-2.4193548387096775,0,-39
250138114001,396,437,1016,1070,10.353535353535353,5.31496062992126,41,54
250138114002,545,507,1431,1220,-6.972477064220184,-14.74493361285814,-38,-211
250138115001,381,395,1182,1062,3.674540682414698,-10.152284263959391,14,-120
250138115002,402,385,1095,1140,-4.228855721393035,4.10958904109589,-17,45
250138116001,306,324,910,829,5.88235294117647,-8.901098901098901,18,-81
250138116002,373,390,1026,904,4.557640750670242,-11.890838206627679,17,-122
250138116003,264,261,654,629,-1.1363636363636365,-3.82262996941896,-3,-25
250138116004,465,514,1159,1139,10.53763440860215,-1.7256255392579811,49,-20
250138117001,276,286,532,473,3.6231884057971016,-11.090225563909774,10,-59
250138117002,830,945,1497,1577,13.855421686746988,5.344021376085505,115,80
250138118001,286,305,717,727,6.643356643356643,1.394700139470014,19,10
250138118002,278,285,781,689,2.5179856115107913,-11.7797695262484,7,-92
250138118003,509,516,1109,1039,1.37524557956778,-6.311992786293959,7,-70
250138118004,244,264,633,648,8.19672131147541,2.3696682464454977,20,15
250138118005,361,374,899,887,3.6011080332409975,-1.3348164627363739,13,-12
250138119001,626,607,1340,1275,-3.035143769968051,-4.850746268656716,-19,-65
250138119002,474,481,1097,1106,1.4767932489451476,0.8204193254329991,7,9
250138119003,494,487,1118,1083,-1.417004048582996,-3.1305903398926653,-7,-35
250138120011,486,498,1073,1083,2.4691358024691357,0.9319664492078285,12,10
250138120012,229,241,755,781,5.240174672489083,3.443708609271523,12,26
250138120013,439,450,869,811,2.5056947608200453,-6.67433831990794,11,-58
250138120014,379,379,754,775,0,2.7851458885941645,0,21
250138120021,871,899,2346,2129,3.214695752009185,-9.249786871270247,28,-217
250138120022,274,284,714,754,3.64963503649635,5.602240896358544,10,40
250138120023,324,325,703,722,0.30864197530864196,2.7027027027027026,1,19
250138120024,392,386,883,833,-1.530612244897959,-5.662514156285391,-6,-50
250138121011,929,958,2175,2104,3.1216361679224973,-3.2643678160919536,29,-71
250138121012,512,515,1202,1226,0.5859375,1.9966722129783694,3,24
250138121013,649,653,1729,1591,0.6163328197226503,-7.981492192018508,4,-138
250138121031,387,412,867,922,6.459948320413436,6.343713956170703,25,55
250138121032,1051,1129,2969,2657,7.421503330161751,-10.508588750421017,78,-312
250138121041,607,617,1395,1313,1.6474464579901154,-5.878136200716845,10,-82
250138121042,564,568,1390,1288,0.7092198581560284,-7.338129496402877,4,-102
250138121043,293,301,698,700,2.7303754266211606,0.28653295128939826,8,2
250138121044,488,496,1162,1052,1.639344262295082,-9.46643717728055,8,-110
250138122011,908,921,2112,2144,1.4317180616740088,1.5151515151515151,13,32
250138122012,678,670,1220,1190,-1.1799410029498525,-2.459016393442623,-8,-30
250138122013,735,753,1268,1456,2.4489795918367347,14.826498422712934,18,188
250138122021,426,417,857,654,-2.112676056338028,-23.687281213535588,-9,-203
250138122022,508,590,971,1123,16.141732283464567,15.653964984552008,82,152
250138122023,352,279,729,450,-20.738636363636363,-38.2716049382716,-73,-279
250138122024,853,851,1486,1481,-0.23446658851113714,-0.3364737550471063,-2,-5
250138123001,410,441,1203,1233,7.560975609756097,2.493765586034913,31,30
250138123002,760,741,1552,1585,-2.5,2.1262886597938144,-19,33
250138123003,359,369,736,804,2.785515320334262,9.239130434782608,10,68
250138123004,480,490,1201,1165,2.083333333333333,-2.9975020815986677,10,-36
250138123005,397,477,1169,1346,20.151133501259448,15.14114627887083,80,177
250138124011,293,293,736,726,0,-1.358695652173913,0,-10
250138124012,670,672,1594,1634,0.2985074626865672,2.5094102885821834,2,40
250138124013,622,638,1513,1615,2.572347266881029,6.741573033707865,16,102
250138124014,972,948,2367,2390,-2.4691358024691357,0.9716941275876637,-24,23
250138124031,370,404,862,947,9.18918918918919,9.860788863109049,34,85
250138124032,574,578,1008,1061,0.6968641114982579,5.257936507936508,4,53
250138124033,499,503,1141,1150,0.8016032064128256,0.7887817703768624,4,9
250138124034,361,365,785,799,1.10803324099723,1.78343949044586,4,14
250138124041,707,715,1799,1869,1.1315417256011315,3.8910505836575875,8,70
250138124042,763,770,2082,2013,0.9174311926605505,-3.314121037463977,7,-69
250138125001,347,332,971,922,-4.322766570605188,-5.046343975283213,-15,-49
250138125002,550,552,1293,1401,0.36363636363636365,8.352668213457076,2,108
250138125003,952,1130,2332,2340,18.69747899159664,0.34305317324185247,178,8
250138125004,281,277,622,625,-1.4234875444839856,0.482315112540193,-4,3
250138125005,892,898,2447,2400,0.672645739910314,-1.9207192480588478,6,-47
250138126001,727,771,1673,1637,6.052269601100413,-2.1518230723251643,44,-36
250138126002,415,419,915,895,0.9638554216867471,-2.185792349726776,4,-20
250138126003,962,973,2701,2662,1.1434511434511436,-1.4439096630877453,11,-39
250138126004,550,558,1510,1445,1.4545454545454546,-4.304635761589404,8,-65
250138127011,636,647,1270,1346,1.729559748427673,5.984251968503937,11,76
250138127012,614,640,1590,1474,4.234527687296417,-7.29559748427673,26,-116
250138127013,553,559,1218,1146,1.0849909584086799,-5.911330049261084,6,-72
250138127021,915,914,2122,2091,-0.1092896174863388,-1.4608859566446748,-1,-31
250138127022,628,649,1257,1169,3.343949044585987,-7.000795544948289,21,-88
250138127023,531,530,1029,954,-0.18832391713747645,-7.288629737609329,-1,-75
250138127024,497,522,1081,1028,5.030181086519115,-4.902867715078631,25,-53
250138128001,361,372,819,744,3.0470914127423825,-9.157509157509157,11,-75
250138128002,674,721,1728,1821,6.973293768545995,5.381944444444445,47,93
250138128003,951,1067,2187,2453,12.197686645636173,12.162780064014632,116,266
250138128004,715,800,1932,2094,11.888111888111888,8.385093167701864,85,162
250138129011,751,806,1677,1784,7.323568575233022,6.380441264162194,55,107
250138129012,325,340,721,782,4.615384615384616,8.460471567267684,15,61
250138129013,248,248,604,526,0,-12.91390728476821,0,-78
250138129021,278,336,556,557,20.863309352517987,0.1798561151079137,58,1
250138129022,767,851,1929,2059,10.951760104302476,6.739243131156039,84,130
250138129023,908,923,2277,2264,1.6519823788546255,-0.5709266578831796,15,-13
250138129031,47,34,2632,2215,-27.659574468085108,-15.843465045592705,-13,-417
250138130011,645,622,1338,1228,-3.565891472868217,-8.221225710014949,-23,-110
250138130012,1085,1077,1718,1686,-0.7373271889400922,-1.8626309662398137,-8,-32
250138130021,343,351,838,819,2.3323615160349855,-2.267303102625298,8,-19
250138130022,699,703,1775,1643,0.5722460658082975,-7.436619718309859,4,-132
250138130023,649,656,1567,1538,1.078582434514638,-1.8506700701978303,7,-29
250138131011,849,912,1979,1939,7.420494699646643,-2.02122283981809,63,-40
250138131012,659,707,1411,1409,7.283763277693475,-0.14174344436569808,48,-2
250138131013,978,989,2470,2282,1.1247443762781186,-7.611336032388665,11,-188
250138131021,721,773,1739,1725,7.212205270457697,-0.8050603795284648,52,-14
250138131022,707,734,1903,1877,3.818953323903819,-1.3662637940094586,27,-26
250138132041,308,316,813,764,2.5974025974025974,-6.027060270602706,8,-49
250138132042,893,958,2427,2584,7.278835386338185,6.468891635764318,65,157
250138132051,949,949,2037,2064,0,1.3254786450662739,0,27
250138132052,479,375,1182,927,-21.711899791231733,-21.573604060913706,-104,-255
250138132053,617,714,1767,1727,15.721231766612643,-2.2637238256932655,97,-40
250138132054,1025,1132,2493,2536,10.439024390243903,1.7248295226634576,107,43
250138132061,633,631,1601,1554,-0.315955766192733,-2.9356652092442226,-2,-47
250138132062,346,356,846,883,2.8901734104046244,4.373522458628842,10,37
250138132063,679,685,1596,1543,0.8836524300441826,-3.3208020050125313,6,-53
250138132071,944,987,2257,2365,4.555084745762712,4.785112981834294,43,108
250138132072,440,444,1053,1054,0.9090909090909091,0.0949667616334283,4,1
250138132073,897,920,1800,1883,2.564102564102564,4.611111111111111,23,83
250138132081,601,600,1503,1526,-0.16638935108153077,1.5302727877578177,-1,23
250138132082,617,633,1415,1430,2.593192868719611,1.0600706713780919,16,15
250138132091,721,746,1213,1407,3.467406380027739,15.993404781533387,25,194
250138132092,802,822,1654,1712,2.493765586034913,3.506650544135429,20,58
250138132093,1187,1093,2779,2733,-7.919123841617523,-1.6552716804605974,-94,-46
250138133011,769,761,2401,2365,-1.0403120936280885,-1.499375260308205,-8,-36
250138133012,807,820,2056,2055,1.6109045848822798,-0.048638132295719845,13,-1
250138133013,459,459,1350,1318,0,-2.3703703703703702,0,-32
250138133014,606,621,1536,1535,2.4752475247524752,-0.06510416666666666,15,-1
250138133031,777,780,2160,2188,0.3861003861003861,1.2962962962962963,3,28
250138133032,977,965,2226,2261,-1.2282497441146365,1.5723270440251573,-12,35
250138133041,684,690,1849,1853,0.8771929824561403,0.2163331530557058,6,4
250138133042,419,420,1038,1074,0.23866348448687352,3.4682080924855487,1,36
250138133043,450,451,1167,1204,0.2222222222222222,3.1705227077977725,1,37
250138134011,453,463,1163,1214,2.207505518763797,4.3852106620808255,10,51
250138134012,403,416,1057,1054,3.225806451612903,-0.28382213812677387,13,-3
250138134013,724,796,2037,2115,9.94475138121547,3.829160530191458,72,78
250138134014,409,417,986,958,1.9559902200488997,-2.839756592292089,8,-28
250138134031,1043,1119,2600,2893,7.28667305848514,11.269230769230768,76,293
250138134032,579,600,1247,1263,3.6269430051813467,1.2830793905372895,21,16
250138134041,746,764,2152,2213,2.4128686327077746,2.8345724907063197,18,61
250138134042,804,825,1876,1905,2.6119402985074625,1.5458422174840085,21,29
250138134043,945,971,2602,2815,2.751322751322751,8.186010760953113,26,213
250138135001,527,549,1406,1343,4.174573055028463,-4.480796586059744,22,-63
250138135002,418,425,1061,1058,1.674641148325359,-0.2827521206409048,7,-3
250138135003,533,552,1476,1423,3.564727954971857,-3.590785907859079,19,-53
250138135004,470,482,1196,1142,2.553191489361702,-4.51505016722408,12,-54
250138136011,438,519,889,1054,18.493150684931507,18.560179977502813,81,165
250138136012,964,1013,2448,2525,5.08298755186722,3.145424836601307,49,77
250138136013,388,394,1145,1188,1.5463917525773196,3.755458515283843,6,43
250138136014,346,354,960,894,2.312138728323699,-6.875000000000001,8,-66
250138136015,1072,1088,2704,2671,1.4925373134328357,-1.220414201183432,16,-33
250138136021,413,428,1128,1254,3.631961259079903,11.170212765957446,15,126
250138136022,1210,1250,3005,3109,3.3057851239669422,3.4608985024958407,40,104
250138136023,667,666,1939,1918,-0.14992503748125938,-1.083032490974729,-1,-21
250138137011,628,650,1672,1623,3.5031847133757963,-2.930622009569378,22,-49
250138137012,782,818,1790,1735,4.603580562659847,-3.072625698324022,36,-55
250138137021,617,632,1564,1545,2.4311183144246353,-1.2148337595907928,15,-19
250138137022,879,904,2225,2114,2.844141069397042,-4.98876404494382,25,-111
250138137023,536,550,1314,1136,2.6119402985074625,-13.54642313546423,14,-178
250138138011,882,896,1841,1832,1.5873015873015872,-0.48886474741988045,14,-9
250138138012,484,500,1162,1187,3.3057851239669422,2.1514629948364887,16,25
250138138013,880,905,1316,1416,2.840909090909091,7.598784194528875,25,100
250138138021,869,951,2027,2084,9.4361334867664,2.8120374938332513,82,57
250138138022,730,721,1582,1610,-1.2328767123287672,1.7699115044247788,-9,28
250158201011,1057,1144,2497,2580,8.230842005676443,3.323988786543853,87,83
250158201012,775,803,1771,1760,3.612903225806452,-0.6211180124223602,28,-11
250158201013,503,502,1063,1023,-0.19880715705765406,-3.762935089369708,-1,-40
250158201014,391,415,857,932,6.138107416879795,8.751458576429405,24,75
250158201021,363,346,789,751,-4.683195592286501,-4.816223067173637,-17,-38
250158201022,587,581,1004,1066,-1.0221465076660987,6.175298804780876,-6,62
250158201023,913,964,1890,1954,5.585980284775466,3.3862433862433865,51,64
250158202051,993,1106,2807,3004,11.379657603222558,7.018168863555398,113,197
250158202052,1239,1368,3130,3374,10.411622276029057,7.795527156549522,129,244
250158202053,570,574,1321,1280,0.7017543859649122,-3.1037093111279335,4,-41
250158202061,439,462,1323,1323,5.239179954441914,0,23,0
250158202062,306,307,694,687,0.32679738562091504,-1.0086455331412103,1,-7
250158202063,857,879,1854,1838,2.5670945157526255,-0.8629989212513484,22,-16
250158202071,881,1072,2076,2298,21.679909194097615,10.69364161849711,191,222
250158202072,725,739,1682,1742,1.9310344827586208,3.56718192627824,14,60
250158202073,399,424,1083,1084,6.265664160401002,0.09233610341643582,25,1
250158203001,731,912,1708,1947,24.76060191518468,13.992974238875878,181,239
250158203002,557,595,1389,1257,6.822262118491921,-9.503239740820735,38,-132
250158203003,546,596,1346,1261,9.157509157509157,-6.315007429420505,50,-85
250158203004,338,362,973,1083,7.100591715976331,11.30524152106886,24,110
250158203005,551,671,1400,1609,21.77858439201452,14.92857142857143,120,209
250158204001,7,122,11679,13131,1642.8571428571427,12.432571281787824,115,1452
250158205001,535,549,1173,1050,2.6168224299065423,-10.485933503836318,14,-123
250158205002,408,442,941,1014,8.333333333333332,7.7577045696068,34,73
250158205003,365,577,765,1068,58.082191780821915,39.6078431372549,212,303
250158205004,334,367,914,911,9.880239520958083,-0.3282275711159737,33,-3
250158205005,566,583,1116,1121,3.0035335689045937,0.4480286738351254,17,5
250158205006,202,210,713,549,3.9603960396039604,-23.00140252454418,8,-164
250158205007,462,472,1118,1026,2.1645021645021645,-8.228980322003578,10,-92
250158206001,41,63,1681,1641,53.65853658536586,-2.379535990481856,22,-40
250158207001,701,730,1719,1698,4.136947218259629,-1.2216404886561953,29,-21
250158207002,614,622,1450,1419,1.3029315960912053,-2.1379310344827585,8,-31
250158207003,497,530,1340,1341,6.639839034205232,0.0746268656716418,33,1
250158208011,484,492,1157,1185,1.6528925619834711,2.4200518582541055,8,28
250158208012,662,672,1365,1382,1.5105740181268883,1.2454212454212454,10,17
250158208013,824,862,1932,1919,4.611650485436893,-0.6728778467908902,38,-13
250158208014,285,319,778,1072,11.929824561403509,37.789203084832906,34,294
250158208021,1,0,1158,579,-100,-50,-1,-579
250158209001,594,612,1707,1739,3.0303030303030303,1.8746338605741066,18,32
250158209002,703,691,1755,1659,-1.7069701280227598,-5.47008547008547,-12,-96
250158209003,1156,1195,2763,2712,3.373702422145329,-1.8458197611292075,39,-51
250158210001,302,297,720,698,-1.6556291390728477,-3.0555555555555554,-5,-22
250158210002,398,406,946,960,2.0100502512562812,1.4799154334038054,8,14
250158210003,344,373,670,771,8.430232558139535,15.074626865671641,29,101
250158210004,865,906,1917,2017,4.7398843930635834,5.216484089723526,41,100
250158211011,672,675,1419,1490,0.4464285714285714,5.003523608174771,3,71
250158211012,728,768,1535,1611,5.4945054945054945,4.951140065146579,40,76
250158211013,1009,1030,2372,2319,2.0812685827552033,-2.2344013490725128,21,-53
250158211014,854,876,1613,1621,2.576112412177986,0.49597024178549287,22,8
250158212001,22,43,1932,2185,95.45454545454545,13.095238095238097,21,253
250158213001,1025,1051,2119,2190,2.5365853658536586,3.350637092968381,26,71
250158213002,463,469,1172,1147,1.2958963282937366,-2.1331058020477816,6,-25
250158213003,481,545,1113,1141,13.305613305613306,2.515723270440252,64,28
250158214001,540,560,1144,1210,3.7037037037037033,5.769230769230769,20,66
250158214002,335,350,772,813,4.477611940298507,5.310880829015544,15,41
250158214003,462,496,1134,1164,7.35930735930736,2.6455026455026456,34,30
250158214004,894,930,2199,2138,4.026845637583892,-2.7739881764438383,36,-61
250158215001,463,479,956,992,3.455723542116631,3.765690376569038,16,36
250158215002,354,430,808,836,21.468926553672315,3.4653465346534658,76,28
250158215003,746,725,1515,1524,-2.8150134048257374,0.594059405940594,-21,9
250158216011,874,929,1705,1827,6.292906178489703,7.155425219941349,55,122
250158216012,871,918,1719,1784,5.39609644087256,3.781268179173938,47,65
250158216021,506,508,961,950,0.3952569169960474,-1.1446409989594173,2,-11
250158216022,710,746,1428,1445,5.070422535211268,1.1904761904761905,36,17
250158216023,615,633,1455,1483,2.9268292682926833,1.9243986254295533,18,28
250158217001,810,824,1793,1768,1.728395061728395,-1.3943112102621305,14,-25
250158217002,367,374,704,714,1.9073569482288828,1.4204545454545454,7,10
250158217003,11,44,231,265,300,14.71861471861472,33,34
250158217004,376,548,996,1284,45.744680851063826,28.915662650602407,172,288
250158219011,1027,1027,2410,2439,0,1.203319502074689,0,29
250158219012,469,476,866,880,1.4925373134328357,1.6166281755196306,7,14
250158219031,772,1036,1303,1683,34.196891191709845,29.16346891788181,264,380
250158219032,0,0,249,124,NA,-50.20080321285141,0,-125
250158219033,1082,1151,1873,1832,6.377079482439926,-2.189001601708489,69,-41
250158219041,458,484,979,1023,5.676855895196507,4.49438202247191,26,44
250158219042,448,449,816,822,0.2232142857142857,0.7352941176470588,1,6
250158219043,636,696,969,1056,9.433962264150944,8.978328173374612,60,87
250158220001,178,226,1978,2152,26.96629213483146,8.796764408493427,48,174
250158222001,431,437,886,948,1.3921113689095126,6.997742663656885,6,62
250158222002,943,949,2349,2145,0.6362672322375398,-8.684546615581098,6,-204
250158222003,1146,1213,2879,2947,5.846422338568935,2.3619312261201806,67,68
250158223001,993,1058,2084,2150,6.545820745216516,3.166986564299424,65,66
250158223002,716,716,1387,1368,0,-1.36986301369863,0,-19
250158223003,402,404,787,767,0.4975124378109453,-2.5412960609911055,2,-20
250158223004,590,643,1112,1127,8.983050847457626,1.3489208633093526,53,15
250158224011,788,802,1804,1816,1.7766497461928936,0.6651884700665188,14,12
250158224012,580,607,1529,1427,4.655172413793104,-6.671026814911707,27,-102
250158224013,525,524,1405,1369,-0.19047619047619047,-2.5622775800711746,-1,-36
250158224014,434,481,1104,1210,10.829493087557603,9.601449275362318,47,106
250158224021,343,343,643,699,0,8.709175738724728,0,56
250158224022,581,578,1070,1140,-0.5163511187607573,6.5420560747663545,-3,70
250158224023,449,455,917,914,1.3363028953229399,-0.3271537622682661,6,-3
250158224024,682,712,1286,1268,4.398826979472141,-1.3996889580093312,30,-18
250158224025,532,526,925,956,-1.1278195488721803,3.3513513513513513,-6,31
250158225001,369,403,957,1034,9.214092140921409,8.045977011494253,34,77
250158225002,483,501,1227,1236,3.7267080745341614,0.7334963325183375,18,9
250158225003,598,626,1375,1369,4.682274247491638,-0.4363636363636364,28,-6
250158225004,887,1021,2233,2585,15.107102593010147,15.763546798029557,134,352
250158226011,604,632,1279,1283,4.635761589403973,0.3127443315089914,28,4
250158226012,410,398,901,811,-2.9268292682926833,-9.988901220865705,-12,-90
250158226031,696,747,1607,1622,7.327586206896551,0.9334163036714374,51,15
250158226071,598,593,1054,960,-0.8361204013377926,-8.918406072106261,-5,-94
250158226072,431,453,957,976,5.104408352668213,1.9853709508881923,22,19
250158226073,752,743,1525,1528,-1.196808510638298,0.19672131147540983,-9,3
250158226074,591,618,1222,1186,4.568527918781726,-2.9459901800327333,27,-36
250158227001,328,335,646,633,2.1341463414634148,-2.0123839009287927,7,-13
250158227002,486,477,874,829,-1.8518518518518516,-5.148741418764303,-9,-45
250158227003,908,840,1678,1578,-7.488986784140969,-5.959475566150179,-68,-100
250173001001,654,698,1618,1731,6.727828746177369,6.983930778739183,44,113
250173001002,537,545,1456,1462,1.48975791433892,0.4120879120879121,8,6
250173011011,674,719,1886,1959,6.6765578635014835,3.870625662778367,45,73
250173011012,442,500,1210,1261,13.122171945701359,4.214876033057851,58,51
250173011013,448,486,928,990,8.482142857142858,6.68103448275862,38,62
250173011021,484,473,1281,1234,-2.272727272727273,-3.669008587041374,-11,-47
250173011022,729,774,2091,2165,6.172839506172839,3.5389765662362507,45,74
250173011023,608,614,1530,1518,0.9868421052631579,-0.7843137254901961,6,-12
250173101011,617,705,1446,1682,14.26256077795786,16.32088520055325,88,236
250173101012,524,550,791,816,4.961832061068702,3.16055625790139,26,25
250173101013,394,601,651,974,52.53807106598985,49.615975422427034,207,323
250173101021,620,606,1039,1162,-2.258064516129032,11.838306063522618,-14,123
250173101022,688,842,1320,1447,22.38372093023256,9.621212121212121,154,127
250173102001,437,440,1115,1160,0.6864988558352403,4.0358744394618835,3,45
250173102002,340,353,911,1057,3.823529411764706,16.02634467618002,13,146
250173102003,598,667,1562,1737,11.538461538461538,11.20358514724712,69,175
250173102004,379,390,1111,1258,2.9023746701846966,13.23132313231323,11,147
250173102005,529,547,1277,1325,3.402646502835539,3.7588097102584186,18,48
250173103001,671,673,1465,1621,0.29806259314456035,10.648464163822526,2,156
250173103002,643,654,1622,1750,1.7107309486780715,7.891491985203452,11,128
250173103003,417,425,1196,1257,1.9184652278177456,5.1003344481605355,8,61
250173103004,337,349,852,1029,3.5608308605341246,20.774647887323944,12,177
250173103005,380,393,885,1032,3.421052631578948,16.610169491525422,13,147
250173104001,459,462,1180,1279,0.6535947712418301,8.389830508474576,3,99
250173104002,421,425,1125,1146,0.9501187648456058,1.866666666666667,4,21
250173104003,327,338,936,1004,3.3639143730886847,7.264957264957266,11,68
250173105001,270,271,937,755,0.3703703703703704,-19.423692636072573,1,-182
250173105002,544,553,1377,1308,1.6544117647058825,-5.010893246187364,9,-69
250173105003,442,460,1135,1228,4.072398190045249,8.193832599118943,18,93
250173106011,949,1035,2211,2406,9.062170706006324,8.819538670284938,86,195
250173106012,891,1035,2751,2975,16.161616161616163,8.142493638676845,144,224
250173106013,272,273,784,813,0.3676470588235294,3.6989795918367347,1,29
250173106021,701,719,1693,1841,2.5677603423680457,8.74187832250443,18,148
250173106022,791,813,1799,1872,2.781289506953224,4.05780989438577,22,73
250173106023,268,268,604,750,0,24.17218543046358,0,146
250173106024,652,681,1729,1895,4.447852760736196,9.600925390399075,29,166
250173107001,584,585,1536,1526,0.17123287671232876,-0.6510416666666667,1,-10
250173107002,286,308,1142,1105,7.6923076923076925,-3.239929947460595,22,-37
250173107003,758,799,1763,1899,5.408970976253298,7.714123652864435,41,136
250173111001,318,304,1002,899,-4.40251572327044,-10.27944111776447,-14,-103
250173111002,541,671,1428,1645,24.029574861367838,15.196078431372548,130,217
250173112001,563,522,1561,1474,-7.282415630550622,-5.573350416399744,-41,-87
250173112002,570,593,1706,1743,4.035087719298246,2.168815943728019,23,37
250173113001,434,438,1221,1307,0.9216589861751152,7.0434070434070435,4,86
250173113002,557,627,1649,1856,12.567324955116696,12.553062462098241,70,207
250173113003,416,395,1187,2044,-5.048076923076923,72.19882055602359,-21,857
250173114001,436,439,1158,1135,0.6880733944954129,-1.9861830742659756,3,-23
250173114002,250,248,639,812,-0.8,27.073552425665103,-2,173
250173114003,986,1008,2301,2420,2.231237322515213,5.171664493698392,22,119
250173114004,840,902,1888,2183,7.380952380952381,15.625,62,295
250173115001,283,291,837,944,2.8268551236749118,12.783751493428912,8,107
250173115002,443,446,1243,1275,0.6772009029345373,2.574416733708769,3,32
250173115003,366,367,894,1005,0.273224043715847,12.416107382550337,1,111
250173116001,520,541,1410,1589,4.038461538461538,12.695035460992907,21,179
250173116002,452,456,1305,1362,0.8849557522123894,4.3678160919540225,4,57
250173116003,288,290,754,879,0.6944444444444444,16.578249336870027,2,125
250173116004,374,495,967,869,32.35294117647059,-10.13443640124095,121,-98
250173116005,288,289,859,926,0.3472222222222222,7.799767171129219,1,67
250173117001,317,331,864,885,4.416403785488959,2.430555555555556,14,21
250173117002,360,367,1095,1215,1.9444444444444444,10.95890410958904,7,120
250173117003,399,402,1260,1216,0.7518796992481203,-3.492063492063492,3,-44
250173117004,560,576,1879,1874,2.857142857142857,-0.2660989888238425,16,-5
250173118001,506,527,1728,1824,4.150197628458498,5.555555555555555,21,96
250173118002,552,585,1785,1779,5.978260869565218,-0.33613445378151263,33,-6
250173119001,523,542,1445,1559,3.632887189292543,7.889273356401384,19,114
250173119002,646,785,984,1503,21.517027863777088,52.743902439024396,139,519
250173120001,520,528,1479,1451,1.5384615384615385,-1.8931710615280595,8,-28
250173120002,539,542,1459,1596,0.5565862708719851,9.389993145990404,3,137
250173121001,482,562,1107,1185,16.59751037344398,7.046070460704606,80,78
250173121002,345,396,1085,1224,14.782608695652174,12.811059907834101,51,139
250173121003,363,414,957,1116,14.049586776859504,16.614420062695924,51,159
250173122001,750,812,1697,1974,8.266666666666666,16.32292280494991,62,277
250173122002,275,315,795,962,14.545454545454545,21.0062893081761,40,167
250173122003,317,329,965,993,3.7854889589905363,2.901554404145078,12,28
250173122004,355,364,852,991,2.535211267605634,16.314553990610328,9,139
250173123001,562,569,1369,1470,1.2455516014234875,7.377647918188458,7,101
250173123002,551,542,1238,1266,-1.6333938294010888,2.2617124394184165,-9,28
250173123003,985,996,2324,2541,1.116751269035533,9.33734939759036,11,217
250173124001,376,379,632,703,0.7978723404255319,11.234177215189874,3,71
250173124002,620,667,1722,1802,7.580645161290322,4.645760743321719,47,80
250173125011,766,763,1904,1841,-0.39164490861618795,-3.308823529411765,-3,-63
250173125012,244,250,610,699,2.459016393442623,14.59016393442623,6,89
250173125013,781,819,1950,1916,4.865556978233035,-1.7435897435897436,38,-34
250173125021,895,924,1994,2075,3.2402234636871508,4.062186559679038,29,81
250173125022,291,289,730,743,-0.6872852233676976,1.7808219178082192,-2,13
250173125023,508,503,1236,1270,-0.984251968503937,2.750809061488673,-5,34
250173131011,747,1108,1655,2527,48.32663989290496,52.68882175226586,361,872
250173131012,933,988,2824,2891,5.894962486602358,2.3725212464589234,55,67
250173131013,354,359,1010,1022,1.4124293785310735,1.188118811881188,5,12
250173131021,335,337,842,843,0.5970149253731344,0.11876484560570072,2,1
250173131022,420,418,873,998,-0.4761904761904762,14.318442153493699,-2,125
250173131023,880,904,2548,2532,2.727272727272727,-0.6279434850863422,24,-16
250173131024,538,555,1540,1567,3.1598513011152414,1.753246753246753,17,27
250173141011,509,513,1500,1558,0.7858546168958742,3.8666666666666667,4,58
250173141012,666,732,1859,2208,9.90990990990991,18.773534158149545,66,349
250173141013,1057,1226,2696,3019,15.98864711447493,11.980712166172108,169,323
250173141021,562,555,1376,1377,-1.2455516014234875,0.07267441860465117,-7,1
250173141022,745,742,1700,1683,-0.4026845637583893,-1,-3,-17
250173141023,633,698,1173,1323,10.268562401263823,12.787723785166241,65,150
250173141024,558,562,1654,1706,0.7168458781362007,3.143893591293833,4,52
250173141025,474,477,1320,1359,0.6329113924050633,2.9545454545454546,3,39
250173142001,652,667,1650,1720,2.3006134969325154,4.242424242424243,15,70
250173142002,614,680,1452,1614,10.749185667752444,11.15702479338843,66,162
250173142003,814,855,2131,2295,5.036855036855037,7.695917409666824,41,164
250173143011,548,745,1596,2203,35.94890510948905,38.03258145363409,197,607
250173143012,269,272,590,609,1.1152416356877324,3.2203389830508473,3,19
250173143013,835,959,2302,2561,14.850299401197606,11.251086012163336,124,259
250173143014,576,611,1514,1571,6.076388888888888,3.7648612945838837,35,57
250173143015,912,946,2009,2343,3.7280701754385963,16.625186660029865,34,334
250173143021,478,518,1545,1648,8.368200836820083,6.666666666666667,40,103
250173143022,447,567,1391,1820,26.845637583892618,30.8411214953271,120,429
250173151001,906,930,2686,2810,2.6490066225165565,4.616530156366344,24,124
250173151002,1016,1061,2771,2930,4.429133858267717,5.738000721761097,45,159
250173152001,822,855,1668,1664,4.014598540145985,-0.2398081534772182,33,-4
250173152002,865,1260,2262,3107,45.664739884393065,37.35632183908046,395,845
250173152003,692,720,1534,1660,4.046242774566474,8.213820078226858,28,126
250173152004,830,861,2135,2262,3.734939759036145,5.948477751756441,31,127
250173154011,881,933,2007,2081,5.902383654937571,3.687095166915795,52,74
250173154012,531,937,1525,2097,76.45951035781545,37.50819672131148,406,572
250173154021,317,559,930,1340,76.34069400630915,44.086021505376344,242,410
250173154022,678,685,1991,1976,1.0324483775811208,-0.7533902561526872,7,-15
250173154031,240,239,744,697,-0.4166666666666667,-6.317204301075269,-1,-47
250173154032,357,324,1001,964,-9.243697478991598,-3.696303696303696,-33,-37
250173155001,539,557,1393,1363,3.339517625231911,-2.1536252692031588,18,-30
250173155002,450,461,1307,1512,2.4444444444444446,15.68477429227238,11,205
250173155003,269,265,758,723,-1.486988847583643,-4.617414248021108,-4,-35
250173155004,604,608,1661,1587,0.6622516556291391,-4.455147501505118,4,-74
250173155005,863,884,2603,2569,2.4333719582850524,-1.3061851709565886,21,-34
250173161011,560,562,1738,1720,0.35714285714285715,-1.0356731875719216,2,-18
250173161012,462,472,1377,1402,2.1645021645021645,1.815541031227306,10,25
250173161013,652,664,2007,1935,1.8404907975460123,-3.587443946188341,12,-72
250173161021,542,545,1566,1525,0.5535055350553505,-2.6181353767560664,3,-41
250173161022,825,880,2455,2528,6.666666666666667,2.973523421588595,55,73
250173161023,355,356,892,859,0.28169014084507044,-3.6995515695067267,1,-33
250173161024,555,491,1142,1240,-11.531531531531531,8.581436077057793,-64,98
250173162011,376,398,1152,1206,5.851063829787234,4.6875,22,54
250173162012,717,732,2027,2018,2.092050209205021,-0.4440059200789344,15,-9
250173162013,324,346,925,994,6.790123456790123,7.45945945945946,22,69
250173162021,500,508,1526,1514,1.6,-0.7863695937090431,8,-12
250173162022,587,624,1729,1869,6.303236797274275,8.097165991902834,37,140
250173162023,349,358,1036,1057,2.5787965616045847,2.027027027027027,9,21
250173163001,1453,1513,2746,3003,4.129387474191328,9.359067734887109,60,257
250173163002,323,332,909,1059,2.786377708978328,16.5016501650165,9,150
250173163003,377,380,1125,1019,0.7957559681697612,-9.422222222222222,3,-106
250173163004,796,807,1909,1974,1.3819095477386936,3.404924044002095,11,65
250173163005,510,511,1482,1386,0.19607843137254902,-6.477732793522267,1,-96
250173164001,327,322,929,957,-1.529051987767584,3.013993541442411,-5,28
250173164002,343,353,1008,1020,2.9154518950437316,1.1904761904761905,10,12
250173164003,307,313,896,912,1.9543973941368076,1.7857142857142856,6,16
250173164004,602,614,1775,1773,1.9933554817275747,-0.11267605633802817,12,-2
250173164005,414,797,1164,1929,92.512077294686,65.72164948453609,383,765
250173164006,0,0,798,506,NA,-36.59147869674185,0,-292
250173165001,572,608,1557,1642,6.293706293706294,5.459216441875402,36,85
250173165002,280,310,734,834,10.714285714285714,13.623978201634879,30,100
250173165003,617,626,1435,1478,1.4586709886547813,2.996515679442509,9,43
250173165004,456,461,1433,1389,1.0964912280701753,-3.070481507327285,5,-44
250173165005,307,602,785,1371,96.09120521172639,74.64968152866241,295,586
250173171011,510,761,1053,1454,49.2156862745098,38.08167141500475,251,401
250173171012,1003,1159,2138,2584,15.553339980059821,20.860617399438727,156,446
250173171013,738,749,1407,1366,1.4905149051490514,-2.9140014214641083,11,-41
250173171014,517,582,1420,1562,12.572533849129593,10,65,142
250173171021,656,714,1625,1844,8.841463414634147,13.476923076923079,58,219
250173171022,354,638,1003,1455,80.22598870056498,45.06480558325025,284,452
250173171023,613,613,1669,1646,0,-1.378070701018574,0,-23
250173171031,686,693,1955,1931,1.0204081632653061,-1.2276214833759591,7,-24
250173171032,759,768,2041,2093,1.185770750988142,2.547770700636943,9,52
250173171033,376,379,1076,1057,0.7978723404255319,-1.7657992565055762,3,-19
250173172011,495,496,1426,1393,0.20202020202020202,-2.314165497896213,1,-33
250173172012,520,526,1422,1504,1.153846153846154,5.766526019690577,6,82
250173172021,532,532,1413,1418,0,0.3538570417551309,0,5
250173172022,709,714,1975,2008,0.7052186177715092,1.6708860759493671,5,33
250173172031,297,305,797,844,2.6936026936026933,5.897114178168131,8,47
250173172032,957,984,2430,2551,2.8213166144200628,4.979423868312757,27,121
250173172033,373,375,774,858,0.5361930294906166,10.852713178294573,2,84
250173173011,974,880,1984,2165,-9.650924024640657,9.122983870967742,-94,181
250173173012,251,261,645,704,3.9840637450199203,9.147286821705427,10,59
250173173021,599,620,1511,1595,3.5058430717863103,5.5592322964923895,21,84
250173173022,712,717,1487,1476,0.7022471910112359,-0.7397444519166106,5,-11
250173173023,381,390,855,946,2.3622047244094486,10.64327485380117,9,91
250173173024,795,913,1695,1938,14.842767295597485,14.33628318584071,118,243
250173181001,801,807,2333,2369,0.7490636704119851,1.5430775825117875,6,36
250173181002,325,329,916,949,1.2307692307692308,3.602620087336245,4,33
250173181003,467,463,1195,1200,-0.8565310492505354,0.41841004184100417,-4,5
250173181004,862,1038,2230,2307,20.417633410672853,3.4529147982062782,176,77
250173182001,920,1159,2624,3331,25.97826086956522,26.943597560975608,239,707
250173182002,538,746,1228,1491,38.66171003717472,21.416938110749186,208,263
250173183001,270,277,817,830,2.5925925925925926,1.591187270501836,7,13
250173183002,926,1228,2464,3017,32.6133909287257,22.443181818181817,302,553
250173183003,468,477,1530,1436,1.9230769230769231,-6.143790849673202,9,-94
250173183004,948,1012,2706,3044,6.751054852320674,12.490761271249076,64,338
250173184001,852,924,2551,2738,8.450704225352112,7.330458643669149,72,187
250173184002,499,777,1357,1931,55.71142284569138,42.299189388356666,278,574
250173201021,305,344,992,1052,12.786885245901638,6.048387096774194,39,60
250173201022,484,512,1119,1296,5.785123966942149,15.81769436997319,28,177
250173201023,524,569,1616,1728,8.587786259541986,6.9306930693069315,45,112
250173201024,418,441,1313,1341,5.502392344497608,2.1325209444021325,23,28
250173201051,918,945,2460,2573,2.941176470588235,4.59349593495935,27,113
250173201061,487,510,1310,1449,4.722792607802875,10.610687022900764,23,139
250173201062,292,364,974,1193,24.65753424657534,22.484599589322382,72,219
250173201063,651,973,1839,2451,49.46236559139785,33.278955954323,322,612
250173201064,323,414,996,1299,28.173374613003094,30.42168674698795,91,303
250173201071,456,517,1474,1653,13.37719298245614,12.143826322930801,61,179
250173201072,270,1056,834,2723,291.1111111111111,226.49880095923263,786,1889
250173211001,1116,1114,2396,2536,-0.17921146953405018,5.843071786310518,-2,140
250173211002,1124,1192,2274,2400,6.049822064056939,5.540897097625329,68,126
250173211003,265,267,768,786,0.7547169811320755,2.34375,2,18
250173211004,546,547,1553,1496,0.18315018315018314,-3.670315518351577,1,-57
250173212001,818,819,1789,2005,0.12224938875305623,12.073784237003911,1,216
250173212002,694,714,1831,2010,2.881844380403458,9.77607864554888,20,179
250173212003,906,921,1729,1835,1.6556291390728477,6.130711393869288,15,106
250173212004,363,391,918,1073,7.7134986225895315,16.884531590413943,28,155
250173213011,485,554,1164,1306,14.22680412371134,12.199312714776632,69,142
250173213012,878,890,1775,1877,1.366742596810934,5.746478873239436,12,102
250173213013,544,559,1128,1168,2.7573529411764706,3.546099290780142,15,40
250173213021,736,778,1491,1702,5.706521739130435,14.151576123407109,42,211
250173213022,780,799,1939,1954,2.435897435897436,0.773594636410521,19,15
250173214001,863,894,2398,2386,3.5921205098493627,-0.5004170141784821,31,-12
250173214002,419,1010,899,1853,141.05011933174225,106.11790878754171,591,954
250173215001,761,856,1918,2227,12.483574244415244,16.11053180396246,95,309
250173215002,615,704,1409,1641,14.471544715447154,16.465578424414478,89,232
250173215003,925,922,1974,2183,-0.3243243243243243,10.587639311043565,-3,209
250173215004,541,564,1597,1740,4.251386321626617,8.954289292423294,23,143
250173216001,482,485,1448,1396,0.6224066390041494,-3.591160220994475,3,-52
250173216002,676,683,1714,1698,1.0355029585798818,-0.9334889148191364,7,-16
250173216003,589,595,1327,1353,1.0186757215619695,1.9593067068575734,6,26
250173216004,481,486,1301,1316,1.0395010395010396,1.1529592621060722,5,15
250173216005,807,803,1758,1852,-0.49566294919454773,5.346985210466439,-4,94
250173221001,511,516,1198,1172,0.9784735812133072,-2.1702838063439067,5,-26
250173221002,374,377,1078,1083,0.8021390374331552,0.463821892393321,3,5
250173221003,383,383,928,919,0,-0.9698275862068966,0,-9
250173221004,535,539,1466,1477,0.7476635514018692,0.7503410641200546,4,11
250173222001,599,932,1304,1872,55.59265442404006,43.558282208588956,333,568
250173222002,1020,1067,2383,2590,4.6078431372549025,8.686529584557281,47,207
250173223001,799,819,1870,1878,2.5031289111389237,0.42780748663101603,20,8
250173223002,655,670,1406,1441,2.2900763358778624,2.4893314366998576,15,35
250173223003,629,628,1428,1513,-0.1589825119236884,5.952380952380952,-1,85
250173223004,593,648,1386,1449,9.27487352445194,4.545454545454546,55,63
250173224001,658,679,1757,1790,3.1914893617021276,1.8782014797951052,21,33
250173224002,740,736,1406,1436,-0.5405405405405406,2.1337126600284493,-4,30
250173224003,503,508,1452,1472,0.9940357852882704,1.3774104683195594,5,20
250173231011,488,517,1113,1147,5.942622950819672,3.054806828391734,29,34
250173231012,942,991,2561,2672,5.201698513800425,4.334244435767278,49,111
250173231021,327,332,872,881,1.529051987767584,1.0321100917431194,5,9
250173231022,254,305,636,748,20.078740157480315,17.61006289308176,51,112
250173231023,514,625,1407,1726,21.595330739299612,22.67235252309879,111,319
250173241011,634,882,1972,2502,39.11671924290221,26.8762677484787,248,530
250173241012,589,623,1265,1371,5.772495755517826,8.379446640316205,34,106
250173241013,641,664,1524,1694,3.58814352574103,11.15485564304462,23,170
250173241021,355,365,947,955,2.8169014084507045,0.8447729672650475,10,8
250173241022,937,1027,2488,2847,9.6051227321238,14.429260450160772,90,359
250173241023,323,328,727,772,1.5479876160990713,6.189821182943604,5,45
250173251011,626,663,1302,1384,5.9105431309904155,6.29800307219662,37,82
250173251012,782,1087,1879,2626,39.00255754475703,39.75518893028207,305,747
250173251021,325,350,622,654,7.6923076923076925,5.144694533762058,25,32
250173251022,462,496,995,1194,7.35930735930736,20,34,199
250173251023,405,366,802,853,-9.62962962962963,6.359102244389027,-39,51
250173251024,524,506,922,950,-3.435114503816794,3.036876355748373,-18,28
250173251025,338,339,905,818,0.2958579881656805,-9.613259668508286,1,-87
250173261011,386,435,959,1193,12.694300518134716,24.400417101147028,49,234
250173261012,370,384,1125,1189,3.783783783783784,5.688888888888889,14,64
250173261013,707,773,1812,2129,9.335219236209335,17.49448123620309,66,317
250173261021,927,952,2478,2623,2.696871628910464,5.851493139628733,25,145
250173261022,547,558,1598,1577,2.010968921389397,-1.3141426783479349,11,-21
250173261023,308,325,748,784,5.51948051948052,4.81283422459893,17,36
250173261024,744,726,1927,1820,-2.4193548387096775,-5.552672548002076,-18,-107
250173271011,599,663,1800,1884,10.684474123539232,4.666666666666667,64,84
250173271012,637,654,1786,1779,2.6687598116169546,-0.3919372900335946,17,-7
250173271021,474,515,1087,1142,8.649789029535865,5.059797608095677,41,55
250173271022,563,597,1522,1574,6.039076376554174,3.416557161629435,34,52
250173271023,648,670,1724,1623,3.3950617283950617,-5.8584686774942,22,-101
250173271031,592,655,1597,1628,10.641891891891891,1.9411396368190357,63,31
250173271032,388,390,780,767,0.5154639175257731,-1.6666666666666667,2,-13
250173271033,447,455,1201,1207,1.7897091722595078,0.4995836802664446,8,6
250173281001,644,700,1992,2044,8.695652173913043,2.610441767068273,56,52
250173281002,453,467,1187,1314,3.090507726269316,10.699241786015163,14,127
250173301011,500,544,1567,1672,8.799999999999999,6.700701978302488,44,105
250173301012,739,755,2042,2139,2.165087956698241,4.750244857982371,16,97
250173301021,771,797,2149,2306,3.372243839169909,7.305723592368543,26,157
250173301022,526,543,1429,1525,3.2319391634980987,6.717984604618614,17,96
250173301023,356,362,1045,1094,1.6853932584269662,4.688995215311005,6,49
250173302011,988,995,2628,2570,0.708502024291498,-2.207001522070015,7,-58
250173302021,687,689,1789,1816,0.2911208151382824,1.509223029625489,2,27
250173302022,612,716,1176,1291,16.99346405228758,9.77891156462585,104,115
250173302023,454,474,1069,1141,4.405286343612335,6.735266604303088,20,72
250173311011,504,520,1309,1388,3.1746031746031744,6.035141329258977,16,79
250173311012,639,724,1702,1923,13.302034428794993,12.98472385428907,85,221
250173311021,469,467,1296,1268,-0.42643923240938164,-2.1604938271604937,-2,-28
250173311022,725,723,1949,1997,-0.27586206896551724,2.4628014366341713,-2,48
250173311023,806,845,2267,2306,4.838709677419355,1.7203352448169384,39,39
250173311024,488,509,1459,1502,4.30327868852459,2.9472241261137766,21,43
250173312001,809,827,2367,2424,2.2249690976514214,2.4081115335868186,18,57
250173312002,529,541,1597,1585,2.2684310018903595,-0.7514088916718847,12,-12
250173312003,506,544,1382,1479,7.5098814229249005,7.018813314037627,38,97
250173313001,800,853,2371,2415,6.625,1.8557570645297343,53,44
250173313002,862,913,2541,2592,5.916473317865429,2.0070838252656436,51,51
250173313003,667,854,2071,2470,28.035982008995504,19.26605504587156,187,399
250173321001,427,426,1276,1274,-0.234192037470726,-0.1567398119122257,-1,-2
250173321002,773,768,2269,2246,-0.646830530401035,-1.0136624063464081,-5,-23
250173321003,412,410,1223,1218,-0.48543689320388345,-0.4088307440719542,-2,-5
250173321004,436,471,1204,1325,8.027522935779817,10.04983388704319,35,121
250173322011,821,814,2090,2111,-0.8526187576126675,1.0047846889952152,-7,21
250173322021,975,1052,2572,2585,7.897435897435898,0.505443234836703,77,13
250173322022,298,566,676,818,89.93288590604027,21.005917159763314,268,142
250173322023,1175,1175,2291,2461,0,7.420340462680053,0,170
250173322024,243,238,747,776,-2.05761316872428,3.8821954484605086,-5,29
250173323001,420,422,1222,1279,0.4761904761904762,4.6644844517184945,2,57
250173323002,884,881,2054,2251,-0.3393665158371041,9.591041869522881,-3,197
250173323003,483,485,1328,1312,0.4140786749482402,-1.2048192771084338,2,-16
250173323004,721,757,2062,2113,4.993065187239944,2.473326867119302,36,51
250173324011,0,2,0,13,Inf,Inf,2,13
250173324012,990,815,2342,2453,-17.67676767676768,4.739538855678907,-175,111
250173324021,554,639,1057,1268,15.342960288808664,19.96215704824976,85,211
250173324022,57,510,84,874,794.7368421052632,940.4761904761905,453,790
250173331001,369,374,909,909,1.3550135501355014,0,5,0
250173331002,776,779,2063,2095,0.3865979381443299,1.5511391177896268,3,32
250173331003,965,1009,2161,2239,4.5595854922279795,3.6094400740397963,44,78
250173331004,710,744,1387,1470,4.788732394366197,5.984138428262437,34,83
250173331005,403,324,879,974,-19.602977667493796,10.80773606370876,-79,95
250173332001,566,576,1514,1526,1.76678445229682,0.7926023778071334,10,12
250173332002,455,447,1001,1007,-1.7582417582417582,0.5994005994005994,-8,6
250173332003,563,556,1172,1043,-1.2433392539964476,-11.006825938566553,-7,-129
250173332004,648,651,1677,1652,0.4629629629629629,-1.4907573047107932,3,-25
250173333001,568,547,1153,1238,-3.697183098591549,7.372072853425846,-21,85
250173333002,647,675,1374,1448,4.327666151468315,5.385735080058224,28,74
250173333003,657,701,1536,1630,6.69710806697108,6.119791666666666,44,94
250173334001,781,792,1716,1730,1.4084507042253522,0.8158508158508158,11,14
250173334002,525,617,1230,1427,17.523809523809526,16.016260162601625,92,197
250173334003,345,349,868,912,1.1594202898550725,5.0691244239631335,4,44
250173334004,547,556,1387,1352,1.6453382084095063,-2.523431867339582,9,-35
250173334005,401,415,1028,1103,3.4912718204488775,7.295719844357977,14,75
250173335011,250,248,631,629,-0.8,-0.31695721077654515,-2,-2
250173335012,974,1044,2284,2527,7.186858316221765,10.639229422066549,70,243
250173335013,772,754,1992,1937,-2.33160621761658,-2.7610441767068274,-18,-55
250173335021,740,750,1633,1654,1.3513513513513513,1.2859767299448868,10,21
250173335022,725,749,1640,1775,3.310344827586207,8.231707317073171,24,135
250173336011,156,879,382,1550,463.4615384615385,305.75916230366494,723,1168
250173336021,832,957,1694,1838,15.024038461538462,8.500590318772137,125,144
250173336022,445,440,1153,1196,-1.1235955056179776,3.7294015611448397,-5,43
250173336023,533,616,1339,1596,15.572232645403378,19.19342793129201,83,257
250173336024,956,991,2318,2419,3.6610878661087867,4.357204486626403,35,101
250173341001,632,700,1723,1853,10.759493670886076,7.544979686593152,68,130
250173341002,120,547,374,1008,355.8333333333333,169.5187165775401,427,634
250173341003,668,669,1747,1777,0.14970059880239522,1.7172295363480254,1,30
250173341004,595,286,1180,669,-51.932773109243705,-43.30508474576271,-309,-511
250173341005,548,549,1694,1692,0.18248175182481752,-0.11806375442739078,1,-2
250173342001,354,358,981,1001,1.1299435028248588,2.038735983690112,4,20
250173342002,363,471,905,968,29.75206611570248,6.961325966850829,108,63
250173342003,519,517,976,1015,-0.3853564547206166,3.995901639344263,-2,39
250173342004,401,401,1106,1086,0,-1.8083182640144666,0,-20
250173343001,622,628,1847,1874,0.964630225080386,1.4618299945858149,6,27
250173343002,385,376,1058,1074,-2.3376623376623376,1.5122873345935728,-9,16
250173343003,639,660,1935,1959,3.286384976525822,1.2403100775193798,21,24
250173343004,960,964,2765,2861,0.4166666666666667,3.471971066907776,4,96
250173344001,442,441,1232,1285,-0.22624434389140274,4.301948051948052,-1,53
250173344002,747,755,1769,1930,1.07095046854083,9.101187111362352,8,161
250173344003,744,739,1401,1481,-0.6720430107526881,5.710206995003569,-5,80
250173344004,878,891,2054,1985,1.4806378132118452,-3.359298928919182,13,-69
250173351001,319,314,865,900,-1.5673981191222568,4.046242774566474,-5,35
250173351002,286,285,606,594,-0.34965034965034963,-1.9801980198019802,-1,-12
250173351003,458,482,1142,1212,5.240174672489083,6.129597197898424,24,70
250173351004,319,320,765,778,0.3134796238244514,1.6993464052287581,1,13
250173351005,363,346,709,709,-4.683195592286501,0,-17,0
250173351006,586,811,1019,1348,38.395904436860064,32.28655544651619,225,329
250173351007,248,288,622,718,16.129032258064516,15.434083601286176,40,96
250173352001,294,293,781,737,-0.3401360544217687,-5.633802816901409,-1,-44
250173352002,251,263,668,710,4.780876494023905,6.287425149700598,12,42
250173352003,393,519,985,1491,32.06106870229007,51.37055837563452,126,506
250173352004,731,737,1532,1459,0.8207934336525308,-4.765013054830288,6,-73
250173352005,677,708,1672,1876,4.579025110782865,12.200956937799043,31,204
250173353011,871,866,1970,2021,-0.5740528128587831,2.5888324873096447,-5,51
250173353012,517,582,1114,1290,12.572533849129593,15.798922800718133,65,176
250173353013,416,427,769,813,2.644230769230769,5.721716514954486,11,44
250173353021,369,552,741,1116,49.59349593495935,50.607287449392715,183,375
250173353022,360,370,801,895,2.7777777777777777,11.735330836454432,10,94
250173353023,314,348,782,862,10.828025477707007,10.230179028132993,34,80
250173353024,875,886,2315,2436,1.2571428571428571,5.226781857451404,11,121
250173354001,667,680,1922,1893,1.9490254872563717,-1.5088449531737773,13,-29
250173354002,606,615,1420,1470,1.4851485148514851,3.5211267605633805,9,50
250173354003,585,613,1752,1762,4.786324786324787,0.5707762557077625,28,10
250173361001,415,416,965,1063,0.24096385542168677,10.15544041450777,1,98
250173361002,780,827,1285,1428,6.0256410256410255,11.1284046692607,47,143
250173361003,327,331,872,968,1.2232415902140672,11.009174311926607,4,96
250173361004,267,269,694,775,0.7490636704119851,11.671469740634006,2,81
250173361005,724,723,1544,1524,-0.13812154696132595,-1.2953367875647668,-1,-20
250173362011,336,337,924,1005,0.2976190476190476,8.766233766233766,1,81
250173362012,307,318,817,939,3.5830618892508146,14.932680538555692,11,122
250173362013,401,398,1070,1118,-0.7481296758104738,4.485981308411215,-3,48
250173362021,364,374,1028,1062,2.7472527472527473,3.3073929961089497,10,34
250173362022,356,373,942,1024,4.775280898876404,8.70488322717622,17,82
250173362023,277,285,599,644,2.888086642599278,7.512520868113523,8,45
250173362024,257,258,765,686,0.38910505836575876,-10.326797385620914,1,-79
250173363001,339,339,903,969,0,7.308970099667775,0,66
250173363002,275,277,720,781,0.7272727272727273,8.472222222222223,2,61
250173363003,492,510,1398,1430,3.6585365853658534,2.28898426323319,18,32
250173363004,447,450,1187,1226,0.6711409395973155,3.285593934288121,3,39
250173363005,500,511,1035,1121,2.1999999999999997,8.309178743961352,11,86
250173363006,528,525,1422,1458,-0.5681818181818182,2.5316455696202533,-3,36
250173364021,473,551,813,998,16.49048625792812,22.75522755227552,78,185
250173364022,625,626,1272,1342,0.16,5.50314465408805,1,70
250173364023,596,606,1275,1235,1.6778523489932886,-3.1372549019607843,10,-40
250173364024,465,468,1197,1189,0.6451612903225806,-0.6683375104427736,3,-8
250173364031,229,335,552,850,46.288209606986904,53.985507246376805,106,298
250173364032,885,1345,1322,2404,51.9774011299435,81.84568835098335,460,1082
250173364041,460,505,937,1029,9.782608695652174,9.818569903948772,45,92
250173364042,628,657,1449,1549,4.617834394904459,6.901311249137336,29,100
250173371011,487,491,1387,1363,0.8213552361396305,-1.7303532804614274,4,-24
250173371012,796,838,1708,1857,5.276381909547738,8.723653395784543,42,149
250173371021,713,814,2002,2175,14.165497896213184,8.641358641358641,101,173
250173371022,1024,1040,2480,2603,1.5625,4.959677419354839,16,123
250173371023,296,417,560,636,40.87837837837838,13.571428571428571,121,76
250173372011,920,977,1803,1908,6.195652173913044,5.823627287853577,57,105
250173372012,261,264,701,737,1.1494252873563218,5.1355206847360915,3,36
250173372013,339,353,660,725,4.129793510324483,9.848484848484848,14,65
250173372021,542,551,1220,1302,1.6605166051660518,6.721311475409836,9,82
250173372022,442,444,968,1032,0.4524886877828055,6.6115702479338845,2,64
250173372023,583,585,1604,1618,0.34305317324185247,0.8728179551122194,2,14
250173372024,583,579,1086,1158,-0.6861063464837049,6.629834254143646,-4,72
250173373001,424,409,851,860,-3.5377358490566038,1.0575793184488838,-15,9
250173373002,307,332,710,786,8.143322475570033,10.704225352112676,25,76
250173373003,527,530,1254,1301,0.5692599620493358,3.7480063795853265,3,47
250173373004,945,1258,1852,2524,33.12169312169313,36.285097192224626,313,672
250173373005,269,277,592,659,2.973977695167286,11.317567567567567,8,67
250173381001,499,516,1430,1537,3.406813627254509,7.4825174825174825,17,107
250173381002,569,576,1534,1667,1.2302284710017575,8.670143415906127,7,133
250173382001,382,391,931,1041,2.356020942408377,11.815252416756177,9,110
250173382002,385,387,678,761,0.5194805194805194,12.24188790560472,2,83
250173382003,814,845,2260,2469,3.8083538083538087,9.247787610619469,31,209
250173383001,254,256,707,794,0.7874015748031495,12.305516265912306,2,87
250173383002,522,604,1229,1381,15.708812260536398,12.367778681855167,82,152
250173383003,477,417,1244,1294,-12.578616352201259,4.019292604501608,-60,50
250173384001,587,607,1656,1805,3.4071550255536627,8.997584541062801,20,149
250173384002,434,440,1220,1306,1.3824884792626728,7.049180327868852,6,86
250173384003,496,504,1409,1515,1.6129032258064515,7.523066004258339,8,106
250173384004,513,532,1460,1541,3.7037037037037033,5.5479452054794525,19,81
250173385001,494,509,1433,1521,3.0364372469635628,6.14096301465457,15,88
250173385002,506,506,1439,1472,0,2.2932592077831826,0,33
250173385003,454,451,1394,1437,-0.6607929515418502,3.084648493543759,-3,43
250173385004,600,594,1350,1429,-1,5.851851851851852,-6,79
250173391011,691,696,1169,1286,0.723589001447178,10.008554319931566,5,117
250173391012,321,323,818,872,0.6230529595015576,6.601466992665037,2,54
250173391013,720,806,979,1109,11.944444444444445,13.278855975485188,86,130
250173391021,243,256,617,693,5.349794238683128,12.317666126418152,13,76
250173391022,603,600,1460,1314,-0.4975124378109453,-10,-3,-146
250173391023,446,452,1399,1435,1.345291479820628,2.573266619013581,6,36
250173392001,291,292,757,729,0.3436426116838488,-3.6988110964332894,1,-28
250173392002,308,313,832,866,1.6233766233766231,4.086538461538462,5,34
250173392003,419,423,989,956,0.9546539379474941,-3.336703741152679,4,-33
250173392004,540,481,1449,1344,-10.925925925925926,-7.246376811594203,-59,-105
250173392005,345,344,909,860,-0.2898550724637681,-5.39053905390539,-1,-49
250173392006,367,372,894,945,1.3623978201634876,5.704697986577181,5,51
250173393001,351,359,679,705,2.2792022792022792,3.829160530191458,8,26
250173393002,377,393,914,942,4.244031830238726,3.063457330415755,16,28
250173393003,575,599,1297,1349,4.173913043478262,4.009252120277564,24,52
250173394001,529,541,1033,1098,2.2684310018903595,6.292352371732816,12,65
250173394002,251,266,626,666,5.9760956175298805,6.3897763578274756,15,40
250173394003,373,382,785,772,2.4128686327077746,-1.6560509554140128,9,-13
250173394004,420,418,882,943,-0.4761904761904762,6.91609977324263,-2,61
250173395001,553,600,2710,2982,8.499095840867993,10.03690036900369,47,272
250173395002,547,555,1312,1214,1.4625228519195612,-7.4695121951219505,8,-98
250173395003,283,297,641,677,4.946996466431095,5.61622464898596,14,36
250173395004,307,309,736,789,0.6514657980456027,7.201086956521739,2,53
250173396001,392,388,797,844,-1.0204081632653061,5.897114178168131,-4,47
250173396002,371,377,813,892,1.6172506738544474,9.71709717097171,6,79
250173396003,366,450,751,1000,22.950819672131146,33.15579227696405,84,249
250173396004,363,370,827,843,1.9283746556473829,1.9347037484885126,7,16
250173396005,377,373,885,897,-1.0610079575596816,1.3559322033898304,-4,12
250173396006,439,435,936,978,-0.9111617312072893,4.487179487179487,-4,42
250173397001,280,296,552,654,5.714285714285714,18.478260869565215,16,102
250173397002,670,686,1678,1622,2.3880597014925375,-3.3373063170441,16,-56
250173397003,357,354,785,753,-0.8403361344537815,-4.076433121019108,-3,-32
250173397004,377,375,863,887,-0.5305039787798408,2.7809965237543453,-2,24
250173398021,586,703,1308,1490,19.965870307167236,13.914373088685014,117,182
250173398022,247,253,611,680,2.42914979757085,11.292962356792144,6,69
250173398023,275,275,696,761,0,9.339080459770114,0,65
250173398024,868,1420,1942,2554,63.594470046082954,31.513903192584962,552,612
250173398031,721,620,1096,1043,-14.008321775312066,-4.835766423357665,-101,-53
250173398032,784,1431,1259,2340,82.52551020408163,85.86179507545671,647,1081
250173398041,263,265,617,695,0.7604562737642585,12.641815235008103,2,78
250173398042,239,240,554,535,0.41841004184100417,-3.429602888086643,1,-19
250173398043,426,429,1018,1030,0.7042253521126761,1.1787819253438114,3,12
250173399001,656,671,1517,1577,2.2865853658536586,3.955174686882004,15,60
250173399002,380,382,950,943,0.5263157894736842,-0.7368421052631579,2,-7
250173399003,425,459,939,1073,8,14.270500532481364,34,134
250173399004,346,347,759,812,0.2890173410404624,6.982872200263504,1,53
250173399005,342,382,872,922,11.695906432748536,5.73394495412844,40,50
250173400001,435,461,1033,1108,5.977011494252873,7.260406582768635,26,75
250173400002,377,379,848,778,0.5305039787798408,-8.254716981132075,2,-70
250173400003,303,304,713,704,0.33003300330033003,-1.262272089761571,1,-9
250173401001,302,305,760,740,0.9933774834437087,-2.631578947368421,3,-20
250173401002,504,510,1611,1589,1.1904761904761905,-1.3656114214773432,6,-22
250173401003,614,639,1498,1535,4.071661237785016,2.469959946595461,25,37
250173401004,400,399,925,954,-0.25,3.135135135135135,-1,29
250173401005,310,327,826,857,5.483870967741936,3.753026634382567,17,31
250173401006,389,388,1047,1023,-0.2570694087403599,-2.292263610315186,-1,-24
250173411011,625,647,1574,1625,3.52,3.2401524777636594,22,51
250173411012,284,296,768,838,4.225352112676056,9.114583333333332,12,70
250173411013,541,561,1333,1387,3.6968576709796674,4.051012753188297,20,54
250173411021,668,725,1217,1490,8.532934131736528,22.432210353327857,57,273
250173411022,1304,1401,2529,2785,7.438650306748467,10.122578094108343,97,256
250173411023,317,333,818,905,5.047318611987381,10.635696821515893,16,87
250173412001,877,903,2140,2216,2.9646522234891677,3.551401869158879,26,76
250173412002,451,472,1070,1022,4.656319290465632,-4.485981308411215,21,-48
250173412003,383,369,978,937,-3.6553524804177546,-4.192229038854806,-14,-41
250173412004,713,736,1693,1737,3.225806451612903,2.598936798582398,23,44
250173412005,357,392,961,1076,9.803921568627452,11.966701352757545,35,115
250173413011,205,808,356,1163,294.1463414634146,226.68539325842696,603,807
250173413012,840,1068,1660,1840,27.142857142857142,10.843373493975903,228,180
250173413013,319,346,699,791,8.463949843260188,13.161659513590845,27,92
250173413014,277,378,566,771,36.462093862815884,36.21908127208481,101,205
250173413021,601,626,1365,1372,4.159733777038269,0.5128205128205128,25,7
250173413022,400,405,793,901,1.25,13.619167717528374,5,108
250173414001,417,432,1085,1062,3.5971223021582732,-2.1198156682027647,15,-23
250173414002,340,362,944,1045,6.470588235294119,10.699152542372882,22,101
250173414003,702,723,1802,2032,2.9914529914529915,12.763596004439512,21,230
250173414004,603,634,1612,1827,5.140961857379768,13.337468982630273,31,215
250173414005,389,392,769,781,0.7712082262210797,1.5604681404421328,3,12
250173415001,394,404,958,1087,2.5380710659898478,13.465553235908143,10,129
250173415002,299,317,749,831,6.0200668896321075,10.947930574098798,18,82
250173415003,400,464,1070,1241,16,15.981308411214954,64,171
250173415004,288,303,775,903,5.208333333333334,16.516129032258064,15,128
250173415005,409,429,1228,1291,4.88997555012225,5.130293159609121,20,63
250173416001,353,413,739,805,16.997167138810198,8.930987821380242,60,66
250173416002,392,406,994,1105,3.571428571428571,11.167002012072434,14,111
250173416003,503,505,1175,1220,0.3976143141153081,3.829787234042553,2,45
250173416004,478,487,1236,1212,1.882845188284519,-1.9417475728155338,9,-24
250173416005,382,383,862,893,0.2617801047120419,3.596287703016241,1,31
250173416006,642,658,1558,1750,2.4922118380062304,12.323491655969192,16,192
250173417001,443,463,1202,1219,4.514672686230249,1.4143094841930115,20,17
250173417002,503,504,1182,1170,0.19880715705765406,-1.015228426395939,1,-12
250173417003,571,603,1239,1346,5.604203152364273,8.635996771589992,32,107
250173417004,273,276,670,730,1.098901098901099,8.955223880597014,3,60
250173417005,401,425,1005,1142,5.985037406483791,13.631840796019901,24,137
250173418001,387,404,1080,1067,4.3927648578811365,-1.2037037037037037,17,-13
250173418002,596,607,1447,1428,1.8456375838926176,-1.3130615065653075,11,-19
250173418003,297,321,677,859,8.080808080808081,26.88330871491876,24,182
250173418004,345,359,810,992,4.057971014492753,22.469135802469136,14,182
250173418005,528,560,1457,1565,6.0606060606060606,7.412491420727522,32,108
250173418006,480,497,1084,1164,3.5416666666666665,7.380073800738007,17,80
250173419011,283,300,674,793,6.007067137809187,17.655786350148368,17,119
250173419012,252,252,713,722,0,1.262272089761571,0,9
250173419031,680,692,1628,1803,1.7647058823529411,10.74938574938575,12,175
250173419032,744,1435,1517,2937,92.8763440860215,93.6058009228741,691,1420
250173419033,1041,1036,2106,2148,-0.48030739673390976,1.9943019943019942,-5,42
250173419041,413,424,1103,1213,2.663438256658596,9.972801450589303,11,110
250173419042,520,537,1142,1366,3.2692307692307696,19.614711033274958,17,224
250173419043,246,248,623,658,0.8130081300813009,5.617977528089887,2,35
250173421011,567,599,1483,1706,5.64373897707231,15.037086985839515,32,223
250173421012,389,402,1067,1227,3.3419023136246784,14.995313964386128,13,160
250173421013,345,370,964,1043,7.246376811594203,8.195020746887966,25,79
250173421014,362,377,943,1052,4.143646408839778,11.558854718981973,15,109
250173421021,375,421,910,1112,12.266666666666666,22.197802197802197,46,202
250173421022,358,369,938,1061,3.072625698324022,13.113006396588487,11,123
250173421023,498,516,966,1143,3.614457831325301,18.32298136645963,18,177
250173421024,452,479,1252,1402,5.9734513274336285,11.980830670926517,27,150
250173422011,573,602,1445,1682,5.06108202443281,16.40138408304498,29,237
250173422012,490,488,1117,1351,-0.40816326530612246,20.948970456580128,-2,234
250173422013,506,536,1321,1648,5.928853754940711,24.75397426192279,30,327
250173422014,493,515,1385,1593,4.462474645030426,15.018050541516246,22,208
250173422021,498,508,1315,1444,2.0080321285140563,9.809885931558936,10,129
250173422022,551,596,1240,1389,8.166969147005444,12.016129032258064,45,149
250173422023,487,446,1277,1375,-8.41889117043121,7.674236491777604,-41,98
250173423011,495,513,1327,1460,3.6363636363636362,10.022607385079125,18,133
250173423012,596,625,1555,1782,4.865771812080537,14.59807073954984,29,227
250173423021,680,710,1784,2003,4.411764705882353,12.275784753363228,30,219
250173423022,272,287,662,805,5.514705882352941,21.6012084592145,15,143
250173423023,549,620,1368,1740,12.932604735883423,27.192982456140353,71,372
250173424011,847,897,1878,2148,5.90318772136954,14.376996805111823,50,270
250173424012,480,537,1132,1398,11.875,23.498233215547703,57,266
250173424013,363,407,792,1058,12.121212121212121,33.58585858585859,44,266
250173424021,381,674,989,1387,76.9028871391076,40.24266936299292,293,398
250173424022,508,630,1035,1413,24.015748031496063,36.52173913043478,122,378
250173424023,128,402,338,842,214.0625,149.11242603550298,274,504
250173424024,8,9,21,22,12.5,4.761904761904762,1,1
250173425011,788,843,1969,2291,6.979695431472082,16.353478923311325,55,322
250173425012,970,991,2200,2449,2.1649484536082473,11.318181818181818,21,249
250173425021,537,575,1386,1607,7.076350093109869,15.945165945165945,38,221
250173425022,486,513,1242,1473,5.555555555555555,18.59903381642512,27,231
250173426001,395,428,1125,1368,8.354430379746836,21.6,33,243
250173426002,347,363,904,1076,4.610951008645533,19.02654867256637,16,172
250173426003,941,960,2336,2525,2.0191285866099893,8.090753424657535,19,189
250173501051,520,530,1210,1181,1.9230769230769231,-2.396694214876033,10,-29
250173501061,0,1006,0,1660,Inf,Inf,1006,1660
250173501071,554,553,1334,1355,-0.18050541516245489,1.5742128935532234,-1,21
250173501081,947,1049,2584,2655,10.770855332629356,2.7476780185758516,102,71
250173501082,673,725,1384,1519,7.726597325408618,9.754335260115607,52,135
250173501091,793,882,2119,2176,11.223203026481714,2.6899480887210947,89,57
250173502011,233,243,603,602,4.291845493562231,-0.16583747927031509,10,-1
250173502012,533,532,1385,1328,-0.18761726078799248,-4.115523465703971,-1,-57
250173502013,315,319,749,769,1.2698412698412698,2.67022696929239,4,20
250173502021,591,586,1384,1361,-0.8460236886632826,-1.6618497109826589,-5,-23
250173502022,594,601,1410,1379,1.1784511784511784,-2.198581560283688,7,-31
250173502023,502,564,1044,1120,12.350597609561753,7.2796934865900385,62,76
250173503001,454,429,965,900,-5.506607929515418,-6.7357512953367875,-25,-65
250173503002,304,528,627,1118,73.68421052631578,78.30940988835727,224,491
250173503003,390,407,849,966,4.358974358974359,13.780918727915195,17,117
250173504001,371,397,1012,1054,7.008086253369273,4.150197628458498,26,42
250173504002,565,601,1232,1380,6.371681415929204,12.012987012987013,36,148
250173504003,462,468,1017,1077,1.2987012987012987,5.899705014749262,6,60
250173504004,721,732,1464,1491,1.5256588072122053,1.8442622950819672,11,27
250173504005,392,392,849,899,0,5.889281507656066,0,50
250173505001,390,391,818,874,0.2564102564102564,6.845965770171149,1,56
250173505002,382,395,811,869,3.4031413612565444,7.151664611590629,13,58
250173506001,2,9,1656,1779,350,7.427536231884058,7,123
250173506002,372,391,939,984,5.10752688172043,4.792332268370607,19,45
250173506003,231,241,813,743,4.329004329004329,-8.61008610086101,10,-70
250173506004,487,507,1164,1282,4.1067761806981515,10.137457044673539,20,118
250173507011,443,466,924,1109,5.191873589164786,20.02164502164502,23,185
250173507012,461,476,1007,1048,3.2537960954446854,4.07149950347567,15,41
250173507013,460,468,861,843,1.7391304347826086,-2.0905923344947737,8,-18
250173507021,602,626,907,1151,3.9867109634551494,26.9018743109151,24,244
250173507022,760,678,1375,1298,-10.789473684210527,-5.6000000000000005,-82,-77
250173507023,390,421,974,866,7.948717948717948,-11.088295687885012,31,-108
250173508001,485,507,971,1045,4.536082474226804,7.621009268795056,22,74
250173508002,435,461,857,1031,5.977011494252873,20.30338389731622,26,174
250173509001,398,408,803,875,2.512562814070352,8.966376089663761,10,72
250173509002,535,581,1209,1312,8.598130841121495,8.519437551695615,46,103
250173509003,715,718,1301,1344,0.4195804195804196,3.3051498847040737,3,43
250173510011,574,611,1138,1305,6.445993031358885,14.674868189806677,37,167
250173510012,347,389,691,836,12.103746397694524,20.98408104196816,42,145
250173510013,872,902,1809,1942,3.4403669724770642,7.3521282476506356,30,133
250173510021,427,445,847,878,4.215456674473068,3.659976387249114,18,31
250173510022,484,511,1056,1174,5.578512396694215,11.174242424242424,27,118
250173510023,411,413,909,985,0.48661800486618007,8.360836083608362,2,76
250173511011,465,518,912,1035,11.397849462365592,13.486842105263158,53,123
250173511012,540,527,1146,1232,-2.4074074074074074,7.504363001745201,-13,86
250173511013,747,760,1601,1508,1.7402945113788488,-5.8088694565896315,13,-93
250173511021,386,401,722,800,3.8860103626943006,10.80332409972299,15,78
250173511022,640,607,1241,1172,-5.15625,-5.560032232070911,-33,-69
250173512031,445,465,974,1089,4.49438202247191,11.806981519507186,20,115
250173512032,509,524,1101,1170,2.9469548133595285,6.267029972752043,15,69
250173512033,496,516,1047,1093,4.032258064516129,4.393505253104107,20,46
250173512034,509,559,1119,1279,9.823182711198427,14.298480786416443,50,160
250173512041,591,634,1233,1340,7.2758037225042305,8.67802108678021,43,107
250173512042,768,775,1715,1604,0.9114583333333334,-6.4723032069970845,7,-111
250173512043,568,624,1181,1351,9.859154929577464,14.394580863674852,56,170
250173513001,893,912,1898,1890,2.127659574468085,-0.42149631190727077,19,-8
250173513002,824,817,1441,1484,-0.8495145631067961,2.9840388619014573,-7,43
250173513003,361,427,894,1032,18.282548476454295,15.436241610738255,66,138
250173514031,240,286,617,674,19.166666666666668,9.238249594813615,46,57
250173514032,391,391,1017,928,0,-8.751229105211406,0,-89
250173514033,321,317,587,597,-1.2461059190031152,1.7035775127768313,-4,10
250173514034,369,434,1042,1121,17.615176151761517,7.5815738963531665,65,79
250173514035,288,280,619,623,-2.7777777777777777,0.6462035541195477,-8,4
250173514041,448,444,1147,982,-0.8928571428571428,-14.385353095030515,-4,-165
250173514042,527,526,1335,1295,-0.18975332068311196,-2.9962546816479403,-1,-40
250173514043,396,390,1026,939,-1.5151515151515151,-8.47953216374269,-6,-87
250173514044,258,265,780,780,2.7131782945736433,0,7,0
250173515001,144,222,192,314,54.166666666666664,63.541666666666664,78,122
250173515002,350,404,668,810,15.428571428571427,21.25748502994012,54,142
250173515003,454,461,1165,1056,1.5418502202643172,-9.356223175965665,7,-109
250173515004,224,224,286,284,0,-0.6993006993006993,0,-2
250173521011,434,420,679,1081,-3.225806451612903,59.20471281296024,-14,402
250173521012,753,1127,794,1810,49.667994687915005,127.95969773299748,374,1016
250173521013,105,850,181,1380,709.5238095238095,662.4309392265193,745,1199
250173521021,754,758,1021,1225,0.5305039787798408,19.980411361410383,4,204
250173521022,677,701,1256,1438,3.5450516986706058,14.490445859872612,24,182
250173522001,1145,1208,1849,1999,5.502183406113537,8.112493239588966,63,150
250173523001,829,892,1626,1757,7.599517490952954,8.056580565805659,63,131
250173523002,302,617,503,1052,104.30463576158941,109.1451292246521,315,549
250173523003,939,898,1325,1504,-4.366347177848776,13.50943396226415,-41,179
250173524001,688,716,1850,1879,4.069767441860465,1.5675675675675675,28,29
250173525001,772,823,1745,1888,6.60621761658031,8.194842406876791,51,143
250173525002,671,700,1494,1578,4.321907600596125,5.622489959839357,29,84
250173526001,433,441,986,1053,1.8475750577367205,6.7951318458417855,8,67
250173526002,742,814,1647,1764,9.703504043126685,7.103825136612022,72,117
250173527001,446,473,896,909,6.053811659192825,1.4508928571428572,27,13
250173527002,570,567,1161,1100,-0.5263157894736842,-5.254091300602928,-3,-61
250173528001,805,836,1826,1892,3.8509316770186333,3.614457831325301,31,66
250173529001,523,528,1023,1123,0.9560229445506693,9.775171065493646,5,100
250173529002,866,863,1567,1746,-0.3464203233256351,11.423101467772815,-3,179
250173530001,1128,1270,2026,2211,12.588652482269502,9.131293188548865,142,185
250173530002,291,349,622,757,19.93127147766323,21.70418006430868,58,135
250173531011,369,679,1081,1178,84.01084010840108,8.973172987974099,310,97
250173531012,1169,1198,2230,2463,2.4807527801539777,10.448430493273543,29,233
250173531021,263,793,993,1646,201.52091254752852,65.76032225579054,530,653
250173531022,10,37,1576,2140,270,35.786802030456855,27,564
250173531023,63,216,2488,2452,242.85714285714283,-1.4469453376205788,153,-36
250173532001,692,702,1222,1278,1.4450867052023122,4.582651391162029,10,56
250173532002,257,412,775,1059,60.311284046692606,36.645161290322584,155,284
250173532003,441,445,921,992,0.9070294784580499,7.709011943539632,4,71
250173532004,311,396,1979,1913,27.331189710610932,-3.335017685699848,85,-66
250173533001,508,538,998,1075,5.905511811023622,7.715430861723446,30,77
250173533002,782,732,1515,1578,-6.3938618925831205,4.1584158415841586,-50,63
250173533003,481,500,958,1070,3.9501039501039505,11.691022964509393,19,112
250173536001,821,833,1746,1816,1.46163215590743,4.009163802978236,12,70
250173536002,254,336,1748,1825,32.28346456692913,4.4050343249427915,82,77
250173536003,787,818,1539,1505,3.9390088945362134,-2.2092267706302793,31,-34
250173537001,601,608,1039,1205,1.1647254575707155,15.976900866217516,7,166
250173537002,676,704,1141,1198,4.142011834319527,4.995617879053462,28,57
250173537003,10,9,1460,1373,-10,-5.9589041095890405,-1,-87
250173537004,240,180,873,876,-25,0.3436426116838488,-60,3
250173537005,429,441,852,941,2.797202797202797,10.44600938967136,12,89
250173538001,824,826,1332,1440,0.24271844660194172,8.108108108108109,2,108
250173538002,665,674,1068,1075,1.3533834586466165,0.6554307116104869,9,7
250173538003,427,440,722,847,3.0444964871194378,17.31301939058172,13,125
250173538004,466,500,761,815,7.296137339055794,7.095926412614981,34,54
250173539001,622,635,2212,2149,2.090032154340836,-2.848101265822785,13,-63
250173539002,859,924,2507,1661,7.566938300349244,-33.74551256481851,65,-846
250173539003,38,79,2371,2329,107.89473684210526,-1.7714044706874739,41,-42
250173540001,969,993,1525,1636,2.476780185758514,7.278688524590164,24,111
250173540002,585,653,1985,2107,11.623931623931623,6.146095717884131,68,122
250173540003,779,798,1122,1175,2.4390243902439024,4.723707664884135,19,53
250173541001,609,644,1064,1145,5.747126436781609,7.612781954887218,35,81
250173541002,863,928,1577,1744,7.531865585168019,10.589727330374128,65,167
250173542001,562,575,1219,1309,2.3131672597864767,7.383100902378999,13,90
250173542002,538,564,999,1020,4.83271375464684,2.1021021021021022,26,21
250173542003,304,304,689,679,0,-1.4513788098693758,0,-10
250173543001,628,628,1332,1344,0,0.9009009009009009,0,12
250173543002,436,431,828,823,-1.146788990825688,-0.6038647342995169,-5,-5
250173543003,587,594,1186,1321,1.192504258943782,11.382799325463743,7,135
250173544001,389,392,812,836,0.7712082262210797,2.955665024630542,3,24
250173544002,413,413,835,894,0,7.065868263473053,0,59
250173545001,573,600,874,937,4.712041884816754,7.208237986270023,27,63
250173545002,424,422,880,1000,-0.4716981132075472,13.636363636363635,-2,120
250173546011,0,0,0,5,NA,Inf,0,5
250173546012,392,950,832,1641,142.3469387755102,97.23557692307693,558,809
250173546021,753,827,1585,1742,9.827357237715804,9.905362776025237,74,157
250173546022,472,490,947,1033,3.8135593220338984,9.081309398099261,18,86
250173546023,575,683,1175,1410,18.782608695652172,20,108,235
250173547001,596,647,1258,1428,8.557046979865772,13.513513513513514,51,170
250173547002,611,657,1251,1431,7.528641571194762,14.388489208633093,46,180
250173548001,444,522,911,1082,17.56756756756757,18.77058177826564,78,171
250173548002,533,609,992,1241,14.258911819887429,25.100806451612907,76,249
250173549011,0,357,0,435,Inf,Inf,357,435
250173549012,312,567,568,964,81.73076923076923,69.71830985915493,255,396
250173549013,0,854,0,1477,Inf,Inf,854,1477
250173549021,535,567,1126,1311,5.981308411214954,16.429840142095912,32,185
250173549022,541,623,1137,1318,15.157116451016636,15.919085312225153,82,181
250173549023,912,808,2401,2070,-11.403508771929824,-13.785922532278217,-104,-331
250173549024,319,445,800,917,39.49843260188088,14.625,126,117
250173550001,344,423,697,883,22.96511627906977,26.6857962697274,79,186
250173550002,645,677,1183,1309,4.961240310077519,10.650887573964498,32,126
250173550003,437,445,836,937,1.8306636155606408,12.08133971291866,8,101
250173561001,368,368,795,837,0,5.283018867924529,0,42
250173561002,682,691,1460,1482,1.3196480938416422,1.5068493150684932,9,22
250173561003,400,405,855,1011,1.25,18.24561403508772,5,156
250173563001,604,612,1239,1321,1.3245033112582782,6.618240516545601,8,82
250173563002,511,513,969,1051,0.3913894324853229,8.46233230134159,2,82
250173563003,324,326,721,752,0.6172839506172839,4.2995839112343965,2,31
250173563004,290,295,640,664,1.7241379310344827,3.75,5,24
250173563005,368,375,776,800,1.9021739130434785,3.0927835051546393,7,24
250173563006,329,324,695,744,-1.5197568389057752,7.0503597122302155,-5,49
250173564001,243,244,653,636,0.411522633744856,-2.6033690658499236,1,-17
250173564002,646,628,1176,1233,-2.786377708978328,4.846938775510204,-18,57
250173564003,360,361,926,983,0.2777777777777778,6.155507559395248,1,57
250173564004,235,242,652,728,2.9787234042553195,11.65644171779141,7,76
250173564005,278,278,720,792,0,10,0,72
250173564006,471,478,1235,1290,1.48619957537155,4.4534412955465585,7,55
250173564007,299,304,748,860,1.6722408026755853,14.973262032085561,5,112
250173564008,447,675,1138,1614,51.006711409395976,41.82776801405975,228,476
250173565001,335,341,838,900,1.791044776119403,7.398568019093078,6,62
250173565002,503,507,1120,1214,0.7952286282306162,8.392857142857142,4,94
250173565003,938,902,1671,1902,-3.8379530916844353,13.824057450628366,-36,231
250173565004,331,335,793,800,1.2084592145015105,0.8827238335435058,4,7
250173565005,484,484,1208,1249,0,3.3940397350993377,0,41
250173565006,359,353,950,1002,-1.6713091922005572,5.473684210526316,-6,52
250173566011,444,447,1095,1125,0.6756756756756757,2.73972602739726,3,30
250173566012,250,262,670,735,4.8,9.701492537313433,12,65
250173566013,328,331,749,821,0.9146341463414633,9.612817089452603,3,72
250173566014,573,577,821,944,0.6980802792321117,14.981729598051158,4,123
250173566015,539,569,880,1158,5.565862708719852,31.590909090909093,30,278
250173566021,854,862,1570,1688,0.936768149882904,7.515923566878981,8,118
250173566022,296,294,792,837,-0.6756756756756757,5.681818181818182,-2,45
250173566023,297,298,805,855,0.33670033670033667,6.211180124223603,1,50
250173566024,304,306,1003,904,0.6578947368421052,-9.870388833499502,2,-99
250173567011,610,636,1316,1444,4.2622950819672125,9.72644376899696,26,128
250173567012,606,618,1131,1148,1.9801980198019802,1.5030946065428823,12,17
250173567013,741,737,1310,1435,-0.5398110661268556,9.541984732824428,-4,125
250173567014,375,381,690,686,1.6,-0.5797101449275363,6,-4
250173567015,341,340,621,606,-0.2932551319648094,-2.4154589371980677,-1,-15
250173567016,510,513,776,956,0.5882352941176471,23.195876288659793,3,180
250173567031,944,954,1532,1577,1.059322033898305,2.93733681462141,10,45
250173567032,312,312,794,854,0,7.5566750629722925,0,60
250173567033,279,283,721,780,1.4336917562724014,8.183079056865465,4,59
250173567041,574,575,1316,1302,0.17421602787456447,-1.0638297872340425,1,-14
250173567042,359,359,918,982,0,6.971677559912854,0,64
250173567043,328,335,775,790,2.1341463414634148,1.935483870967742,7,15
250173567044,303,431,582,816,42.244224422442244,40.20618556701031,128,234
250173571001,338,336,940,950,-0.591715976331361,1.0638297872340425,-2,10
250173571002,667,1149,1374,2447,72.26386806596702,78.09315866084425,482,1073
250173571003,361,361,907,1100,0,21.27894156560088,0,193
250173571004,354,353,964,983,-0.2824858757062147,1.970954356846473,-1,19
250173572001,695,701,1834,1848,0.8633093525179856,0.7633587786259541,6,14
250173572002,461,464,1368,1395,0.6507592190889371,1.9736842105263157,3,27
250173573001,362,360,927,963,-0.5524861878453038,3.8834951456310676,-2,36
250173573002,515,503,1047,1102,-2.3300970873786406,5.253104106972302,-12,55
250173573003,466,460,1000,1052,-1.2875536480686696,5.2,-6,52
250173574001,314,304,791,799,-3.1847133757961785,1.0113780025284451,-10,8
250173574002,288,298,738,801,3.4722222222222223,8.536585365853659,10,63
250173574003,336,343,810,772,2.083333333333333,-4.691358024691358,7,-38
250173575001,272,280,634,695,2.941176470588235,9.621451104100947,8,61
250173575002,287,405,657,662,41.11498257839721,0.76103500761035,118,5
250173575003,343,345,839,898,0.5830903790087464,7.032181168057211,2,59
250173576001,439,442,966,1098,0.683371298405467,13.664596273291925,3,132
250173576002,642,649,1466,1567,1.0903426791277258,6.88949522510232,7,101
250173577001,412,465,934,1122,12.864077669902912,20.12847965738758,53,188
250173577002,361,356,811,828,-1.3850415512465373,2.096177558569667,-5,17
250173577003,421,432,955,1080,2.6128266033254155,13.089005235602095,11,125
250173577004,467,469,1026,1109,0.4282655246252677,8.089668615984404,2,83
250173578001,318,319,936,949,0.3144654088050315,1.3888888888888888,1,13
250173578002,343,349,853,898,1.749271137026239,5.275498241500586,6,45
250173578003,388,405,1031,1234,4.381443298969072,19.689621726479146,17,203
250173578004,334,334,922,943,0,2.27765726681128,0,21
250173581001,362,364,967,1034,0.5524861878453038,6.928645294725956,2,67
250173581002,507,509,1284,1394,0.39447731755424065,8.566978193146417,2,110
250173581003,548,543,1522,1593,-0.9124087591240875,4.664914586070959,-5,71
250173581004,469,471,1332,1261,0.42643923240938164,-5.33033033033033,2,-71
250173583001,1034,1174,2140,2593,13.539651837524177,21.16822429906542,140,453
250173583002,642,652,1803,1982,1.557632398753894,9.92789794786467,10,179
250173583003,279,280,757,810,0.35842293906810035,7.001321003963012,1,53
250173583004,346,346,826,995,0,20.46004842615012,0,169
250173584001,368,383,925,954,4.076086956521739,3.135135135135135,15,29
250173584002,547,491,1267,1376,-10.23765996343693,8.602999210734017,-56,109
250173584003,635,650,1662,1788,2.3622047244094486,7.581227436823104,15,126
250173584004,373,385,1041,1167,3.2171581769436997,12.103746397694524,12,126
250173585001,824,873,2176,2554,5.946601941747573,17.371323529411764,49,378
250173585002,311,311,741,812,0,9.581646423751687,0,71
250173585003,651,714,1944,2214,9.67741935483871,13.88888888888889,63,270
250173586001,401,409,1200,1289,1.99501246882793,7.416666666666667,8,89
250173586002,263,257,697,679,-2.2813688212927756,-2.582496413199426,-6,-18
250173586003,486,487,1131,1161,0.205761316872428,2.6525198938992043,1,30
250173586004,297,299,869,983,0.6734006734006733,13.118527042577677,2,114
250173586005,456,454,1253,1323,-0.43859649122807015,5.58659217877095,-2,70
250173586006,343,350,797,884,2.0408163265306123,10.915934755332497,7,87
250173587001,782,817,2062,2361,4.475703324808184,14.500484966052376,35,299
250173587002,497,506,1435,1542,1.8108651911468814,7.456445993031359,9,107
250173587003,599,585,1563,1705,-2.337228714524207,9.0850927703135,-14,142
250173591001,404,310,693,512,-23.26732673267327,-26.118326118326117,-94,-181
250173591002,287,296,734,820,3.1358885017421603,11.716621253405995,9,86
250173591003,1054,1109,2643,3100,5.218216318785579,17.290957245554296,55,457
250173591004,247,154,807,662,-37.65182186234818,-17.967781908302356,-93,-145
250173591005,596,615,1321,1450,3.1879194630872485,9.765329295987888,19,129
250173593011,0,0,0,0,NA,NA,0,0
250173593021,0,0,0,0,NA,NA,0,0
250173593031,425,431,1051,1161,1.411764705882353,10.466222645099906,6,110
250173593032,409,433,936,998,5.8679706601467,6.623931623931624,24,62
250173593033,912,948,2437,2587,3.9473684210526314,6.155108740254411,36,150
250173593034,745,760,1723,1851,2.013422818791946,7.4289030760301795,15,128
250173593035,288,382,862,1139,32.63888888888889,32.13457076566125,94,277
250173593036,1,6,112,103,500,-8.035714285714286,5,-9
250173594001,548,576,1226,1345,5.109489051094891,9.706362153344209,28,119
250173594002,750,765,1622,1655,2,2.0345252774352653,15,33
250173594003,702,717,1494,1597,2.1367521367521367,6.894243641231593,15,103
250173594004,628,606,1108,1099,-3.5031847133757963,-0.8122743682310468,-22,-9
250173594005,644,647,904,1058,0.4658385093167702,17.035398230088493,3,154
250173603001,379,392,877,906,3.430079155672823,3.30672748004561,13,29
250173603002,451,466,1173,1200,3.325942350332594,2.3017902813299234,15,27
250173603003,538,554,1259,1323,2.973977695167286,5.083399523431295,16,64
250173603004,771,922,1764,2136,19.58495460440986,21.08843537414966,151,372
250173603005,478,437,1287,1449,-8.577405857740587,12.587412587412588,-41,162
250173611001,450,452,1071,1168,0.4444444444444444,9.056956115779645,2,97
250173611002,507,522,1476,1452,2.9585798816568047,-1.6260162601626018,15,-24
250173611003,544,476,959,842,-12.5,-12.200208550573514,-68,-117
250173611004,638,618,1327,1370,-3.1347962382445136,3.2403918613413714,-20,43
250173611005,352,350,824,894,-0.5681818181818182,8.495145631067961,-2,70
250173612001,371,781,885,1671,110.5121293800539,88.8135593220339,410,786
250173612002,386,396,1035,1086,2.5906735751295336,4.9275362318840585,10,51
250173612003,75,1,1200,620,-98.66666666666667,-48.333333333333336,-74,-580
250173612004,771,898,1654,1821,16.472114137483786,10.096735187424425,127,167
250173612005,333,330,991,1061,-0.9009009009009009,7.063572149344097,-3,70
250173613001,476,472,1135,1249,-0.8403361344537815,10.044052863436123,-4,114
250173613002,622,604,1370,1432,-2.8938906752411575,4.525547445255475,-18,62
250173613003,416,431,1160,1202,3.6057692307692304,3.620689655172414,15,42
250173613004,696,658,1791,1764,-5.459770114942529,-1.507537688442211,-38,-27
250173613005,311,306,790,859,-1.607717041800643,8.734177215189872,-5,69
250173621001,919,961,2613,2749,4.570184983677911,5.2047455032529655,42,136
250173621002,840,936,2239,2488,11.428571428571429,11.121036176864672,96,249
250173631031,793,951,2068,2416,19.924337957124845,16.827852998065765,158,348
250173631032,404,407,1160,1201,0.7425742574257426,3.53448275862069,3,41
250173631041,923,957,2602,2631,3.683640303358613,1.1145272867025366,34,29
250173631042,292,307,883,930,5.136986301369863,5.322763306908267,15,47
250173631043,746,769,1841,1942,3.0831099195710454,5.486148832156436,23,101
250173631044,274,279,779,756,1.824817518248175,-2.952503209242619,5,-23
250173631051,581,615,1330,1490,5.851979345955249,12.030075187969924,34,160
250173631052,837,934,2118,2291,11.589008363201913,8.168083097261567,97,173
250173631061,703,813,1527,1922,15.647226173541965,25.867714472822527,110,395
250173631062,526,623,934,1408,18.44106463878327,50.74946466809421,97,474
250173632011,420,430,968,1053,2.380952380952381,8.78099173553719,10,85
250173632012,449,453,1388,1352,0.8908685968819599,-2.5936599423631126,4,-36
250173632013,300,340,863,912,13.333333333333334,5.677867902665121,40,49
250173632021,245,277,694,851,13.061224489795919,22.622478386167145,32,157
250173632022,476,496,1223,1314,4.201680672268908,7.440719542109567,20,91
250173632023,561,568,1545,1552,1.2477718360071302,0.45307443365695793,7,7
250173641011,954,1041,2002,2211,9.119496855345911,10.43956043956044,87,209
250173641012,664,700,1300,1347,5.421686746987952,3.6153846153846154,36,47
250173641013,743,789,1964,2073,6.191117092866756,5.54989816700611,46,109
250173641021,594,628,1312,1429,5.723905723905724,8.917682926829269,34,117
250173641022,597,611,1314,1376,2.3450586264656614,4.71841704718417,14,62
250173641023,430,456,944,968,6.046511627906977,2.5423728813559325,26,24
250173641024,465,516,1270,1342,10.967741935483872,5.669291338582677,51,72
250173651001,534,559,1619,1673,4.681647940074907,3.3353922174181596,25,54
250173651002,700,710,2266,2234,1.4285714285714286,-1.412180052956752,10,-32
250173651003,729,755,2331,2454,3.5665294924554183,5.276705276705277,26,123
250173651004,545,574,1516,1557,5.321100917431193,2.704485488126649,29,41
250173652011,657,802,1921,2153,22.07001522070015,12.077043206663197,145,232
250173652012,432,464,1275,1364,7.4074074074074066,6.980392156862745,32,89
250173652013,363,362,1086,1059,-0.27548209366391185,-2.4861878453038675,-1,-27
250173652014,444,443,1325,1373,-0.22522522522522523,3.6226415094339623,-1,48
250173652021,739,1072,1779,2544,45.06089309878214,43.00168634064081,333,765
250173652022,392,395,1204,1188,0.7653061224489796,-1.3289036544850499,3,-16
250173652023,416,420,1337,1335,0.9615384615384616,-0.14958863126402394,4,-2
250173661001,318,330,789,846,3.7735849056603774,7.224334600760455,12,57
250173661002,376,398,1084,1168,5.851063829787234,7.7490774907749085,22,84
250173661003,328,330,812,859,0.6097560975609756,5.788177339901478,2,47
250173661004,405,402,971,991,-0.7407407407407408,2.059732234809475,-3,20
250173661005,433,432,1041,1088,-0.23094688221709006,4.514889529298751,-1,47
250173662011,948,967,2631,2720,2.0042194092827006,3.38274420372482,19,89
250173662012,310,321,967,1030,3.5483870967741935,6.514994829369184,11,63
250173662021,872,967,1946,2270,10.894495412844037,16.649537512846866,95,324
250173662022,736,745,1940,1972,1.2228260869565217,1.6494845360824744,9,32
250173662023,297,404,813,999,36.02693602693603,22.878228782287824,107,186
250173671001,524,524,1500,1563,0,4.2,0,63
250173671002,413,379,1064,1106,-8.232445520581114,3.9473684210526314,-34,42
250173671003,519,532,1395,1416,2.5048169556840074,1.5053763440860215,13,21
250173671004,328,333,794,776,1.524390243902439,-2.2670025188916876,5,-18
250173672001,599,602,1460,1428,0.5008347245409015,-2.191780821917808,3,-32
250173672002,314,312,890,921,-0.6369426751592357,3.48314606741573,-2,31
250173672003,491,545,1475,1574,10.9979633401222,6.711864406779661,54,99
250173672004,537,535,1476,1573,-0.37243947858473,6.571815718157181,-2,97
250173672005,43,1,432,686,-97.67441860465115,58.79629629629629,-42,254
250173672006,241,280,774,808,16.182572614107883,4.3927648578811365,39,34
250173681011,507,422,1094,1268,-16.765285996055226,15.904936014625228,-85,174
250173681012,563,593,1349,1397,5.328596802841918,3.558191252779837,30,48
250173681013,437,442,1055,1116,1.1441647597254003,5.781990521327014,5,61
250173681014,1034,1055,2042,2001,2.0309477756286265,-2.0078354554358473,21,-41
250173681021,1104,1147,2692,2860,3.894927536231884,6.240713224368499,43,168
250173681022,780,769,1919,1858,-1.4102564102564104,-3.178738926524231,-11,-61
250173682001,663,696,1575,1727,4.97737556561086,9.650793650793652,33,152
250173682002,663,668,1720,1730,0.7541478129713424,0.5813953488372093,5,10
250173682003,324,416,577,741,28.39506172839506,28.422876949740033,92,164
250173683001,651,655,1136,1297,0.6144393241167435,14.172535211267606,4,161
250173683002,480,491,1003,1037,2.2916666666666665,3.389830508474576,11,34
250173683003,418,423,867,954,1.1961722488038278,10.034602076124568,5,87
250173683004,536,541,1111,1221,0.9328358208955223,9.900990099009901,5,110
250173683005,503,545,1228,1254,8.34990059642147,2.1172638436482085,42,26
250173684001,469,482,1140,1253,2.771855010660981,9.912280701754387,13,113
250173684002,681,698,1300,1464,2.4963289280469896,12.615384615384615,17,164
250173684003,502,521,1284,1458,3.7848605577689245,13.551401869158877,19,174
250173684004,264,280,660,669,6.0606060606060606,1.3636363636363635,16,9
250173684005,86,50,2557,2333,-41.86046511627907,-8.760265936644505,-36,-224
250173684006,469,598,1176,1429,27.505330490405118,21.51360544217687,129,253
250173685001,576,588,988,899,2.083333333333333,-9.008097165991904,12,-89
250173685002,515,562,1016,1049,9.12621359223301,3.2480314960629917,47,33
250173685003,799,842,1293,1471,5.381727158948686,13.766434648105182,43,178
250173686001,363,364,760,819,0.27548209366391185,7.7631578947368425,1,59
250173686002,305,328,690,698,7.540983606557377,1.1594202898550725,23,8
250173686003,544,554,1082,1106,1.8382352941176472,2.2181146025878005,10,24
250173686004,679,865,1454,1914,27.393225331369663,31.636863823933975,186,460
250173686005,589,595,1210,1319,1.0186757215619695,9.008264462809917,6,109
250173687001,515,537,1212,1321,4.271844660194175,8.993399339933994,22,109
250173687002,534,542,1250,1363,1.4981273408239701,9.04,8,113
250173688001,214,784,594,1343,266.3551401869159,126.0942760942761,570,749
250173688002,439,663,983,1452,51.025056947608206,47.71108850457782,224,469
250173688003,462,465,1152,1200,0.6493506493506493,4.166666666666666,3,48
250173688004,359,368,924,995,2.5069637883008355,7.683982683982683,9,71
250173688005,509,551,1088,1179,8.25147347740668,8.363970588235293,42,91
250173689011,219,221,511,507,0.91324200913242,-0.7827788649706457,2,-4
250173689012,329,326,814,814,-0.911854103343465,0,-3,0
250173689013,320,339,926,1015,5.9375,9.611231101511878,19,89
250173689014,265,290,535,592,9.433962264150944,10.654205607476635,25,57
250173689015,1073,1040,1860,1985,-3.075489282385834,6.720430107526881,-33,125
250173689016,516,521,1038,1060,0.9689922480620154,2.119460500963391,5,22
250173689021,790,811,1828,2093,2.6582278481012658,14.49671772428884,21,265
250173689022,397,409,770,751,3.022670025188917,-2.4675324675324677,12,-19
250173689023,369,370,776,847,0.27100271002710025,9.149484536082474,1,71
250173690001,72,38,3548,3300,-47.22222222222222,-6.989853438556934,-34,-248
250173691001,370,366,809,869,-1.0810810810810811,7.416563658838071,-4,60
250173691002,790,828,1768,1878,4.810126582278481,6.221719457013575,38,110
250173691003,420,416,1082,1171,-0.9523809523809524,8.22550831792976,-4,89
250173691004,460,470,1187,1141,2.1739130434782608,-3.8753159224936815,10,-46
250173701011,800,786,1586,1643,-1.7500000000000002,3.5939470365699875,-14,57
250173701012,372,386,864,940,3.763440860215054,8.796296296296296,14,76
250173701013,658,665,1583,1712,1.0638297872340425,8.149084017687933,7,129
250173701014,436,439,836,840,0.6880733944954129,0.4784688995215311,3,4
250173701015,693,687,1619,1672,-0.8658008658008658,3.2736256948733784,-6,53
250173701031,954,975,1697,1750,2.20125786163522,3.1231585150265175,21,53
250173701032,412,497,800,1031,20.631067961165048,28.875,85,231
250173701033,329,381,639,763,15.80547112462006,19.405320813771517,52,124
250173701041,568,934,1082,1851,64.43661971830986,71.0720887245841,366,769
250173701042,683,956,1489,1883,39.97071742313324,26.4607118871726,273,394
250173702011,557,593,1098,1197,6.463195691202872,9.01639344262295,36,99
250173702012,624,646,1271,1370,3.5256410256410255,7.789142407553109,22,99
250173702013,706,535,1388,1231,-24.22096317280453,-11.311239193083573,-171,-157
250173702021,395,400,853,893,1.2658227848101267,4.6893317702227435,5,40
250173702022,445,455,951,987,2.247191011235955,3.7854889589905363,10,36
250173702023,418,425,967,956,1.674641148325359,-1.1375387797311272,7,-11
250173702024,621,631,1378,1386,1.610305958132045,0.5805515239477503,10,8
250173703011,258,265,610,641,2.7131782945736433,5.081967213114754,7,31
250173703012,624,629,1283,1260,0.8012820512820512,-1.7926734216679656,5,-23
250173703013,543,552,985,1058,1.6574585635359116,7.411167512690356,9,73
250173703014,362,388,720,852,7.18232044198895,18.333333333333332,26,132
250173703015,366,374,715,720,2.185792349726776,0.6993006993006993,8,5
250173703021,193,248,252,306,28.497409326424872,21.428571428571427,55,54
250173703022,584,604,1079,1266,3.4246575342465753,17.330861909175162,20,187
250173704011,716,730,1393,1471,1.9553072625698324,5.599425699928212,14,78
250173704012,476,1083,989,2060,127.52100840336134,108.29120323559151,607,1071
250173704021,305,254,764,616,-16.721311475409838,-19.3717277486911,-51,-148
250173704022,446,451,932,904,1.1210762331838564,-3.004291845493562,5,-28
250173704031,442,440,739,744,-0.4524886877828055,0.6765899864682002,-2,5
250173704032,598,601,1353,1326,0.5016722408026756,-1.9955654101995564,3,-27
250173731001,337,349,795,839,3.5608308605341246,5.534591194968554,12,44
250173731002,466,458,999,1095,-1.7167381974248928,9.60960960960961,-8,96
250173731003,519,514,931,955,-0.9633911368015413,2.577873254564984,-5,24
250173731004,356,363,872,913,1.9662921348314606,4.701834862385321,7,41
250173731005,520,542,1158,1311,4.230769230769231,13.21243523316062,22,153
250173732001,565,565,1067,1218,0,14.15182755388941,0,151
250173732002,378,384,900,869,1.5873015873015872,-3.4444444444444446,6,-31
250173732003,384,400,855,971,4.166666666666666,13.567251461988302,16,116
250173732004,726,766,1569,1731,5.5096418732782375,10.325047801147228,40,162
250173733001,271,285,775,892,5.166051660516605,15.096774193548388,14,117
250173733002,565,573,1182,1240,1.415929203539823,4.906937394247039,8,58
250173733003,434,438,842,968,0.9216589861751152,14.964370546318289,4,126
250173734001,894,902,2088,2067,0.8948545861297539,-1.0057471264367817,8,-21
250173734002,519,590,1116,1252,13.680154142581888,12.186379928315413,71,136
250173735001,462,476,1259,1298,3.0303030303030303,3.0976965845909454,14,39
250173735002,548,546,2421,2376,-0.36496350364963503,-1.858736059479554,-2,-45
250173735003,1006,999,2507,2563,-0.6958250497017893,2.2337455125648185,-7,56
250173736001,422,438,1078,1118,3.7914691943127963,3.710575139146568,16,40
250173736002,7,44,3148,3233,528.5714285714286,2.7001270648030493,37,85
250173736003,600,607,1800,1781,1.1666666666666667,-1.0555555555555556,7,-19
250173737001,279,280,783,807,0.35842293906810035,3.065134099616858,1,24
250173737002,439,448,1212,1207,2.050113895216401,-0.4125412541254125,9,-5
250173737003,410,404,1074,1093,-1.4634146341463417,1.7690875232774672,-6,19
250173737004,273,276,721,747,1.098901098901099,3.6061026352288486,3,26
250173738001,724,742,2012,1979,2.4861878453038675,-1.6401590457256463,18,-33
250173738002,925,936,1769,1844,1.1891891891891893,4.23968343697004,11,75
250173738003,635,638,1479,1541,0.47244094488188976,4.192021636240703,3,62
250173738004,264,262,663,702,-0.7575757575757576,5.88235294117647,-2,39
250173739011,628,627,1713,1848,-0.15923566878980894,7.880910683012258,-1,135
250173739012,382,485,1043,1280,26.96335078534031,22.722914669223393,103,237
250173739021,509,501,848,931,-1.5717092337917484,9.787735849056604,-8,83
250173739022,571,574,1554,1638,0.5253940455341506,5.405405405405405,3,84
250173739023,577,624,1215,1307,8.145580589254767,7.572016460905349,47,92
250173740001,533,538,1415,1518,0.9380863039399625,7.279151943462897,5,103
250173740002,788,867,2492,1957,10.025380710659897,-21.46869983948636,79,-535
250173740003,475,473,1330,1333,-0.42105263157894735,0.2255639097744361,-2,3
250173741001,927,946,2041,2146,2.0496224379719528,5.1445369916707495,19,105
250173741002,629,673,1519,1687,6.995230524642289,11.059907834101383,44,168
250173741003,471,480,1087,1132,1.910828025477707,4.139834406623735,9,45
250173742001,397,402,945,1003,1.2594458438287155,6.137566137566138,5,58
250173742002,655,674,1783,1778,2.900763358778626,-0.28042624789680315,19,-5
250173742003,541,558,1464,1530,3.1423290203327174,4.508196721311475,17,66
250173743001,457,449,1193,1307,-1.75054704595186,9.555741827326068,-8,114
250173743002,546,474,1356,1458,-13.186813186813188,7.52212389380531,-72,102
250173743003,341,335,947,1007,-1.7595307917888565,6.335797254487856,-6,60
250173744001,468,464,1237,1268,-0.8547008547008548,2.506063055780113,-4,31
250173744002,309,315,849,913,1.9417475728155338,7.538280329799764,6,64
250173744003,358,365,938,1035,1.9553072625698324,10.341151385927505,7,97
250173744004,743,768,1681,1670,3.3647375504710633,-0.6543723973825104,25,-11
250173744005,366,362,1038,1069,-1.092896174863388,2.9865125240847785,-4,31
250173745001,314,345,790,873,9.872611464968154,10.506329113924052,31,83
250173745002,546,543,1239,1353,-0.5494505494505495,9.200968523002421,-3,114
250173745003,303,307,782,846,1.3201320132013201,8.184143222506394,4,64
250173745004,272,271,802,757,-0.3676470588235294,-5.610972568578553,-1,-45
250173745005,269,269,726,757,0,4.2699724517906334,0,31
250173746001,586,590,1416,1628,0.6825938566552902,14.971751412429379,4,212
250173746002,492,498,1216,1260,1.2195121951219512,3.618421052631579,6,44
250173746003,506,506,1274,1373,0,7.770800627943484,0,99
250173746004,400,412,923,1024,3,10.942578548212351,12,101
250173747001,773,774,1837,1871,0.129366106080207,1.8508437670114317,1,34
250173747002,289,286,751,834,-1.0380622837370241,11.051930758988016,-3,83
250173747003,784,788,1889,1897,0.5102040816326531,0.42350449973530974,4,8
250173748001,411,422,1321,1477,2.67639902676399,11.809235427706282,11,156
250173748002,606,631,2263,2351,4.125412541254125,3.8886433937251432,25,88
250173748003,497,499,1153,1197,0.4024144869215292,3.8161318300086733,2,44
250173821001,480,495,1389,1469,3.125,5.759539236861051,15,80
250173821002,341,343,926,934,0.5865102639296188,0.8639308855291578,2,8
250173821003,318,316,802,885,-0.628930817610063,10.349127182044887,-2,83
250173821004,306,305,821,863,-0.32679738562091504,5.115712545676005,-1,42
250173821005,423,396,973,995,-6.382978723404255,2.2610483042137717,-27,22
250173822001,613,650,1499,1544,6.035889070146819,3.0020013342228156,37,45
250173822002,518,529,1260,1321,2.1235521235521233,4.841269841269842,11,61
250173822003,427,479,1056,1132,12.177985948477751,7.196969696969697,52,76
250173822004,498,499,1343,1378,0.2008032128514056,2.6061057334326136,1,35
250173823001,419,400,763,827,-4.534606205250596,8.387942332896461,-19,64
250173823002,856,895,2415,2586,4.55607476635514,7.080745341614906,39,171
250173823003,375,384,909,945,2.4,3.9603960396039604,9,36
250173823004,574,604,1481,1559,5.2264808362369335,5.266711681296422,30,78
250173824001,608,645,1476,1476,6.0855263157894735,0,37,0
250173824002,437,449,1249,1374,2.745995423340961,10.0080064051241,12,125
250173824003,345,647,887,1528,87.53623188405797,72.26606538895152,302,641
250173824004,514,509,910,962,-0.9727626459143969,5.714285714285714,-5,52
250173825001,485,658,1022,1360,35.670103092783506,33.07240704500978,173,338
250173825002,701,713,1594,1687,1.7118402282453637,5.834378920953576,12,93
250173825003,369,358,946,959,-2.9810298102981028,1.3742071881606766,-11,13
250173825004,381,967,856,1658,153.8057742782152,93.69158878504673,586,802
250173826011,601,628,1573,1704,4.492512479201332,8.328035600762874,27,131
250173826012,414,415,633,691,0.24154589371980675,9.162717219589258,1,58
250173826013,489,506,813,1011,3.476482617586912,24.354243542435423,17,198
250173826014,791,790,1250,1388,-0.12642225031605564,11.04,-1,138
250173826021,313,313,870,925,0,6.321839080459771,0,55
250173826022,648,867,1372,1632,33.7962962962963,18.950437317784257,219,260
250173826023,422,419,1093,1116,-0.7109004739336493,2.104300091491308,-3,23
250173826024,455,501,824,1097,10.10989010989011,33.13106796116505,46,273
250173831011,788,817,2610,2215,3.6802030456852792,-15.134099616858238,29,-395
250173831012,540,559,1607,1934,3.5185185185185186,20.34847542003734,19,327
250173831021,873,996,2156,2268,14.0893470790378,5.194805194805195,123,112
250173831022,961,976,2767,2744,1.5608740894901143,-0.8312251535959523,15,-23
250173832001,691,693,1870,1955,0.2894356005788712,4.545454545454546,2,85
250173832002,433,436,1137,1254,0.6928406466512702,10.29023746701847,3,117
250173832003,480,484,1208,1265,0.8333333333333334,4.718543046357616,4,57
250173832004,621,682,1831,2117,9.822866344605476,15.6198798470781,61,286
250173833001,686,898,1554,1761,30.903790087463555,13.320463320463322,212,207
250173833002,684,693,1488,1430,1.3157894736842104,-3.8978494623655915,9,-58
250173834011,569,678,1348,1597,19.15641476274165,18.47181008902077,109,249
250173834012,378,386,856,902,2.1164021164021163,5.373831775700935,8,46
250173834021,704,715,1692,1893,1.5625,11.879432624113475,11,201
250173834022,705,748,1644,1906,6.0992907801418434,15.936739659367397,43,262
250173835011,829,842,1884,1985,1.5681544028950543,5.360934182590234,13,101
250173835012,783,825,1290,1575,5.363984674329502,22.093023255813954,42,285
250173835013,482,488,1085,1114,1.2448132780082988,2.672811059907834,6,29
250173835021,458,513,1217,1181,12.008733624454148,-2.9580936729663105,55,-36
250173835022,229,232,523,544,1.3100436681222707,4.015296367112811,3,21
250173835023,388,301,2033,2207,-22.422680412371136,8.558780127889817,-87,174
250173836001,616,626,1542,1612,1.6233766233766231,4.539559014267185,10,70
250173836002,275,276,681,722,0.36363636363636365,6.020558002936858,1,41
250173836003,932,936,2107,2142,0.4291845493562232,1.6611295681063125,4,35
250173836004,686,701,1808,1865,2.186588921282799,3.1526548672566372,15,57
250173837001,383,387,963,980,1.0443864229765014,1.7653167185877467,4,17
250173837002,259,261,566,576,0.7722007722007722,1.76678445229682,2,10
250173837003,1075,1102,2616,2662,2.511627906976744,1.7584097859327217,27,46
250173837004,402,404,1068,1090,0.4975124378109453,2.0599250936329585,2,22
250173838001,475,857,1152,1984,80.42105263157895,72.22222222222221,382,832
250173838002,440,441,1049,1106,0.22727272727272727,5.4337464251668255,1,57
250173838003,336,337,832,910,0.2976190476190476,9.375,1,78
250173838004,618,616,1409,1397,-0.3236245954692557,-0.8516678495386799,-2,-12
250173838005,367,369,916,959,0.544959128065395,4.6943231441048034,2,43
250173839021,935,938,2631,2653,0.32085561497326204,0.8361839604713037,3,22
250173839022,525,529,1379,1342,0.7619047619047619,-2.6831036983321246,4,-37
250173839023,523,538,1344,1471,2.8680688336520075,9.449404761904761,15,127
250173839031,457,458,1257,1307,0.2188183807439825,3.977724741447892,1,50
250173839032,495,498,1347,1358,0.6060606060606061,0.8166295471417966,3,11
250173839041,298,300,871,853,0.6711409395973155,-2.066590126291619,2,-18
250173839042,311,311,825,798,0,-3.272727272727273,0,-27
250173839043,619,620,1394,1427,0.16155088852988692,2.3672883787661405,1,33
250173839044,879,1045,1934,2143,18.885096700796357,10.80661840744571,166,209
250173840031,3,18,3,40,500,1233.3333333333335,15,37
250173840032,814,312,1615,937,-61.67076167076168,-41.98142414860681,-502,-678
250173840033,1283,1770,2195,2782,37.95791114575214,26.74259681093394,487,587
250173840034,713,832,1702,1940,16.690042075736326,13.983548766157462,119,238
250173840041,526,589,1309,1459,11.977186311787072,11.459129106187929,63,150
250173851011,612,1169,1817,2869,91.01307189542483,57.89763346175014,557,1052
250173851021,557,561,1462,1522,0.718132854578097,4.1039671682626535,4,60
250173851022,582,587,1250,1387,0.859106529209622,10.96,5,137
250173851023,723,711,2188,2063,-1.6597510373443984,-5.712979890310786,-12,-125
250173852011,1084,1179,2568,2837,8.763837638376385,10.475077881619937,95,269
250173852031,595,598,1286,1326,0.5042016806722689,3.1104199066874028,3,40
250173852032,720,772,1672,1811,7.222222222222221,8.313397129186603,52,139
250173852033,714,720,1599,1660,0.8403361344537815,3.814884302689181,6,61
250173852041,1022,1198,2751,3357,17.22113502935421,22.02835332606325,176,606
250173861001,347,360,852,989,3.7463976945244957,16.079812206572768,13,137
250173861002,662,693,1900,1939,4.682779456193353,2.0526315789473686,31,39
250173861003,486,509,1366,1473,4.732510288065844,7.833089311859444,23,107
250173871001,327,402,836,991,22.93577981651376,18.54066985645933,75,155
250173871002,681,675,1954,1894,-0.881057268722467,-3.0706243602865912,-6,-60
250173871003,245,241,629,654,-1.6326530612244898,3.97456279809221,-4,25
250173871004,323,325,838,840,0.6191950464396285,0.23866348448687352,2,2
250173872011,349,351,784,797,0.5730659025787965,1.6581632653061225,2,13
250173872012,308,357,863,1015,15.909090909090908,17.61297798377752,49,152
250173872013,382,387,1041,1002,1.3089005235602094,-3.7463976945244957,5,-39
250173872014,863,861,2135,2240,-0.2317497103128621,4.918032786885246,-2,105
250173872015,239,401,641,1177,67.78242677824268,83.61934477379094,162,536
250173872021,410,429,1158,1198,4.634146341463414,3.454231433506045,19,40
250173872022,326,392,906,1112,20.245398773006134,22.737306843267106,66,206
250173872023,634,741,1762,2076,16.876971608832807,17.82065834279228,107,314
250173881001,1037,1069,2897,2917,3.085824493731919,0.6903693476009666,32,20
250173881002,468,720,1206,1589,53.84615384615385,31.75787728026534,252,383
250173881003,568,573,892,1000,0.8802816901408451,12.10762331838565,5,108
250173882001,533,551,1423,1400,3.377110694183865,-1.6163035839775124,18,-23
250173882002,798,905,3152,3264,13.408521303258144,3.5532994923857872,107,112
250173882003,442,468,1049,1169,5.88235294117647,11.43946615824595,26,120
250173882004,654,675,1587,1598,3.211009174311927,0.6931316950220542,21,11
250173883001,676,692,1282,1273,2.366863905325444,-0.702028081123245,16,-9
250173883002,850,768,1264,2445,-9.647058823529411,93.43354430379746,-82,1181
250173883003,403,402,2874,2687,-0.24813895781637718,-6.5066109951287405,-1,-187
250179800001,0,0,0,0,NA,NA,0,0
250199501001,1564,1613,881,1029,3.1329923273657285,16.79909194097616,49,148
250199501002,1572,1503,494,687,-4.3893129770992365,39.068825910931174,-69,193
250199502011,745,844,1330,1886,13.288590604026846,41.80451127819549,99,556
250199502012,873,949,1404,1797,8.705612829324169,27.99145299145299,76,393
250199502021,709,774,1435,1876,9.167842031029618,30.73170731707317,65,441
250199502022,634,702,706,1120,10.725552050473187,58.640226628895185,68,414
250199503071,1109,1129,342,524,1.8034265103697025,53.216374269005854,20,182
250199504001,963,1144,1416,2045,18.795430944963655,44.42090395480226,181,629
250199504002,670,736,999,1526,9.850746268656717,52.752752752752755,66,527
250199505001,1559,1648,641,1140,5.708787684413085,77.84711388455538,89,499
250199505002,1221,1127,522,625,-7.698607698607699,19.731800766283524,-94,103
250199900000,0,0,0,0,NA,NA,0,0
250214001001,613,652,1144,1248,6.36215334420881,9.090909090909092,39,104
250214001002,505,501,1033,1071,-0.7920792079207921,3.6786060019361084,-4,38
250214001003,426,426,662,777,0,17.371601208459214,0,115
250214001004,233,245,510,649,5.150214592274678,27.254901960784313,12,139
250214001005,734,833,1628,1803,13.487738419618529,10.74938574938575,99,175
250214002011,1544,1601,2834,3047,3.6917098445595853,7.515878616796049,57,213
250214002021,714,728,1644,1774,1.9607843137254901,7.907542579075426,14,130
250214002022,696,748,1653,1851,7.471264367816093,11.978221415607985,52,198
250214003001,384,424,936,1055,10.416666666666668,12.713675213675213,40,119
250214003002,710,721,1615,1571,1.5492957746478873,-2.7244582043343657,11,-44
250214003003,578,641,1559,1684,10.899653979238755,8.017960230917256,63,125
250214004011,1188,1257,2199,2414,5.808080808080808,9.777171441564347,69,215
250214004012,1024,912,1603,1476,-10.9375,-7.92264504054897,-112,-127
250214004021,361,518,937,1188,43.49030470914128,26.78762006403415,157,251
250214004022,296,332,711,857,12.162162162162163,20.534458509142052,36,146
250214005001,689,729,1483,1673,5.805515239477503,12.811867835468643,40,190
250214005002,542,598,1271,1463,10.33210332103321,15.106215578284814,56,192
250214005003,378,407,847,836,7.671957671957672,-1.2987012987012987,29,-11
250214005004,903,916,1572,1586,1.4396456256921373,0.8905852417302799,13,14
250214006001,671,734,1424,1588,9.38897168405365,11.51685393258427,63,164
250214006002,257,301,870,811,17.120622568093385,-6.781609195402299,44,-59
250214006003,676,721,1387,1477,6.656804733727811,6.4888248017303525,45,90
250214006004,614,646,1496,1616,5.211726384364821,8.0213903743315509,32,120
250214007001,551,580,1296,1443,5.263157894736842,11.342592592592593,29,147
250214007002,531,607,1341,1504,14.312617702448211,12.15510812826249,76,163
250214007003,359,397,958,1039,10.584958217270195,8.455114822546973,38,81
250214008001,796,843,1727,1973,5.9045226130653266,14.244354371742906,47,246
250214008002,482,519,1117,1163,7.676348547717843,4.118173679498657,37,46
250214008003,840,918,1766,1846,9.285714285714286,4.530011325028313,78,80
250214008004,518,529,1020,1095,2.1235521235521233,7.352941176470589,11,75
250214009001,996,1000,1668,1799,0.4016064257028112,7.853717026378897,4,131
250214009002,328,410,552,631,25,14.31159420289855,82,79
250214009003,694,757,1648,1924,9.077809798270893,16.74757281553398,63,276
250214010001,374,402,928,1057,7.4866310160427805,13.900862068965516,28,129
250214010002,271,291,666,775,7.380073800738007,16.366366366366368,20,109
250214010003,697,761,1555,1702,9.182209469153516,9.45337620578778,64,147
250214011001,742,781,1879,2045,5.256064690026954,8.83448642895157,39,166
250214011002,371,394,1075,1187,6.199460916442049,10.418604651162791,23,112
250214011003,517,539,1488,1595,4.25531914893617,7.190860215053764,22,107
250214012011,849,820,2161,2018,-3.415783274440518,-6.6173068024062935,-29,-143
250214012012,475,473,1308,1319,-0.42105263157894735,0.8409785932721712,-2,11
250214012013,301,301,705,788,0,11.77304964539007,0,83
250214012014,354,352,1008,1066,-0.5649717514124294,5.753968253968254,-2,58
250214012021,666,696,1849,1707,4.504504504504505,-7.679826933477556,30,-142
250214021011,271,285,648,636,5.166051660516605,-1.8518518518518516,14,-12
250214021012,560,558,1360,1327,-0.35714285714285715,-2.4264705882352944,-2,-33
250214021013,730,740,1629,1630,1.36986301369863,0.06138735420503376,10,1
250214021021,548,566,1215,1305,3.2846715328467155,7.4074074074074066,18,90
250214021022,359,357,747,791,-0.5571030640668524,5.8902275769745644,-2,44
250214021023,862,878,2101,2306,1.8561484918793503,9.757258448357925,16,205
250214022001,338,352,855,870,4.142011834319527,1.7543859649122806,14,15
250214022002,523,530,1314,1347,1.338432122370937,2.5114155251141552,7,33
250214023001,323,324,823,851,0.30959752321981426,3.402187120291616,1,28
250214023002,520,529,1437,1471,1.7307692307692308,2.3660403618649966,9,34
250214023003,805,814,2289,2196,1.1180124223602486,-4.062909567496723,9,-93
250214024001,419,490,828,1018,16.94510739856802,22.946859903381643,71,190
250214024002,263,272,752,766,3.4220532319391634,1.8617021276595744,9,14
250214024003,358,354,912,916,-1.1173184357541899,0.43859649122807015,-4,4
250214024004,974,963,2067,2075,-1.1293634496919918,0.3870343492985002,-11,8
250214024005,578,583,1491,1566,0.8650519031141869,5.030181086519115,5,75
250214025001,590,711,1233,1452,20.508474576271183,17.761557177615572,121,219
250214025002,479,490,1214,1209,2.2964509394572024,-0.41186161449752884,11,-5
250214025003,691,663,1817,1632,-4.052098408104197,-10.181618051733626,-28,-185
250214031001,250,251,765,836,0.4,9.281045751633988,1,71
250214031002,344,481,1025,1345,39.825581395348834,31.21951219512195,137,320
250214031003,243,270,725,847,11.11111111111111,16.82758620689655,27,122
250214031004,430,425,1055,1086,-1.1627906976744187,2.938388625592417,-5,31
250214031005,387,399,1178,1244,3.10077519379845,5.602716468590832,12,66
250214031006,292,293,889,994,0.3424657534246575,11.811023622047244,1,105
250214031007,416,417,1204,1247,0.2403846153846154,3.571428571428571,1,43
250214031008,0,0,0,0,NA,NA,0,0
250214033001,369,383,1041,1036,3.7940379403794036,-0.48030739673390976,14,-5
250214033002,408,416,1144,1280,1.9607843137254901,11.888111888111888,8,136
250214033003,678,690,2037,2115,1.7699115044247788,3.829160530191458,12,78
250214034001,975,946,2419,2604,-2.9743589743589745,7.647788342290203,-29,185
250214034002,468,464,1286,1349,-0.8547008547008548,4.89891135303266,-4,63
250214034003,256,259,716,772,1.171875,7.82122905027933,3,56
250214034004,669,666,1436,1452,-0.4484304932735426,1.1142061281337048,-3,16
250214034005,225,248,631,784,10.222222222222223,24.247226624405705,23,153
250214035011,559,717,1467,1858,28.264758497316638,26.65303340149966,158,391
250214035012,433,848,252,993,95.84295612009238,294.0476190476191,415,741
250214035021,558,588,1449,1593,5.376344086021505,9.937888198757763,30,144
250214035022,946,951,2516,2687,0.5285412262156448,6.796502384737679,5,171
250214041001,705,759,1945,2267,7.659574468085106,16.555269922879177,54,322
250214041002,425,427,1146,1209,0.4705882352941176,5.49738219895288,2,63
250214041003,312,311,935,980,-0.3205128205128205,4.81283422459893,-1,45
250214042011,351,347,1037,1054,-1.1396011396011396,1.639344262295082,-4,17
250214042012,336,337,989,1043,0.2976190476190476,5.460060667340748,1,54
250214042013,325,330,967,996,1.5384615384615385,2.998965873836608,5,29
250214042014,237,314,664,851,32.48945147679325,28.162650602409638,77,187
250214042021,585,583,1504,1555,-0.3418803418803419,3.3909574468085104,-2,51
250214042022,451,355,1022,944,-21.286031042128602,-7.632093933463796,-96,-78
250214042023,58,16,1534,1671,-72.41379310344827,8.930899608865712,-42,137
250214042024,295,264,927,870,-10.508474576271185,-6.148867313915858,-31,-57
250214043011,469,469,1406,1528,0,8.677098150782362,0,122
250214043012,294,292,874,884,-0.6802721088435374,1.1441647597254003,-2,10
250214043013,432,431,1295,1344,-0.23148148148148145,3.783783783783784,-1,49
250214043014,403,404,1117,1188,0.24813895781637718,6.356311548791406,1,71
250214043015,286,288,816,869,0.6993006993006993,6.495098039215687,2,53
250214043021,746,756,1845,1943,1.3404825737265416,5.311653116531166,10,98
250214043022,276,273,694,725,-1.0869565217391304,4.46685878962536,-3,31
250214043023,412,426,990,1157,3.3980582524271843,16.86868686868687,14,167
250214044001,496,499,1088,1111,0.6048387096774194,2.1139705882352944,3,23
250214044002,415,483,1235,1269,16.3855421686747,2.753036437246964,68,34
250214044003,239,240,688,762,0.41841004184100417,10.755813953488373,1,74
250214044004,6,17,2083,1967,183.33333333333331,-5.56889102256361,11,-116
250214044005,635,661,1182,1363,4.094488188976378,15.313028764805415,26,181
250214051001,750,777,2231,2360,3.5999999999999996,5.782160466158674,27,129
250214051002,305,325,834,909,6.557377049180328,8.992805755395683,20,75
250214051003,290,287,741,791,-1.0344827586206897,6.747638326585695,-3,50
250214051004,624,657,1783,1863,5.288461538461538,4.48681996634885,33,80
250214061011,1025,1050,2481,2695,2.4390243902439024,8.625554212011286,25,214
250214061012,520,534,1694,1799,2.6923076923076925,6.198347107438017,14,105
250214061013,461,562,1362,1587,21.908893709327547,16.519823788546255,101,225
250214061021,718,724,2040,2135,0.8356545961002786,4.6568627450980395,6,95
250214061022,471,532,1121,1277,12.951167728237792,13.91614629794826,61,156
250214061023,355,357,1138,1116,0.5633802816901409,-1.9332161687170473,2,-22
250214061024,687,691,2189,2190,0.5822416302765648,0.04568296025582458,4,1
250214071011,452,507,1224,1413,12.168141592920353,15.441176470588236,55,189
250214071012,702,779,1672,1742,10.968660968660968,4.186602870813397,77,70
250214071013,450,474,1207,1264,5.333333333333334,4.722452361226181,24,57
250214071021,839,836,1894,1867,-0.3575685339690107,-1.4255543822597676,-3,-27
250214071022,715,816,1894,2174,14.125874125874127,14.783526927138332,101,280
250214081021,469,486,1086,1138,3.624733475479744,4.788213627992634,17,52
250214081022,643,647,1777,1743,0.6220839813374806,-1.9133370849746762,4,-34
250214081023,421,425,984,1037,0.9501187648456058,5.386178861788618,4,53
250214081024,386,399,942,1014,3.3678756476683938,7.643312101910828,13,72
250214081031,279,310,878,965,11.11111111111111,9.90888382687927,31,87
250214081032,683,698,2193,2069,2.1961932650073206,-5.654354765161878,15,-124
250214081041,644,650,1580,1597,0.9316770186335404,1.0759493670886076,6,17
250214081042,353,444,986,1204,25.77903682719547,22.10953346855984,91,218
250214081043,734,767,2326,2348,4.4959128065395095,0.9458297506448838,33,22
250214091011,807,871,2329,2590,7.930607187112764,11.206526406182912,64,261
250214091012,330,349,923,942,5.757575757575758,2.058504875406284,19,19
250214091013,0,1,2241,1484,Inf,-33.779562695225344,1,-757
250214091014,292,339,723,869,16.095890410958905,20.193637621023512,47,146
250214091021,846,1058,2298,2715,25.059101654846334,18.14621409921671,212,417
250214091022,846,983,2712,3062,16.19385342789598,12.90560471976401,137,350
250214101001,468,505,986,1019,7.905982905982905,3.3468559837728193,37,33
250214101002,320,327,774,803,2.1875,3.7467700258397936,7,29
250214101003,670,673,1981,2031,0.44776119402985076,2.523977788995457,3,50
250214101004,17,21,35,40,23.52941176470588,14.285714285714285,4,5
250214101005,760,946,1433,2007,24.47368421052632,40.05582693649686,186,574
250214101006,332,337,933,913,1.5060240963855422,-2.1436227224008575,5,-20
250214103001,759,800,1969,2031,5.401844532279315,3.1488065007618085,41,62
250214103002,433,701,901,1373,61.89376443418014,52.38623751387348,268,472
250214103003,523,526,1553,1543,0.5736137667304015,-0.643915003219575,3,-10
250214104001,492,507,1381,1437,3.048780487804878,4.055032585083273,15,56
250214104002,495,514,1016,1025,3.8383838383838382,0.8858267716535433,19,9
250214104003,961,1096,1932,2280,14.04786680541103,18.012422360248447,135,348
250214104004,665,729,1971,2116,9.624060150375941,7.356671740233383,64,145
250214111011,581,882,1441,2067,51.80722891566265,43.44205412907703,301,626
250214111012,668,689,2003,2598,3.143712574850299,29.705441837244134,21,595
250214111021,542,553,1523,1574,2.029520295202952,3.34865397242285,11,51
250214111022,771,810,1686,1794,5.058365758754864,6.405693950177936,39,108
250214111023,526,526,1319,1302,0,-1.288855193328279,0,-17
250214112001,532,691,1431,1717,29.887218045112785,19.986023759608663,159,286
250214112002,996,1120,2662,2902,12.449799196787147,9.015777610818933,124,240
250214112003,563,641,1533,1861,13.854351687388988,21.395955642530986,78,328
250214112004,407,418,936,973,2.7027027027027026,3.9529914529914527,11,37
250214113011,987,1107,3088,3505,12.158054711246201,13.503886010362695,120,417
250214113012,534,431,1167,1246,-19.288389513108616,6.76949443016281,-103,79
250214113013,550,548,1280,1321,-0.36363636363636365,3.2031249999999996,-2,41
250214113021,0,0,482,0,NA,-100,0,-482
250214113022,594,827,1157,1206,39.225589225589225,4.235090751944685,233,49
250214113023,271,275,797,838,1.4760147601476015,5.144291091593475,4,41
250214113024,520,524,1573,1479,0.7692307692307693,-5.975842339478703,4,-94
250214121001,784,821,1825,1974,4.719387755102041,8.164383561643836,37,149
250214121002,366,369,1020,1076,0.819672131147541,5.490196078431373,3,56
250214121003,765,784,2314,2414,2.4836601307189543,4.32152117545376,19,100
250214121004,380,381,1162,1243,0.2631578947368421,6.970740103270224,1,81
250214122001,668,677,1641,1727,1.347305389221557,5.2407068860450945,9,86
250214122002,828,645,1936,2172,-22.10144927536232,12.190082644628099,-183,236
250214123001,367,820,1153,1856,123.43324250681198,60.97137901127494,453,703
250214123002,340,346,1016,1085,1.7647058823529411,6.791338582677166,6,69
250214123003,261,263,736,825,0.7662835249042145,12.092391304347826,2,89
250214123004,670,695,1807,1894,3.731343283582089,4.814609850581074,25,87
250214131001,3,1,3,15,-66.66666666666666,400,-2,12
250214131002,326,328,846,878,0.6134969325153374,3.7825059101654848,2,32
250214131003,437,442,1222,1301,1.1441647597254003,6.46481178396072,5,79
250214131004,504,530,1225,1194,5.158730158730158,-2.5306122448979593,26,-31
250214131005,0,0,0,0,NA,NA,0,0
250214131006,530,546,1399,1462,3.018867924528302,4.503216583273767,16,63
250214131007,611,913,1159,1644,49.42716857610475,41.84641932700604,302,485
250214132011,500,513,1183,1263,2.6,6.76246830092984,13,80
250214132012,597,670,1282,1419,12.227805695142377,10.686427457098285,73,137
250214132013,1053,1054,2072,2152,0.0949667616334283,3.861003861003861,1,80
250214132021,637,983,1542,2093,54.3171114599686,35.73281452658885,346,551
250214133001,1060,1128,2544,2716,6.415094339622642,6.761006289308176,68,172
250214133002,477,489,1215,1249,2.515723270440252,2.7983539094650207,12,34
250214133003,433,433,1195,1118,0,-6.443514644351464,0,-77
250214134011,508,544,900,940,7.086614173228346,4.444444444444445,36,40
250214134012,655,651,1357,1430,-0.6106870229007634,5.379513633014001,-4,73
250214134013,438,458,910,1184,4.5662100456621,30.10989010989011,20,274
250214134021,475,486,1288,1435,2.3157894736842106,11.41304347826087,11,147
250214134022,972,1023,2004,2231,5.246913580246913,11.327345309381236,51,227
250214134023,430,561,952,1235,30.465116279069765,29.72689075630252,131,283
250214135001,623,637,1552,1650,2.247191011235955,6.314432989690721,14,98
250214135002,559,587,1241,1413,5.008944543828265,13.859790491539082,28,172
250214135003,651,657,1511,1589,0.9216589861751152,5.162144275314361,6,78
250214141001,339,341,885,979,0.5899705014749262,10.621468926553671,2,94
250214141002,263,263,700,717,0,2.4285714285714284,0,17
250214141003,644,748,2069,2245,16.149068322981368,8.506524891251813,104,176
250214141004,735,618,1716,1547,-15.918367346938775,-9.848484848484848,-117,-169
250214141005,132,175,322,374,32.57575757575758,16.149068322981368,43,52
250214142001,275,266,830,911,-3.272727272727273,9.759036144578314,-9,81
250214142002,891,906,2738,2865,1.6835016835016834,4.638422205989774,15,127
250214142003,431,441,1229,1326,2.320185614849188,7.892595606183889,10,97
250214142004,798,807,2387,2447,1.1278195488721803,2.5136154168412235,9,60
250214143001,376,401,801,966,6.648936170212766,20.59925093632959,25,165
250214143002,488,486,1352,1411,-0.4098360655737705,4.363905325443787,-2,59
250214143003,403,410,1146,1209,1.7369727047146404,5.49738219895288,7,63
250214143004,680,719,1437,1578,5.735294117647059,9.812108559498958,39,141
250214151011,615,648,1691,1831,5.365853658536586,8.279124778237728,33,140
250214151012,512,518,1148,1107,1.171875,-3.571428571428571,6,-41
250214151013,584,627,1693,1836,7.363013698630137,8.446544595392794,43,143
250214151031,570,688,1109,1302,20.701754385964914,17.403065825067628,118,193
250214151032,978,1017,2311,2486,3.9877300613496933,7.572479446127217,39,175
250214151033,483,540,864,961,11.801242236024844,11.226851851851851,57,97
250214151041,765,769,1862,1940,0.522875816993464,4.189044038668099,4,78
250214151042,589,601,1319,1370,2.037351443123939,3.8665655799848366,12,51
250214152011,264,566,967,1407,114.3939393939394,45.501551189245085,302,440
250214152012,864,1066,2117,2613,23.37962962962963,23.429381199811054,202,496
250214152021,756,762,1738,1740,0.7936507936507936,0.11507479861910241,6,2
250214152022,414,669,1027,1523,61.59420289855072,48.296007789678676,255,496
250214153001,860,945,2471,2845,9.883720930232558,15.135572642654797,85,374
250214153002,507,514,1243,1409,1.3806706114398422,13.354786806114241,7,166
250214161011,732,737,1969,2162,0.6830601092896175,9.801929913661757,5,193
250214161012,678,608,1865,1965,-10.32448377581121,5.361930294906166,-70,100
250214161013,280,282,771,827,0.7142857142857143,7.263294422827498,2,56
250214161014,527,554,1166,1320,5.1233396584440225,13.20754716981132,27,154
250214161021,708,745,2879,3064,5.2259887005649714,6.425842306356373,37,185
250214161022,320,332,931,941,3.75,1.0741138560687433,12,10
250214162001,380,395,1081,1132,3.9473684210526314,4.717853839037928,15,51
250214162002,311,320,827,860,2.8938906752411575,3.990326481257558,9,33
250214162003,382,386,1020,1111,1.0471204188481675,8.92156862745098,4,91
250214162004,297,298,686,721,0.33670033670033667,5.1020408163265305,1,35
250214162005,298,296,832,824,-0.6711409395973155,-0.9615384615384616,-2,-8
250214162006,301,301,907,974,0,7.386990077177508,0,67
250214162007,442,451,1297,1291,2.0361990950226243,-0.4626060138781804,9,-6
250214163001,520,563,1414,1561,8.269230769230768,10.396039603960396,43,147
250214163002,309,319,803,890,3.2362459546925564,10.834371108343712,10,87
250214163003,298,305,862,862,2.348993288590604,0,7,0
250214163004,316,313,843,905,-0.949367088607595,7.354685646500593,-3,62
250214163005,366,393,780,787,7.377049180327869,0.8974358974358974,27,7
250214164001,281,283,797,887,0.7117437722419928,11.292346298619824,2,90
250214164002,348,346,1028,1071,-0.5747126436781609,4.182879377431906,-2,43
250214164003,357,359,978,1007,0.5602240896358543,2.965235173824131,2,29
250214164004,303,303,831,890,0,7.099879663056559,0,59
250214164005,311,311,813,815,0,0.24600246002460024,0,2
250214164006,386,395,1002,1122,2.33160621761658,11.976047904191617,9,120
250214164007,261,258,653,662,-1.1494252873563218,1.3782542113323124,-3,9
250214171001,299,304,770,776,1.6722408026755853,0.7792207792207793,5,6
250214171002,364,360,793,860,-1.098901098901099,8.448928121059268,-4,67
250214171003,325,328,858,957,0.9230769230769231,11.538461538461538,3,99
250214171004,385,386,1015,1046,0.2597402597402597,3.054187192118227,1,31
250214171005,321,326,804,830,1.557632398753894,3.233830845771144,5,26
250214171006,621,641,1512,1541,3.22061191626409,1.917989417989418,20,29
250214172011,294,448,725,1002,52.38095238095239,38.20689655172414,154,277
250214172012,245,245,676,655,0,-3.106508875739645,0,-21
250214172013,814,867,1921,1991,6.511056511056511,3.643935450286309,53,70
250214172014,442,428,822,808,-3.167420814479638,-1.70316301703163,-14,-14
250214172021,302,302,961,891,0,-7.284079084287201,0,-70
250214172022,363,361,993,944,-0.5509641873278237,-4.934541792547835,-2,-49
250214172023,390,392,1029,1069,0.5128205128205128,3.8872691933916426,2,40
250214172024,474,472,1046,1155,-0.42194092827004215,10.420650095602294,-2,109
250214173001,1810,2357,2682,3660,30.220994475138124,36.46532438478747,547,978
250214174001,485,491,1125,1209,1.2371134020618557,7.466666666666668,6,84
250214174002,364,364,817,808,0,-1.101591187270502,0,-9
250214174003,265,271,624,639,2.2641509433962264,2.403846153846154,6,15
250214175011,340,345,793,797,1.4705882352941175,0.5044136191677175,5,4
250214175012,548,555,1357,1424,1.2773722627737227,4.937361827560796,7,67
250214175013,674,685,1392,1502,1.6320474777448073,7.902298850574713,11,110
250214175014,519,521,1462,1568,0.3853564547206166,7.250341997264022,2,106
250214175021,523,514,1064,1106,-1.7208413001912046,3.9473684210526314,-9,42
250214175022,432,437,1121,1059,1.1574074074074074,-5.530776092774309,5,-62
250214175023,337,347,887,917,2.967359050445104,3.3821871476888385,10,30
250214175024,723,744,1567,1634,2.904564315352697,4.2756860242501595,21,67
250214176011,343,345,763,773,0.5830903790087464,1.310615989515072,2,10
250214176012,556,565,1849,1884,1.618705035971223,1.8929150892374256,9,35
250214176013,558,533,1238,1232,-4.480286738351254,-0.48465266558966075,-25,-6
250214176014,644,636,1345,1360,-1.2422360248447204,1.1152416356877324,-8,15
250214176021,585,588,1328,1358,0.5128205128205128,2.2590361445783134,3,30
250214176022,694,704,1673,1884,1.440922190201729,12.61207411835027,10,211
250214176023,1101,1111,2154,2160,0.9082652134423252,0.2785515320334262,10,6
250214177021,277,278,720,734,0.36101083032490977,1.9444444444444444,1,14
250214177022,438,445,1050,1054,1.5981735159817352,0.38095238095238093,7,4
250214177023,394,395,995,1038,0.25380710659898476,4.321608040201005,1,43
250214177031,434,580,869,730,33.6405529953917,-15.995397008055237,146,-139
250214177032,435,444,847,954,2.0689655172413794,12.632821723730814,9,107
250214177033,340,849,545,1320,149.7058823529412,142.2018348623853,509,775
250214177041,887,1060,1556,1931,19.503945885005635,24.10025706940874,173,375
250214177042,835,862,1541,1758,3.2335329341317367,14.081765087605453,27,217
250214178011,478,496,1089,1069,3.765690376569038,-1.8365472910927456,18,-20
250214178012,356,366,842,854,2.8089887640449436,1.4251781472684086,10,12
250214178013,497,506,1228,1292,1.8108651911468814,5.211726384364821,9,64
250214178014,293,301,708,718,2.7303754266211606,1.4124293785310735,8,10
250214178015,752,763,1576,1585,1.4627659574468086,0.5710659898477157,11,9
250214178021,659,668,1707,1727,1.3657056145675266,1.1716461628588166,9,20
250214178022,658,663,1443,1490,0.7598784194528876,3.2571032571032568,5,47
250214179011,764,1155,1489,2217,51.178010471204196,48.89187374076561,391,728
250214179012,1099,1045,1782,1738,-4.9135577797998184,-2.4691358024691357,-54,-44
250214179013,408,409,746,748,0.24509803921568626,0.2680965147453083,1,2
250214179014,385,422,841,1147,9.61038961038961,36.385255648038054,37,306
250214179015,323,1127,544,1579,248.91640866873064,190.25735294117646,804,1035
250214179016,351,363,645,698,3.418803418803419,8.217054263565892,12,53
250214179021,530,562,1299,1344,6.037735849056604,3.4642032332563506,32,45
250214179022,630,632,1315,1432,0.31746031746031744,8.897338403041825,2,117
250214179023,404,424,928,1010,4.9504950495049505,8.836206896551724,20,82
250214180021,901,930,1848,2026,3.218645948945616,9.632034632034632,29,178
250214180022,326,320,811,761,-1.8404907975460123,-6.165228113440198,-6,-50
250214180023,474,498,964,1150,5.063291139240507,19.294605809128633,24,186
250214180024,1619,1647,3397,3507,1.7294626312538603,3.238151309979394,28,110
250214180031,487,620,855,1239,27.31006160164271,44.91228070175438,133,384
250214180032,293,758,583,1209,158.70307167235495,107.37564322469983,465,626
250214180041,682,744,1388,1597,9.090909090909092,15.05763688760807,62,209
250214180042,382,561,925,1277,46.8586387434555,38.054054054054056,179,352
250214180043,923,985,1967,2169,6.717226435536294,10.269445856634468,62,202
250214181011,619,660,1471,1619,6.623586429725363,10.061182868796736,41,148
250214181012,439,447,791,832,1.8223234624145785,5.183312262958281,8,41
250214181013,845,775,1438,1423,-8.284023668639055,-1.043115438108484,-70,-15
250214181014,599,666,1196,1247,11.185308848080133,4.264214046822742,67,51
250214181021,420,422,959,1025,0.4761904761904762,6.882168925964546,2,66
250214181022,733,709,1471,1471,-3.2742155525238745,0,-24,0
250214181023,523,543,947,1054,3.824091778202677,11.298838437170012,20,107
250214182011,899,948,1754,2006,5.450500556173527,14.367160775370582,49,252
250214182012,949,987,1816,1995,4.004214963119073,9.8568281938326,38,179
250214182013,946,991,2185,2334,4.7568710359408035,6.8192219679633865,45,149
250214191001,571,588,1492,1657,2.9772329246935203,11.058981233243967,17,165
250214191002,4,20,7,26,400,271.42857142857144,16,19
250214191003,278,281,703,705,1.079136690647482,0.2844950213371266,3,2
250214191004,603,622,1515,1704,3.150912106135987,12.475247524752476,19,189
250214191005,790,803,1974,2237,1.6455696202531647,13.323201621073963,13,263
250214192001,866,879,2286,2244,1.5011547344110854,-1.837270341207349,13,-42
250214192002,389,426,777,888,9.511568123393316,14.285714285714285,37,111
250214192003,375,378,1223,1261,0.8,3.107113654946852,3,38
250214192004,284,304,716,784,7.042253521126761,9.497206703910614,20,68
250214193001,516,527,1249,1289,2.131782945736434,3.2025620496397114,11,40
250214193002,263,270,726,770,2.6615969581749046,6.0606060606060606,7,44
250214193003,360,359,737,731,-0.2777777777777778,-0.8141112618724559,-1,-6
250214193004,419,424,1151,1210,1.1933174224343674,5.125977410947002,5,59
250214194001,319,317,846,799,-0.6269592476489028,-5.555555555555555,-2,-47
250214194002,393,393,1021,1064,0,4.211557296767874,0,43
250214194003,576,578,1299,1348,0.3472222222222222,3.7721324095458044,2,49
250214195001,290,452,932,1180,55.86206896551724,26.609442060085836,162,248
250214195002,792,826,2145,2301,4.292929292929292,7.2727272727272725,34,156
250214196011,792,824,1340,1600,4.040404040404041,19.402985074626866,32,260
250214196021,446,460,1068,1233,3.1390134529147984,15.44943820224719,14,165
250214196022,768,773,2104,2336,0.6510416666666667,11.02661596958175,5,232
250214196023,922,932,2220,2344,1.0845986984815619,5.585585585585585,10,124
250214197001,494,812,1374,2025,64.37246963562752,47.379912663755455,318,651
250214197002,995,1007,2481,2691,1.2060301507537687,8.464328899637243,12,210
250214198001,726,680,1643,1787,-6.336088154269973,8.764455264759587,-46,144
250214198002,467,505,1183,1305,8.137044967880087,10.312764158918004,38,122
250214198003,604,637,1532,1624,5.4635761589403975,6.005221932114883,33,92
250214201011,310,316,946,973,1.935483870967742,2.854122621564482,6,27
250214201012,918,914,2464,2586,-0.4357298474945534,4.951298701298701,-4,122
250214201013,377,417,1022,1139,10.610079575596817,11.448140900195694,40,117
250214201021,651,894,1855,2517,37.327188940092164,35.687331536388136,243,662
250214201022,639,636,1517,1605,-0.4694835680751174,5.800922874093606,-3,88
250214202011,295,309,877,863,4.745762711864407,-1.596351197263398,14,-14
250214202012,924,939,2628,2713,1.6233766233766231,3.2343987823439875,15,85
250214202021,648,652,1747,1852,0.6172839506172839,6.010303377218088,4,105
250214202022,832,1104,2174,2565,32.69230769230769,17.985280588776448,272,391
250214202023,554,732,1286,1785,32.12996389891697,38.802488335925354,178,499
250214202024,0,0,0,0,NA,NA,0,0
250214202025,396,407,1096,1202,2.7777777777777777,9.67153284671533,11,106
250214203011,356,358,901,928,0.5617977528089888,2.9966703662597114,2,27
250214203012,546,566,1490,1724,3.6630036630036633,15.704697986577182,20,234
250214203013,1084,1123,2575,2791,3.5977859778597785,8.388349514563107,39,216
250214203014,595,622,1831,1852,4.53781512605042,1.1469142545057347,27,21
250214203021,548,554,1679,1637,1.094890510948905,-2.501488981536629,6,-42
250214203022,385,396,1017,1116,2.857142857142857,9.734513274336283,11,99
250214203023,363,372,1075,1082,2.479338842975207,0.6511627906976745,9,7
250214203024,805,805,2382,2399,0,0.7136859781696054,0,17
250214203025,782,785,1552,1655,0.3836317135549872,6.63659793814433,3,103
250214211001,736,771,1635,1720,4.755434782608696,5.198776758409786,35,85
250214211002,259,264,670,746,1.9305019305019304,11.343283582089553,5,76
250214211003,463,468,1172,1159,1.079913606911447,-1.1092150170648465,5,-13
250214211004,645,655,1643,1785,1.550387596899225,8.642726719415702,10,142
250214212001,420,437,999,1096,4.0476190476190474,9.70970970970971,17,97
250214212002,440,443,1159,1200,0.6818181818181818,3.537532355478861,3,41
250214212003,464,490,1232,1340,5.603448275862069,8.766233766233766,26,108
250214212004,520,542,1457,1495,4.230769230769231,2.608098833218943,22,38
250214212005,327,344,824,864,5.198776758409786,4.854368932038835,17,40
250214221001,400,415,1110,1158,3.75,4.324324324324325,15,48
250214221002,514,519,1279,1315,0.9727626459143969,2.8146989835809224,5,36
250214221003,668,685,1919,1853,2.5449101796407185,-3.4392912975508074,17,-66
250214221004,441,439,985,1028,-0.45351473922902497,4.365482233502538,-2,43
250214222011,39,750,4,1293,1823.076923076923,32225,711,1289
250214222012,16,596,19,984,3625,5078.9473684210525,580,965
250214222021,414,414,1078,1158,0,7.421150278293136,0,80
250214222022,333,312,886,800,-6.306306306306306,-9.706546275395034,-21,-86
250214222023,1115,1117,1866,1978,0.17937219730941703,6.002143622722401,2,112
250214222024,676,689,1545,1624,1.9230769230769231,5.11326860841424,13,79
250214222025,512,548,1417,1401,7.03125,-1.1291460832745237,36,-16
250214223011,461,449,1226,1206,-2.6030368763557483,-1.631321370309951,-12,-20
250214223012,767,821,2093,2226,7.040417209908735,6.354515050167224,54,133
250214223031,604,822,936,1319,36.092715231788084,40.91880341880342,218,383
250214223032,1052,1096,1763,1926,4.182509505703422,9.245604083947816,44,163
250214223033,693,694,1720,1762,0.1443001443001443,2.441860465116279,1,42
250214223041,361,361,881,928,0,5.334846765039727,0,47
250214223042,466,464,1290,1239,-0.4291845493562232,-3.953488372093023,-2,-51
250214224011,305,310,552,627,1.639344262295082,13.586956521739129,5,75
250214224012,558,570,1133,976,2.1505376344086025,-13.857016769638127,12,-157
250214224013,822,850,1827,1970,3.40632603406326,7.827038861521621,28,143
250214224021,658,665,1647,1664,1.0638297872340425,1.0321797207043109,7,17
250214224022,497,517,1006,979,4.0241448692152915,-2.68389662027833,20,-27
250214224023,532,594,1276,1246,11.654135338345863,-2.3510971786833856,62,-30
250214225011,603,609,1207,1251,0.9950248756218906,3.645401822700911,6,44
250214225012,964,976,2105,2061,1.2448132780082988,-2.0902612826603324,12,-44
250214225013,265,268,698,738,1.1320754716981132,5.730659025787966,3,40
250214225014,329,331,748,797,0.60790273556231,6.550802139037433,2,49
250214225021,459,473,1078,1146,3.0501089324618738,6.307977736549166,14,68
250214225022,609,640,1145,1353,5.0903119868637114,18.16593886462882,31,208
250214225023,798,837,1723,1879,4.887218045112782,9.053975623911782,39,156
250214225024,516,516,1220,1212,0,-0.6557377049180327,0,-8
250214226001,363,360,921,873,-0.8264462809917356,-5.211726384364821,-3,-48
250214226002,364,366,895,893,0.5494505494505495,-0.22346368715083798,2,-2
250214226003,479,485,1324,1377,1.2526096033402923,4.003021148036254,6,53
250214226004,412,411,1104,1121,-0.24271844660194172,1.5398550724637683,-1,17
250214226005,367,370,967,982,0.8174386920980926,1.5511892450879008,3,15
250214226006,586,589,1461,1533,0.5119453924914675,4.9281314168377826,3,72
250214227001,618,614,1507,1472,-0.6472491909385114,-2.3224950232249504,-4,-35
250214227002,374,376,931,934,0.53475935828877,0.322234156820623,2,3
250214227003,350,348,790,760,-0.5714285714285714,-3.79746835443038,-2,-30
250214227004,249,251,614,638,0.8032128514056224,3.908794788273615,2,24
250214228001,836,859,1451,1391,2.751196172248804,-4.135079255685734,23,-60
250214228002,374,377,888,853,0.8021390374331552,-3.9414414414414414,3,-35
250214228003,341,343,769,794,0.5865102639296188,3.2509752925877766,2,25
250214228004,321,323,744,719,0.6230529595015576,-3.3602150537634405,2,-25
250214231011,550,558,1313,1292,1.4545454545454546,-1.5993907083015995,8,-21
250214231012,580,636,1459,1727,9.655172413793103,18.368745716244003,56,268
250214231013,278,312,672,830,12.23021582733813,23.511904761904763,34,158
250214231021,693,720,1806,1874,3.896103896103896,3.7652270210409746,27,68
250214231022,417,626,1039,1327,50.11990407673861,27.718960538979786,209,288
250214231023,460,489,1251,1331,6.304347826086956,6.394884092725819,29,80
250214401011,564,1028,1004,1720,82.26950354609929,71.31474103585657,464,716
250214401012,929,1130,2286,2561,21.63616792249731,12.029746281714786,201,275
250214401013,855,999,1884,2327,16.842105263157894,23.51380042462845,144,443
250214401021,646,724,1870,2137,12.074303405572756,14.278074866310162,78,267
250214401022,488,513,1220,1200,5.122950819672131,-1.639344262295082,25,-20
250214412021,878,980,2724,3021,11.617312072892938,10.90308370044053,102,297
250214412031,978,1027,2552,2622,5.010224948875256,2.74294670846395,49,70
250214412032,433,781,1178,1490,80.36951501154735,26.485568760611205,348,312
250214412041,642,863,2101,2626,34.42367601246106,24.98810090433127,221,525
250214412042,936,969,2398,2419,3.5256410256410255,0.8757297748123436,33,21
250214421011,311,388,972,1072,24.758842443729904,10.2880658436214,77,100
250214421012,706,766,2114,2128,8.498583569405099,0.6622516556291391,60,14
250214421013,355,371,1524,1664,4.507042253521127,9.186351706036746,16,140
250214421014,431,445,962,933,3.248259860788863,-3.0145530145530146,14,-29
250214421031,762,772,2557,2494,1.3123359580052494,-2.4638247946812672,10,-63
250214421032,494,503,1390,1403,1.8218623481781375,0.935251798561151,9,13
250214421033,215,250,659,705,16.27906976744186,6.980273141122914,35,46
250214421034,707,766,2339,2407,8.345120226308344,2.907225309961522,59,68
250214421041,825,832,1764,1764,0.8484848484848486,0,7,0
250214421042,820,833,2663,2575,1.5853658536585367,-3.304543747653023,13,-88
250214421043,361,456,1126,1226,26.31578947368421,8.880994671403197,95,100
250214421051,643,865,1518,1894,34.52566096423017,24.769433465085637,222,376
250214422011,726,761,1761,1922,4.820936639118457,9.142532651902329,35,161
250214422012,730,831,2405,2440,13.835616438356164,1.4553014553014554,101,35
250214422031,552,631,1478,1666,14.31159420289855,12.719891745602165,79,188
250214422032,862,1127,2036,2583,30.74245939675174,26.8664047151277,265,547
250214422041,770,781,1467,1378,1.4285714285714286,-6.0668029993183366,11,-89
250214422042,460,475,1193,1201,3.260869565217391,0.6705783738474435,15,8
250214422043,664,698,1706,1806,5.120481927710843,5.861664712778429,34,100
250214431031,526,525,1338,1381,-0.19011406844106463,3.2137518684603883,-1,43
250214431032,421,420,997,1023,-0.23752969121140144,2.6078234704112337,-1,26
250214431033,736,811,1910,2158,10.190217391304348,12.984293193717278,75,248
250214431041,817,956,1979,2286,17.01346389228886,15.51288529560384,139,307
250214431042,537,553,1486,1434,2.97951582867784,-3.4993270524899054,16,-52
250214431043,314,324,978,1043,3.1847133757961785,6.646216768916155,10,65
250214431051,818,900,2021,2080,10.024449877750612,2.9193468579910937,82,59
250214431061,651,706,1767,1874,8.448540706605224,6.055461233729485,55,107
250214431062,899,911,2076,1959,1.3348164627363739,-5.635838150289017,12,-117
250214431063,645,643,1774,1707,-0.31007751937984496,-3.7767756482525368,-2,-67
250214561011,720,767,2086,2299,6.527777777777779,10.210930009587727,47,213
250214561012,552,634,1690,1816,14.855072463768115,7.455621301775148,82,126
250214561021,781,837,1679,1837,7.170294494238156,9.410363311494937,56,158
250214561022,821,799,2207,2226,-2.679658952496955,0.8608971454463071,-22,19
250214561023,458,458,1059,1081,0,2.0774315391879132,0,22
250214562001,469,719,1126,1654,53.304904051172706,46.89165186500888,250,528
250214562002,697,861,2020,2386,23.52941176470588,18.11881188118812,164,366
250214563011,451,513,924,1219,13.747228381374724,31.926406926406926,62,295
250214563012,326,333,801,798,2.147239263803681,-0.37453183520599254,7,-3
250214563021,1218,1237,2004,2097,1.5599343185550083,4.640718562874251,19,93
250214563022,473,474,1153,1196,0.21141649048625794,3.7294015611448397,1,43
250214563023,308,311,813,740,0.974025974025974,-8.979089790897909,3,-73
250214563024,523,730,1030,1504,39.5793499043977,46.019417475728154,207,474
250214564011,445,448,1101,1112,0.6741573033707865,0.9990917347865577,3,11
250214564012,636,654,1692,1774,2.8301886792452833,4.846335697399527,18,82
250214564021,312,320,981,930,2.564102564102564,-5.198776758409786,8,-51
250214564022,465,483,1331,1382,3.870967741935484,3.831705484598046,18,51
250214564023,802,832,2386,2383,3.7406483790523692,-0.12573344509639564,30,-3
250214564024,332,329,878,847,-0.9036144578313252,-3.530751708428246,-3,-31
250214571001,361,393,967,1055,8.86426592797784,9.100310237849017,32,88
250214571002,444,464,1136,1267,4.504504504504505,11.53169014084507,20,131
250214571003,452,453,1116,1258,0.22123893805309736,12.724014336917563,1,142
250214571004,512,523,1137,1197,2.1484375,5.277044854881266,11,60
250214572001,415,362,1021,942,-12.771084337349398,-7.737512242899118,-53,-79
250214572002,334,337,945,1050,0.8982035928143712,11.11111111111111,3,105
250214572003,752,765,1595,1807,1.7287234042553192,13.291536050156742,13,212
250214572004,470,470,1382,1428,0,3.3285094066570187,0,46
250214572005,245,245,708,742,0,4.80225988700565,0,34
250219800001,0,1,0,8,Inf,Inf,1,8
250235001011,836,859,1502,1501,2.751196172248804,-0.06657789613848203,23,-1
250235001012,452,463,819,775,2.433628318584071,-5.372405372405373,11,-44
250235001013,726,738,1381,1341,1.6528925619834711,-2.896451846488052,12,-40
250235001031,847,851,1274,1343,0.47225501770956313,5.416012558869702,4,69
250235001032,586,586,935,888,0,-5.026737967914439,0,-47
250235001041,626,626,1207,1170,0,-3.065451532725766,0,-37
250235001042,488,499,919,929,2.2540983606557377,1.088139281828074,11,10
250235001043,470,482,792,775,2.553191489361702,-2.146464646464646,12,-17
250235001044,731,752,1464,1350,2.8727770177838576,-7.786885245901639,21,-114
250235011011,484,494,1218,1293,2.066115702479339,6.157635467980295,10,75
250235011012,491,499,1317,1415,1.6293279022403258,7.4411541381928625,8,98
250235011013,327,332,767,808,1.529051987767584,5.345501955671447,5,41
250235011021,365,363,1040,1039,-0.547945205479452,-0.09615384615384616,-2,-1
250235011022,875,947,2228,2416,8.228571428571428,8.43806104129264,72,188
250235011023,738,738,1974,2095,0,6.12968591691996,0,121
250235011024,1290,1898,2814,3635,47.13178294573643,29.17555081734186,608,821
250235012011,450,459,1262,1365,2,8.161648177496037,9,103
250235012012,862,877,2403,2516,1.740139211136891,4.702455264253017,15,113
250235012031,343,336,1031,1057,-2.0408163265306123,2.521823472356935,-7,26
250235012032,510,511,1557,1622,0.19607843137254902,4.174694926140013,1,65
250235012041,991,1097,2849,3044,10.696266397578205,6.844506844506844,106,195
250235012042,240,263,604,665,9.583333333333334,10.099337748344372,23,61
250235012043,989,1116,1089,1314,12.841253791708795,20.66115702479339,127,225
250235021011,620,686,1689,1816,10.64516129032258,7.519242155121374,66,127
250235021012,642,643,1501,1450,0.1557632398753894,-3.397734843437708,1,-51
250235021013,469,465,1361,1313,-0.8528784648187633,-3.526818515797208,-4,-48
250235021014,705,710,1500,1617,0.7092198581560284,7.8,5,117
250235021021,658,661,1713,1693,0.4559270516717325,-1.1675423234092235,3,-20
250235021022,676,727,1905,2065,7.544378698224852,8.398950131233596,51,160
250235021023,820,825,1982,1886,0.6097560975609756,-4.843592330978809,5,-96
250235022001,505,504,1252,1230,-0.19801980198019803,-1.7571884984025559,-1,-22
250235022002,576,629,1501,1575,9.20138888888889,4.930046635576282,53,74
250235022003,964,997,2054,2078,3.423236514522822,1.1684518013631937,33,24
250235022004,416,416,1031,1080,0,4.75266731328807,0,49
250235031011,734,826,2030,2218,12.534059945504087,9.261083743842365,92,188
250235031012,594,591,1722,1711,-0.5050505050505051,-0.6387921022067364,-3,-11
250235031013,521,524,1687,1686,0.5758157389635317,-0.05927682276229994,3,-1
250235031014,563,582,1737,1790,3.374777975133215,3.051237766263673,19,53
250235031021,408,513,1227,1405,25.735294117647058,14.506927465362674,105,178
250235031022,538,559,1555,1624,3.903345724907063,4.437299035369775,21,69
250235031023,286,301,817,936,5.244755244755245,14.56548347613219,15,119
250235031024,478,528,1035,1142,10.460251046025103,10.33816425120773,50,107
250235031025,730,844,2069,2321,15.616438356164384,12.179797003383278,114,252
250235041011,809,839,2416,2538,3.7082818294190356,5.049668874172186,30,122
250235041012,662,597,1658,1650,-9.818731117824774,-0.48250904704463204,-65,-8
250235041013,424,457,1296,1430,7.783018867924528,10.339506172839506,33,134
250235041021,515,536,1528,1605,4.077669902912621,5.039267015706806,21,77
250235041022,343,349,965,1031,1.749271137026239,6.839378238341968,6,66
250235041023,542,631,1552,1949,16.420664206642066,25.579896907216494,89,397
250235041024,380,396,1091,1148,4.2105263157894735,5.224564619615032,16,57
250235051021,441,453,1208,1268,2.7210884353741496,4.966887417218543,12,60
250235051022,646,664,1551,1733,2.786377708978328,11.734364925854287,18,182
250235051023,473,536,1380,1467,13.31923890063425,6.304347826086956,63,87
250235051024,280,291,852,849,3.9285714285714284,-0.35211267605633806,11,-3
250235051031,729,745,1338,1427,2.194787379972565,6.651718983557549,16,89
250235051032,481,485,1177,1209,0.8316008316008316,2.7187765505522514,4,32
250235051041,395,405,1143,1204,2.5316455696202533,5.336832895888014,10,61
250235051042,489,493,1092,1060,0.81799591002045,-2.93040293040293,4,-32
250235051043,839,852,1720,1763,1.5494636471990464,2.5,13,43
250235052011,616,562,477,502,-8.766233766233766,5.2410901467505235,-54,25
250235052012,785,798,2016,2061,1.6560509554140128,2.232142857142857,13,45
250235052021,274,316,734,809,15.328467153284672,10.217983651226158,42,75
250235052022,925,978,2205,2356,5.72972972972973,6.848072562358276,53,151
250235052023,663,682,1242,1355,2.865761689291101,9.098228663446054,19,113
250235061021,326,355,897,975,8.895705521472392,8.695652173913043,29,78
250235061022,422,438,1256,1255,3.7914691943127963,-0.07961783439490447,16,-1
250235061023,524,523,1447,1476,-0.19083969465648853,2.0041465100207327,-1,29
250235061024,251,251,654,646,0,-1.2232415902140672,0,-8
250235061025,105,462,316,633,340,100.31645569620254,357,317
250235061026,640,641,1328,1339,0.15625,0.8283132530120483,1,11
250235061031,434,461,1043,1117,6.221198156682028,7.094918504314478,27,74
250235061032,612,620,1537,1666,1.3071895424836601,8.392973324658426,8,129
250235061041,578,602,1459,1516,4.1522491349480966,3.906785469499657,24,57
250235061042,937,984,2491,2632,5.016008537886873,5.660377358490567,47,141
250235062021,960,1065,2513,2570,10.9375,2.2682053322721845,105,57
250235062031,904,909,2036,2091,0.5530973451327433,2.701375245579568,5,55
250235062032,481,488,1385,1369,1.4553014553014554,-1.1552346570397112,7,-16
250235062033,886,887,1799,1796,0.1128668171557562,-0.16675931072818231,1,-3
250235062051,566,564,1337,1229,-0.35335689045936397,-8.077786088257293,-2,-108
250235062052,554,571,663,629,3.068592057761733,-5.128205128205128,17,-34
250235062061,380,273,462,385,-28.157894736842103,-16.666666666666664,-107,-77
250235062062,722,827,1184,1322,14.542936288088642,11.655405405405405,105,138
250235062063,658,654,1324,1179,-0.60790273556231,-10.95166163141994,-4,-145
250235071011,805,854,2284,2402,6.086956521739131,5.166374781085814,49,118
250235071012,565,571,1383,1393,1.0619469026548671,0.7230657989877078,6,10
250235071013,568,604,1647,1794,6.338028169014084,8.925318761384334,36,147
250235071031,489,487,1241,1230,-0.408997955010225,-0.8863819500402902,-2,-11
250235071032,393,410,1121,1152,4.325699745547073,2.7653880463871543,17,31
250235071033,422,423,991,1071,0.23696682464454977,8.072653884964682,1,80
250235071034,460,462,998,1081,0.43478260869565216,8.316633266533065,2,83
250235071041,778,801,2285,2400,2.956298200514139,5.032822757111598,23,115
250235071042,512,507,990,1032,-0.9765625,4.242424242424243,-5,42
250235071043,524,789,1143,1529,50.57251908396947,33.77077865266841,265,386
250235071044,357,366,970,1006,2.5210084033613445,3.711340206185567,9,36
250235081011,634,650,1729,1743,2.5236593059936907,0.8097165991902834,16,14
250235081012,325,382,954,1078,17.53846153846154,12.997903563941298,57,124
250235081013,336,382,825,862,13.690476190476192,4.484848484848484,46,37
250235081014,784,833,2213,2280,6.25,3.027564392227745,49,67
250235081015,398,540,987,1115,35.678391959798994,12.968591691995949,142,128
250235081021,707,720,1921,1896,1.8387553041018387,-1.3014055179593962,13,-25
250235081022,801,810,2058,2004,1.1235955056179776,-2.623906705539359,9,-54
250235081023,477,469,1119,1078,-1.6771488469601679,-3.6639857015192137,-8,-41
250235082001,436,455,1381,1386,4.3577981651376145,0.3620564808110065,19,5
250235082002,1006,1057,2705,2754,5.069582504970179,1.8114602587800372,51,49
250235082003,651,709,1954,2165,8.90937019969278,10.798362333674513,58,211
250235091011,636,725,1776,2105,13.9937106918239,18.524774774774773,89,329
250235091012,509,513,1518,1472,0.7858546168958742,-3.0303030303030303,4,-46
250235091013,525,525,1304,1355,0,3.9110429447852764,0,51
250235091014,795,962,2349,2652,21.0062893081761,12.899106002554278,167,303
250235091021,743,761,1640,1755,2.4226110363391657,7.01219512195122,18,115
250235091022,371,440,975,1211,18.598382749326145,24.205128205128204,69,236
250235091023,280,291,695,681,3.9285714285714284,-2.014388489208633,11,-14
250235091024,807,806,1630,1723,-0.12391573729863693,5.705521472392638,-1,93
250235091025,344,341,740,754,-0.872093023255814,1.891891891891892,-3,14
250235101001,545,529,1460,1513,-2.9357798165137616,3.6301369863013697,-16,53
250235101002,414,419,1172,1167,1.2077294685990339,-0.42662116040955633,5,-5
250235101003,290,292,792,841,0.6896551724137931,6.186868686868687,2,49
250235101004,478,498,1352,1404,4.184100418410042,3.8461538461538463,20,52
250235102001,623,736,1706,2186,18.138041733547354,28.13599062133646,113,480
250235102002,421,425,1213,1301,0.9501187648456058,7.254740313272877,4,88
250235102003,248,247,682,711,-0.4032258064516129,4.252199413489736,-1,29
250235102004,937,983,2363,2801,4.909284951974386,18.535759627592043,46,438
250235103001,682,706,1612,1738,3.519061583577713,7.816377171215881,24,126
250235103002,833,878,2186,2752,5.402160864345738,25.89204025617566,45,566
250235104001,301,306,880,1044,1.6611295681063125,18.636363636363637,5,164
250235104002,240,258,721,766,7.5,6.2413314840499305,18,45
250235104003,427,482,1269,1579,12.88056206088993,24.42868400315209,55,310
250235104004,292,305,836,943,4.4520547945205475,12.799043062200957,13,107
250235105011,242,247,683,766,2.066115702479339,12.152269399707174,5,83
250235105012,338,382,976,956,13.017751479289942,-2.0491803278688523,44,-20
250235105013,674,734,1703,1852,8.902077151335313,8.749266001174398,60,149
250235105031,884,922,1930,2151,4.298642533936651,11.450777202072539,38,221
250235105032,410,302,1011,1029,-26.34146341463415,1.7804154302670623,-108,18
250235105033,468,466,1355,1391,-0.4273504273504274,2.6568265682656826,-2,36
250235105041,345,398,1022,1113,15.36231884057971,8.904109589041095,53,91
250235105042,657,742,1311,1563,12.93759512937595,19.221967963386728,85,252
250235105051,869,906,1804,1996,4.25776754890679,10.643015521064301,37,192
250235105052,939,1253,1656,2251,33.43982960596379,35.929951690821255,314,595
250235106001,304,303,784,842,-0.3289473684210526,7.3979591836734695,-1,58
250235106002,358,397,1039,1224,10.893854748603351,17.805582290664102,39,185
250235106003,367,390,1034,1177,6.267029972752043,13.829787234042554,23,143
250235107001,478,515,1415,1647,7.740585774058577,16.395759717314487,37,232
250235107002,400,409,1061,1117,2.25,5.27803958529689,9,56
250235107003,302,304,724,827,0.6622516556291391,14.226519337016574,2,103
250235107004,459,468,1165,1298,1.9607843137254901,11.416309012875537,9,133
250235107005,508,525,1291,1451,3.346456692913386,12.393493415956623,17,160
250235108001,296,314,898,877,6.081081081081082,-2.338530066815145,18,-21
250235108002,307,311,894,1033,1.3029315960912053,15.548098434004473,4,139
250235108003,388,395,887,820,1.804123711340206,-7.5535512965050735,7,-67
250235108004,483,497,1455,1517,2.898550724637681,4.261168384879725,14,62
250235108005,268,290,749,886,8.208955223880597,18.29105473965287,22,137
250235108006,561,609,1456,1767,8.55614973262032,21.35989010989011,48,311
250235109001,529,609,1197,1462,15.122873345935728,22.138680033416875,80,265
250235109002,561,763,1335,1580,36.007130124777184,18.352059925093634,202,245
250235110001,580,618,1617,1737,6.551724137931035,7.421150278293136,38,120
250235110002,509,541,1423,1609,6.286836935166994,13.070976809557273,32,186
250235111001,810,823,2244,2452,1.6049382716049383,9.269162210338681,13,208
250235111002,570,570,1631,1637,0,0.3678724708767627,0,6
250235111003,491,506,1416,1482,3.054989816700611,4.661016949152542,15,66
250235112001,943,675,2285,2481,-28.419936373276776,8.577680525164114,-268,196
250235112002,476,498,1220,1451,4.621848739495799,18.934426229508198,22,231
250235112003,483,496,1344,1390,2.691511387163561,3.422619047619048,13,46
250235113011,912,951,2602,2873,4.276315789473684,10.415065334358186,39,271
250235113012,254,269,864,1005,5.905511811023622,16.319444444444446,15,141
250235113013,657,686,1868,2434,4.41400304414003,30.299785867237688,29,566
250235113021,283,287,737,773,1.4134275618374559,4.884667571234735,4,36
250235113022,305,328,871,953,7.540983606557377,9.414466130884042,23,82
250235113023,650,658,1923,2024,1.2307692307692308,5.252210088403536,8,101
250235114001,306,287,911,992,-6.209150326797386,8.89132821075741,-19,81
250235114002,298,318,783,1063,6.7114093959731544,35.759897828863345,20,280
250235114003,312,330,845,974,5.769230769230769,15.266272189349111,18,129
250235114004,412,471,1176,1491,14.320388349514563,26.785714285714285,59,315
250235115001,357,371,988,1097,3.9215686274509802,11.03238866396761,14,109
250235115002,301,315,877,1011,4.651162790697675,15.279361459521096,14,134
250235115003,528,573,1400,1820,8.522727272727272,30,45,420
250235115004,358,372,1043,1211,3.910614525139665,16.10738255033557,14,168
250235116011,523,534,1217,1561,2.1032504780114722,28.26622843056697,11,344
250235116012,249,260,680,777,4.417670682730924,14.26470588235294,11,97
250235116013,661,702,1887,2149,6.202723146747353,13.884472708002118,41,262
250235116021,493,549,1223,1509,11.359026369168356,23.385118560915778,56,286
250235116022,671,688,1276,1335,2.533532041728763,4.623824451410658,17,59
250235116023,344,353,928,1064,2.616279069767442,14.655172413793101,9,136
250235117011,266,271,690,788,1.8796992481203008,14.202898550724639,5,98
250235117012,558,569,1495,1696,1.971326164874552,13.444816053511705,11,201
250235117013,304,309,906,880,1.644736842105263,-2.869757174392936,5,-26
250235117014,554,578,1564,1767,4.332129963898916,12.979539641943735,24,203
250235117021,1009,1033,2798,2818,2.3785926660059467,0.7147962830593281,24,20
250235201001,756,814,1912,1990,7.671957671957672,4.079497907949791,58,78
250235201002,434,471,1046,1176,8.525345622119817,12.4282982791587,37,130
250235201003,743,792,1979,2102,6.594885598923284,6.2152602324406265,49,123
250235201004,544,568,1521,1586,4.411764705882353,4.273504273504273,24,65
250235202011,302,316,797,844,4.635761589403973,5.897114178168131,14,47
250235202012,663,721,1445,1534,8.74811463046757,6.159169550173011,58,89
250235202013,619,645,1710,1701,4.20032310177706,-0.5263157894736842,26,-9
250235202021,528,603,1035,1245,14.204545454545455,20.28985507246377,75,210
250235202022,732,760,2031,2228,3.825136612021858,9.699655342195962,28,197
250235202023,1056,1121,2509,2656,6.15530303030303,5.858907931446791,65,147
250235211011,599,627,1839,1929,4.674457429048414,4.893964110929853,28,90
250235211012,380,422,1010,1045,11.052631578947368,3.4653465346534658,42,35
250235211013,640,797,1453,1766,24.53125,21.541637990364762,157,313
250235211021,591,603,1481,1521,2.030456852791878,2.700877785280216,12,40
250235211022,710,712,1835,1823,0.28169014084507044,-0.6539509536784741,2,-12
250235212011,459,618,1105,1269,34.64052287581699,14.841628959276019,159,164
250235212012,724,747,1799,1828,3.1767955801104977,1.6120066703724294,23,29
250235212021,349,379,965,1025,8.595988538681947,6.217616580310881,30,60
250235212022,320,326,841,848,1.875,0.8323424494649228,6,7
250235212023,751,753,2160,2067,0.2663115845539281,-4.305555555555555,2,-93
250235221011,614,623,1744,1728,1.4657980456026058,-0.9174311926605505,9,-16
250235221012,284,285,884,845,0.35211267605633806,-4.411764705882353,1,-39
250235221013,719,723,2118,2028,0.5563282336578581,-4.2492917847025495,4,-90
250235221021,737,900,1959,2305,22.116689280868385,17.662072485962227,163,346
250235221022,425,530,1084,1263,24.705882352941178,16.512915129151292,105,179
250235221023,812,899,2421,2470,10.714285714285714,2.0239570425444033,87,49
250235231001,799,841,2069,2250,5.256570713391739,8.74818753020783,42,181
250235231002,309,325,977,1011,5.177993527508091,3.480040941658137,16,34
250235232011,473,486,1335,1350,2.748414376321353,1.1235955056179776,13,15
250235232012,507,540,1562,1648,6.508875739644971,5.505761843790013,33,86
250235232031,563,604,1635,1635,7.282415630550622,0,41,0
250235232032,896,938,2720,2791,4.6875,2.610294117647059,42,71
250235232041,828,866,2016,2078,4.5893719806763285,3.075396825396825,38,62
250235232042,531,611,1481,1677,15.065913370998116,13.23430114787306,80,196
250235241011,323,338,851,923,4.643962848297214,8.46063454759107,15,72
250235241012,753,857,2185,2458,13.811420982735722,12.494279176201372,104,273
250235241021,673,715,1482,1634,6.240713224368499,10.256410256410255,42,152
250235241022,507,571,1348,1642,12.6232741617357,21.810089020771514,64,294
250235241023,412,417,1052,1050,1.2135922330097086,-0.19011406844106463,5,-2
250235251011,720,751,1932,2034,4.305555555555555,5.279503105590062,31,102
250235251012,701,1073,2126,2810,53.067047075606276,32.173095014111006,372,684
250235251013,1174,1182,2329,2470,0.6814310051107325,6.05410047230571,8,141
250235251041,689,732,2057,2256,6.2409288824383164,9.674282936315022,43,199
250235251042,404,445,1120,1185,10.14851485148515,5.803571428571429,41,65
250235251043,690,706,2178,2136,2.318840579710145,-1.9283746556473829,16,-42
250235251044,446,457,1198,1188,2.4663677130044843,-0.8347245409015025,11,-10
250235252041,473,635,1547,1975,34.24947145877378,27.66645119586296,162,428
250235252042,602,658,1834,1959,9.30232558139535,6.815703380588876,56,125
250235261001,547,553,1576,1559,1.0968921389396709,-1.0786802030456852,6,-17
250235261002,347,336,749,769,-3.170028818443804,2.67022696929239,-11,20
250235261003,769,774,1999,1915,0.6501950585175552,-4.202101050525263,5,-84
250235261004,784,798,1436,1533,1.7857142857142856,6.754874651810584,14,97
250235261005,568,646,1759,1973,13.732394366197184,12.166003411028994,78,214
250235301001,630,665,1775,1818,5.555555555555555,2.422535211267606,35,43
250235301002,1002,1384,2035,2629,38.12375249500998,29.18918918918919,382,594
250235302001,686,723,1459,1575,5.393586005830904,7.9506511309115835,37,116
250235302002,989,1092,2141,2408,10.414560161779574,12.470808033629146,103,267
250235303001,520,635,817,956,22.115384615384613,17.01346389228886,115,139
250235303002,586,739,1156,1373,26.109215017064848,18.771626297577853,153,217
250235303003,403,403,852,829,0,-2.699530516431925,0,-23
250235303004,401,415,957,960,3.4912718204488775,0.3134796238244514,14,3
250235304001,839,830,1813,1903,-1.0727056019070322,4.964147821290679,-9,90
250235304002,416,416,1277,1203,0,-5.794831636648395,0,-74
250235304003,601,669,1697,1741,11.314475873544092,2.592810842663524,68,44
250235304004,418,426,1036,1066,1.9138755980861244,2.8957528957528957,8,30
250235305001,502,517,1028,915,2.9880478087649402,-10.992217898832685,15,-113
250235305002,382,392,872,833,2.6178010471204187,-4.472477064220183,10,-39
250235305003,545,511,1174,1156,-6.238532110091743,-1.5332197614991483,-34,-18
250235305004,283,309,638,645,9.187279151943462,1.09717868338558,26,7
250235305005,816,839,1969,2195,2.8186274509803924,11.477907567293043,23,226
250235306001,317,321,635,676,1.2618296529968454,6.456692913385827,4,41
250235306002,499,516,1178,1273,3.406813627254509,8.064516129032258,17,95
250235306003,431,517,1179,1210,19.953596287703014,2.629346904156064,86,31
250235306004,563,594,1468,1587,5.506216696269982,8.106267029972752,31,119
250235306005,206,224,1906,1710,8.737864077669903,-10.283315844700944,18,-196
250235307001,936,941,1152,1201,0.5341880341880342,4.253472222222222,5,49
250235307002,862,1389,1443,2208,61.1368909512761,53.01455301455301,527,765
250235307003,741,1284,1647,2538,73.27935222672065,54.09836065573771,543,891
250235308011,1190,1652,2936,3629,38.82352941176471,23.603542234332426,462,693
250235308012,978,1021,2649,2580,4.396728016359918,-2.6047565118912797,43,-69
250235308021,467,450,705,699,-3.640256959314775,-0.851063829787234,-17,-6
250235308022,337,345,683,669,2.3738872403560833,-2.049780380673499,8,-14
250235308023,621,617,1206,1132,-0.644122383252818,-6.135986733001658,-4,-74
250235308024,776,821,1173,1181,5.798969072164948,0.6820119352088662,45,8
250235308025,640,624,1018,953,-2.5,-6.385068762278978,-16,-65
250235309021,747,762,2254,2202,2.0080321285140563,-2.3070097604259097,15,-52
250235309022,1104,1115,2215,2310,0.9963768115942028,4.288939051918736,11,95
250235309031,518,521,1702,1609,0.5791505791505791,-5.464159811985899,3,-93
250235309032,790,1234,1585,2278,56.20253164556962,43.722397476340696,444,693
250235309033,678,737,1934,2111,8.702064896755163,9.152016546018613,59,177
250235309041,909,951,2211,2345,4.62046204620462,6.0606060606060606,42,134
250235309042,474,473,896,911,-0.21097046413502107,1.6741071428571428,-1,15
250235401011,434,448,1153,1151,3.225806451612903,-0.17346053772766695,14,-2
250235401012,532,666,1326,1695,25.18796992481203,27.828054298642535,134,369
250235401013,565,756,1304,1589,33.80530973451327,21.855828220858893,191,285
250235401021,1255,1279,2570,2642,1.9123505976095616,2.8015564202334633,24,72
250235401031,822,880,2439,2588,7.0559610705596105,6.109061090610906,58,149
250235401032,569,595,1810,1858,4.569420035149385,2.6519337016574585,26,48
250235411001,685,753,1894,1960,9.927007299270073,3.4846884899683213,68,66
250235411002,778,828,2153,2232,6.426735218508997,3.669298653042267,50,79
250235411003,420,524,1189,1525,24.761904761904763,28.259041211101767,104,336
250235421011,594,620,1759,1729,4.377104377104377,-1.7055144968732234,26,-30
250235421012,833,862,2357,2315,3.481392557022809,-1.7819261773440815,29,-42
250235421013,727,796,2058,2274,9.491059147180192,10.495626822157435,69,216
250235421014,327,347,954,1036,6.116207951070336,8.59538784067086,20,82
250235421021,961,1005,2552,2659,4.578563995837669,4.192789968652037,44,107
250235422001,734,751,2062,2035,2.316076294277929,-1.3094083414161009,17,-27
250235422002,1194,1343,2287,2548,12.479061976549414,11.412330564057717,149,261
250235422003,647,658,1768,1728,1.7001545595054095,-2.262443438914027,11,-40
250235423011,572,669,1314,1480,16.95804195804196,12.633181126331811,97,166
250235423012,524,561,1399,1321,7.061068702290077,-5.575411007862759,37,-78
250235423013,327,333,790,785,1.834862385321101,-0.6329113924050633,6,-5
250235423021,260,264,662,692,1.5384615384615385,4.531722054380665,4,30
250235423022,623,857,1494,1892,37.56019261637239,26.639892904953143,234,398
250235423023,698,742,1660,1751,6.303724928366762,5.481927710843373,44,91
250235431001,1042,1068,2820,2930,2.495201535508637,3.900709219858156,26,110
250235441001,419,438,1243,1302,4.534606205250596,4.746580852775542,19,59
250235441002,578,586,1582,1511,1.384083044982699,-4.487989886219975,8,-71
250235441003,555,560,1708,1673,0.9009009009009009,-2.0491803278688523,5,-35
250235441004,420,428,1096,1084,1.9047619047619049,-1.094890510948905,8,-12
250235442001,796,815,1781,1844,2.386934673366834,3.537338573834924,19,63
250235442002,480,478,1225,1261,-0.4166666666666667,2.9387755102040813,-2,36
250235442003,597,628,1171,1293,5.192629815745393,10.418445772843723,31,122
250235442004,754,768,1704,1677,1.8567639257294428,-1.584507042253521,14,-27
250235451001,833,858,1487,1561,3.0012004801920766,4.976462676529926,25,74
250235451002,296,374,789,1015,26.351351351351347,28.643852978453737,78,226
250235451003,991,1057,2413,2528,6.659939455095863,4.765851636966432,66,115
250235451004,875,882,1757,1740,0.8,-0.9675583380762665,7,-17
250235452001,285,328,635,673,15.087719298245613,5.984251968503937,43,38
250235452002,796,797,1666,1697,0.12562814070351758,1.8607442977190876,1,31
250235452003,709,966,1427,1903,36.24823695345557,33.35669236159776,257,476
250235452004,851,980,1942,2205,15.158636897767334,13.542739443872295,129,263
250235453001,1259,1218,1573,1617,-3.2565528196981735,2.797202797202797,-41,44
250235453002,643,674,1063,1109,4.821150855365474,4.327375352775165,31,46
250235453003,691,646,761,693,-6.512301013024602,-8.935611038107753,-45,-68
250235453004,714,703,1016,1044,-1.5406162464985995,2.7559055118110236,-11,28
250235454001,462,491,746,827,6.2770562770562766,10.857908847184987,29,81
250235454002,842,911,1556,1719,8.194774346793348,10.475578406169666,69,163
250235454003,355,391,783,780,10.140845070422536,-0.38314176245210724,36,-3
250235454004,521,532,827,831,2.111324376199616,0.48367593712212814,11,4
250235454005,1133,1159,1382,1361,2.2947925860547222,-1.519536903039074,26,-21
250235601001,660,759,1200,1377,15,14.75,99,177
250235601002,261,294,468,497,12.643678160919542,6.196581196581197,33,29
250235601003,516,533,1393,1420,3.2945736434108532,1.938262742282843,17,27
250235601004,680,757,1471,1637,11.323529411764707,11.284840244731475,77,166
250235601005,645,657,691,762,1.8604651162790697,10.274963820549928,12,71
250235601006,501,512,822,815,2.19560878243513,-0.851581508515815,11,-7
250235611001,836,860,1503,1533,2.8708133971291865,1.996007984031936,24,30
250235611002,472,528,899,909,11.864406779661017,1.1123470522803114,56,10
250235611003,512,531,877,994,3.7109375,13.340935005701255,19,117
250235611004,323,457,927,1184,41.48606811145511,27.72384034519957,134,257
250235611005,302,316,701,727,4.635761589403973,3.7089871611982885,14,26
250235614001,988,1177,2423,2717,19.129554655870447,12.133718530747007,189,294
250235614002,960,1027,2086,2315,6.979166666666667,10.977948226270374,67,229
250235614003,435,453,1193,1193,4.137931034482759,0,18,0
250239802001,18,20,2089,1575,11.11111111111111,-24.605074198180947,2,-514
250239803001,36,26,2451,2820,-27.77777777777778,15.055079559363524,-10,369
250239900030,0,0,0,0,NA,NA,0,0
250250001011,425,422,1043,1052,-0.7058823529411765,0.862895493767977,-3,9
250250001012,306,304,786,824,-0.6535947712418301,4.8346055979643765,-2,38
250250001021,372,383,1003,1020,2.956989247311828,1.694915254237288,11,17
250250001022,598,1312,1413,2694,119.3979933110368,90.65817409766454,714,1281
250250002011,387,361,935,966,-6.718346253229974,3.3155080213903747,-26,31
250250002012,307,322,790,863,4.88599348534202,9.240506329113925,15,73
250250002013,541,548,1394,1303,1.2939001848428837,-6.5279770444763265,7,-91
250250002014,383,377,735,821,-1.5665796344647518,11.700680272108844,-6,86
250250002021,361,361,825,828,0,0.36363636363636365,0,3
250250002022,298,310,748,804,4.026845637583892,7.4866310160427805,12,56
250250002023,863,935,2312,2516,8.342989571263036,8.823529411764707,72,204
250250003011,254,272,638,715,7.086614173228346,12.068965517241379,18,77
250250003012,309,322,790,831,4.207119741100324,5.189873417721519,13,41
250250003013,266,270,600,656,1.5037593984962405,9.333333333333334,4,56
250250003014,390,473,712,934,21.28205128205128,31.179775280898873,83,222
250250003021,591,616,1549,1471,4.230118443316413,-5.035506778566817,25,-78
250250003022,755,755,1595,1601,0,0.3761755485893417,0,6
250250004011,872,868,1498,1521,-0.45871559633027525,1.5353805073431241,-4,23
250250004012,514,532,1138,1204,3.501945525291829,5.799648506151142,18,66
250250004013,422,422,1027,1056,0,2.8237585199610513,0,29
250250004014,1157,1232,2009,2072,6.482281763180639,3.1358885017421603,75,63
250250004021,655,734,1525,1469,12.061068702290076,-3.6721311475409837,79,-56
250250004022,382,373,996,967,-2.356020942408377,-2.9116465863453818,-9,-29
250250004023,507,514,1128,1208,1.3806706114398422,7.092198581560284,7,80
250250005021,521,630,881,1043,20.92130518234165,18.388195232690123,109,162
250250005022,545,536,715,1710,-1.651376146788991,139.16083916083917,-9,995
250250005023,973,986,1619,1577,1.3360739979445015,-2.5941939468807904,13,-42
250250005024,1,0,3086,2656,-100,-13.933895009721322,-1,-430
250250005031,415,428,762,787,3.132530120481928,3.2808398950131235,13,25
250250005032,993,1051,1449,1631,5.840886203423968,12.560386473429952,58,182
250250005051,464,465,841,809,0.21551724137931033,-3.804994054696789,1,-32
250250005052,424,429,860,888,1.179245283018868,3.255813953488372,5,28
250250005053,260,190,485,499,-26.923076923076923,2.88659793814433,-70,14
250250005061,824,866,1419,1478,5.097087378640777,4.157857646229739,42,59
250250005062,754,774,1380,1417,2.6525198938992043,2.681159420289855,20,37
250250006011,215,224,762,685,4.186046511627907,-10.104986876640421,9,-77
250250006012,537,560,1077,1211,4.283054003724395,12.44196843082637,23,134
250250006013,285,301,664,846,5.614035087719298,27.40963855421687,16,182
250250006014,488,525,1068,1016,7.581967213114754,-4.868913857677903,37,-52
250250006031,698,1012,1406,1757,44.985673352435526,24.96443812233286,314,351
250250006041,711,709,1457,1519,-0.2812939521800281,4.25531914893617,-2,62
250250006042,626,628,1111,1072,0.3194888178913738,-3.5103510351035103,2,-39
250250007011,320,317,599,616,-0.9375,2.8380634390651087,-3,17
250250007012,510,512,922,869,0.39215686274509803,-5.748373101952278,2,-53
250250007013,764,777,1499,1521,1.7015706806282722,1.467645096731154,13,22
250250007014,765,778,1426,1511,1.6993464052287581,5.9607293127629735,13,85
250250007031,747,698,1308,1045,-6.5595716198125835,-20.107033639143733,-49,-263
250250007032,671,677,1483,1397,0.8941877794336811,-5.799055967633175,6,-86
250250007041,792,811,1763,1814,2.398989898989899,2.892796369824163,19,51
250250007042,422,732,770,1299,73.45971563981043,68.7012987012987,310,529
250250007043,644,644,1135,1122,0,-1.145374449339207,0,-13
250250007044,547,548,1133,1077,0.18281535648994515,-4.942630185348632,1,-56
250250008041,708,848,1889,2027,19.774011299435028,7.305452620434092,140,138
250250008042,667,676,1903,1786,1.3493253373313343,-6.148187073042564,9,-117
250250008051,744,785,1861,1797,5.510752688172043,-3.4390112842557765,41,-64
250250008052,437,496,1218,1136,13.501144164759726,-6.732348111658457,59,-82
250250008053,573,675,1265,1683,17.801047120418847,33.04347826086956,102,418
250250008061,11,16,27,53,45.45454545454545,96.29629629629629,5,26
250250008062,939,1038,3086,1901,10.543130990415335,-38.39922229423202,99,-1185
250250008063,0,1,0,18,Inf,Inf,1,18
250250008071,1,40,3481,2282,3900,-34.44412525136455,39,-1199
250250101031,309,278,2111,2126,-10.032362459546926,0.7105637138796779,-31,15
250250101032,52,52,1143,1200,0,4.986876640419948,0,57
250250101033,167,90,1314,1371,-46.10778443113773,4.337899543378995,-77,57
250250101041,842,849,1311,1398,0.831353919239905,6.636155606407322,7,87
250250101042,584,583,2299,2503,-0.17123287671232876,8.873423227490212,-1,204
250250101043,710,693,1194,1162,-2.3943661971830985,-2.680067001675042,-17,-32
250250102041,286,235,1100,1131,-17.832167832167833,2.8181818181818183,-51,31
250250102042,479,482,1198,1344,0.6263048016701461,12.186978297161936,3,146
250250102043,517,621,878,968,20.116054158607348,10.250569476082005,104,90
250250102051,875,866,1201,1260,-1.0285714285714285,4.912572855953372,-9,59
250250102052,578,571,942,920,-1.2110726643598615,-2.335456475583864,-7,-22
250250102053,812,1118,1254,1644,37.68472906403941,31.100478468899524,306,390
250250102054,339,717,535,1082,111.50442477876106,102.24299065420561,378,547
250250102061,342,651,493,879,90.35087719298247,78.29614604462475,309,386
250250102062,717,733,1144,1275,2.2315202231520224,11.45104895104895,16,131
250250103001,282,192,1810,1638,-31.914893617021278,-9.502762430939226,-90,-172
250250103002,134,174,3051,3548,29.850746268656714,16.28974106850213,40,497
250250104031,857,949,1236,1347,10.73512252042007,8.980582524271846,92,111
250250104032,668,676,1020,998,1.1976047904191618,-2.156862745098039,8,-22
250250104033,551,578,747,834,4.900181488203267,11.646586345381527,27,87
250250104041,244,300,2548,1744,22.950819672131146,-31.554160125588698,56,-804
250250104042,448,463,916,1861,3.3482142857142856,103.16593886462881,15,945
250250104043,774,731,1526,1403,-5.555555555555555,-8.060288335517694,-43,-123
250250104044,396,402,827,739,1.5151515151515151,-10.640870616686819,6,-88
250250104051,6,153,2591,4004,2450,54.53492859899652,147,1413
250250104052,632,646,2306,2357,2.2151898734177213,2.2116218560277536,14,51
250250104053,355,206,626,492,-41.971830985915496,-21.405750798722046,-149,-134
250250104081,961,981,1426,1438,2.081165452653486,0.8415147265077139,20,12
250250105001,349,740,953,1816,112.03438395415472,90.55613850996852,391,863
250250105002,744,598,1099,1208,-19.623655913978492,9.918107370336669,-146,109
250250105003,674,602,992,852,-10.682492581602373,-14.112903225806454,-72,-140
250250106001,942,930,1299,1330,-1.2738853503184715,2.386451116243264,-12,31
250250106002,927,1101,1146,1574,18.77022653721683,37.347294938917976,174,428
250250106003,456,500,413,625,9.649122807017543,51.3317191283293,44,212
250250107011,552,557,1032,1057,0.9057971014492754,2.422480620155039,5,25
250250107012,466,466,668,705,0,5.538922155688622,0,37
250250107013,581,558,778,781,-3.9586919104991396,0.3856041131105398,-23,3
250250107021,482,573,663,830,18.87966804979253,25.188536953242835,91,167
250250107022,465,375,775,520,-19.35483870967742,-32.903225806451616,-90,-255
250250107023,696,647,962,978,-7.040229885057471,1.6632016632016633,-49,16
250250108011,354,333,664,740,-5.932203389830509,11.44578313253012,-21,76
250250108012,678,654,964,967,-3.5398230088495577,0.3112033195020747,-24,3
250250108013,867,827,1155,1149,-4.61361014994233,-0.5194805194805194,-40,-6
250250108021,684,669,1052,1069,-2.1929824561403506,1.6159695817490494,-15,17
250250108022,971,943,1421,1391,-2.883625128733265,-2.1111893033075297,-28,-30
250250108023,451,451,586,598,0,2.04778156996587,0,12
250250201011,480,468,767,804,-2.5,4.823989569752282,-12,37
250250201012,691,702,896,935,1.5918958031837915,4.352678571428571,11,39
250250201013,821,766,1268,1253,-6.699147381242387,-1.1829652996845426,-55,-15
250250201014,822,809,1262,1243,-1.5815085158150852,-1.5055467511885896,-13,-19
250250202001,896,893,1265,1259,-0.33482142857142855,-0.47430830039525695,-3,-6
250250202002,847,854,1259,1319,0.8264462809917356,4.765687053216839,7,60
250250202003,734,740,1124,1226,0.8174386920980926,9.07473309608541,6,102
250250203011,1415,1457,2025,2166,2.9681978798586575,6.962962962962963,42,141
250250203021,721,803,1181,1293,11.373092926490985,9.483488569009314,82,112
250250203041,143,827,187,1283,478.32167832167835,586.096256684492,684,1096
250250203042,112,329,242,623,193.75,157.43801652892563,217,381
250250203051,110,1135,914,1378,931.8181818181819,50.76586433260394,1025,464
250250203052,1482,1495,2057,2255,0.8771929824561403,9.62566844919786,13,198
250250301001,790,785,1052,1197,-0.6329113924050633,13.783269961977188,-5,145
250250301002,587,596,901,918,1.5332197614991483,1.8867924528301887,9,17
250250302001,493,522,755,825,5.88235294117647,9.271523178807946,29,70
250250302002,610,621,910,990,1.8032786885245904,8.791208791208792,11,80
250250303011,744,723,967,1103,-2.82258064516129,14.064115822130299,-21,136
250250303012,195,178,288,282,-8.717948717948717,-2.083333333333333,-17,-6
250250303021,1088,1249,2094,1844,14.79779411764706,-11.938872970391595,161,-250
250250304001,367,388,544,599,5.722070844686648,10.11029411764706,21,55
250250304002,629,658,977,1025,4.610492845786964,4.912998976458546,29,48
250250304003,665,650,932,978,-2.2556390977443606,4.935622317596566,-15,46
250250304004,933,940,1523,1558,0.7502679528403001,2.298095863427446,7,35
250250305001,442,458,704,823,3.619909502262444,16.90340909090909,16,119
250250305002,686,698,1024,1067,1.749271137026239,4.19921875,12,43
250250305003,527,516,809,825,-2.0872865275142316,1.9777503090234856,-11,16
250250401001,555,561,970,1052,1.0810810810810811,8.45360824742268,6,82
250250401002,684,694,1210,1308,1.461988304093567,8.099173553719009,10,98
250250402001,304,297,775,636,-2.302631578947368,-17.93548387096774,-7,-139
250250402002,423,407,831,958,-3.7825059101654848,15.282791817087846,-16,127
250250403001,334,371,739,774,11.077844311377245,4.7361299052774015,37,35
250250403002,662,666,1247,1486,0.6042296072507553,19.165998396150762,4,239
250250403003,366,367,657,739,0.273224043715847,12.480974124809741,1,82
250250403004,320,338,617,699,5.625,13.290113452188008,18,82
250250403005,355,373,622,827,5.070422535211268,32.958199356913184,18,205
250250404011,766,825,1689,1957,7.702349869451696,15.86737714624038,59,268
250250404012,456,485,750,965,6.359649122807018,28.666666666666668,29,215
250250406001,491,1095,863,1760,123.0142566191446,103.93974507531864,604,897
250250406002,843,924,1581,1923,9.608540925266903,21.631878557874764,81,342
250250408011,530,533,1061,1190,0.5660377358490566,12.158341187558905,3,129
250250408012,263,266,828,765,1.1406844106463878,-7.608695652173914,3,-63
250250408013,1296,1323,1999,2081,2.083333333333333,4.102051025512756,27,82
250250501011,534,563,1713,1643,5.430711610486892,-4.086398131932283,29,-70
250250501012,632,628,1472,1389,-0.6329113924050633,-5.638586956521739,-4,-83
250250501013,684,687,1930,1885,0.43859649122807015,-2.33160621761658,3,-45
250250502001,757,785,2189,2140,3.6988110964332894,-2.238465052535404,28,-49
250250502002,445,556,1151,1238,24.9438202247191,7.558644656820157,111,87
250250502003,283,286,836,788,1.0600706713780919,-5.741626794258373,3,-48
250250502004,349,367,1055,1031,5.157593123209169,-2.2748815165876777,18,-24
250250503001,282,805,727,1475,185.46099290780143,102.88858321870703,523,748
250250503002,285,317,839,777,11.228070175438596,-7.389749702026221,32,-62
250250503003,474,807,685,1006,70.25316455696202,46.86131386861314,333,321
250250504001,238,235,637,603,-1.2605042016806722,-5.337519623233909,-3,-34
250250504002,797,876,1735,1769,9.912170639899625,1.9596541786743515,79,34
250250505001,919,972,2171,2174,5.767138193688792,0.1381851681252879,53,3
250250505002,0,0,0,0,NA,NA,0,0
250250506001,500,487,1268,1162,-2.6,-8.3596214511041,-13,-106
250250506002,312,392,815,912,25.64102564102564,11.901840490797547,80,97
250250507001,611,663,1664,1766,8.51063829787234,6.129807692307692,52,102
250250507002,484,496,1344,1341,2.479338842975207,-0.2232142857142857,12,-3
250250507003,505,521,1476,1413,3.1683168316831685,-4.2682926829268295,16,-63
250250509011,420,452,1283,1421,7.6190476190476195,10.756040530007795,32,138
250250509012,717,717,1964,1860,0,-5.295315682281059,0,-104
250250509013,309,335,918,961,8.414239482200648,4.6840958605664484,26,43
250250510001,855,900,2039,2134,5.263157894736842,4.659146640510055,45,95
250250510002,462,483,962,1055,4.545454545454546,9.667359667359667,21,93
250250510003,467,461,1088,1128,-1.284796573875803,3.6764705882352944,-6,40
250250511011,598,670,1602,1803,12.040133779264215,12.54681647940075,72,201
250250511012,741,746,1949,1831,0.6747638326585695,-6.054386865059005,5,-118
250250511013,621,636,1537,1727,2.4154589371980677,12.361743656473651,15,190
250250511014,385,392,1005,1099,1.8181818181818181,9.35323383084577,7,94
250250512001,19,499,32,833,2526.315789473684,2503.125,480,801
250250512002,719,737,1623,1703,2.5034770514603615,4.929143561306223,18,80
250250512003,449,509,799,918,13.3630289532294,14.893617021276595,60,119
250250601011,441,551,881,1171,24.94331065759637,32.91713961407491,110,290
250250601012,350,373,633,667,6.571428571428571,5.371248025276461,23,34
250250601013,496,518,981,1067,4.435483870967742,8.766564729867483,22,86
250250601014,397,438,721,768,10.327455919395465,6.51872399445215,41,47
250250602001,419,466,821,996,11.217183770883054,21.315468940316688,47,175
250250602002,580,653,1095,1332,12.586206896551724,21.643835616438356,73,237
250250603011,741,815,1285,1491,9.986504723346828,16.03112840466926,74,206
250250603012,345,368,699,810,6.666666666666667,15.879828326180256,23,111
250250603013,561,646,1092,1308,15.151515151515152,19.78021978021978,85,216
250250604001,542,589,1021,1139,8.671586715867159,11.557296767874632,47,118
250250604002,530,596,988,1152,12.452830188679245,16.599190283400812,66,164
250250604003,466,513,842,1014,10.085836909871244,20.42755344418052,47,172
250250604004,669,693,1093,1224,3.587443946188341,11.985361390667887,24,131
250250604005,336,317,960,666,-5.654761904761905,-30.625000000000004,-19,-294
250250605011,375,475,699,886,26.666666666666668,26.75250357653791,100,187
250250605012,508,523,868,936,2.952755905511811,7.834101382488479,15,68
250250605013,431,623,717,1162,44.5475638051044,62.064156206415625,192,445
250250605014,295,371,631,840,25.76271186440678,33.12202852614897,76,209
250250605015,333,458,656,909,37.53753753753754,38.56707317073171,125,253
250250606011,700,1165,1212,2006,66.42857142857143,65.51155115511551,465,794
250250606021,43,246,66,331,472.093023255814,401.51515151515156,203,265
250250606031,494,1185,702,1502,139.87854251012146,113.96011396011396,691,800
250250606041,1,1515,2,1814,151400,90600,1514,1812
250250606042,292,1002,375,989,243.15068493150687,163.73333333333332,710,614
250250607001,253,333,741,997,31.620553359683797,34.54790823211876,80,256
250250607002,383,271,1152,692,-29.242819843342037,-39.93055555555556,-112,-460
250250608001,333,360,655,733,8.108108108108109,11.908396946564885,27,78
250250608002,396,486,757,960,22.727272727272727,26.81638044914135,90,203
250250608003,470,639,886,1243,35.95744680851064,40.293453724604966,169,357
250250608004,943,1051,1666,1923,11.452810180275716,15.426170468187275,108,257
250250610001,544,566,1033,1170,4.044117647058823,13.262342691190707,22,137
250250610002,471,227,1164,535,-51.80467091295117,-54.03780068728522,-244,-629
250250610003,393,308,902,711,-21.62849872773537,-21.175166297117517,-85,-191
250250611011,278,302,617,682,8.633093525179856,10.53484602917342,24,65
250250611012,766,964,1615,2028,25.848563968668408,25.572755417956657,198,413
250250612011,853,1038,1538,2013,21.688159437280188,30.88426527958388,185,475
250250612021,0,0,0,0,NA,NA,0,0
250250612031,804,1444,1165,2686,79.60199004975125,130.5579399141631,640,1521
250250612041,384,673,537,937,75.26041666666666,74.487895716946,289,400
250250701021,390,542,494,897,38.97435897435898,81.57894736842105,152,403
250250701022,941,934,1887,2202,-0.7438894792773645,16.69316375198728,-7,315
250250701023,161,173,451,588,7.453416149068323,30.376940133037696,12,137
250250701031,8,379,10,751,4637.5,7409.999999999999,371,741
250250701041,521,600,840,890,15.163147792706333,5.952380952380952,79,50
250250701042,246,312,449,610,26.82926829268293,35.85746102449889,66,161
250250701043,90,804,303,1362,793.3333333333334,349.5049504950495,714,1059
250250702011,362,372,739,932,2.7624309392265194,26.116373477672532,10,193
250250702012,285,717,1886,3058,151.57894736842107,62.142099681866384,432,1172
250250702021,1625,2437,2928,4325,49.96923076923077,47.71174863387978,812,1397
250250702022,444,456,1133,1135,2.7027027027027026,0.176522506619594,12,2
250250703011,707,697,992,1048,-1.4144271570014144,5.64516129032258,-10,56
250250703012,746,662,1119,1165,-11.26005361930295,4.110813226094727,-84,46
250250703021,449,453,733,806,0.8908685968819599,9.959072305593452,4,73
250250703022,416,422,486,615,1.4423076923076923,26.543209876543212,6,129
250250703023,388,523,579,669,34.79381443298969,15.544041450777202,135,90
250250704021,38,1462,72,2049,3747.3684210526317,2745.833333333333,1424,1977
250250704022,642,716,1651,1512,11.526479750778815,-8.419139915202907,74,-139
250250705011,670,660,1092,1149,-1.4925373134328357,5.21978021978022,-10,57
250250705012,588,601,991,1074,2.2108843537414966,8.375378405650856,13,83
250250705021,563,585,1010,1067,3.9076376554174073,5.643564356435644,22,57
250250705022,1245,1259,2367,2326,1.1244979919678715,-1.7321504013519222,14,-41
250250706001,667,647,1127,1161,-2.998500749625187,3.0168589174800355,-20,34
250250706002,642,613,1113,1126,-4.517133956386292,1.1680143755615455,-29,13
250250707001,644,642,1161,1236,-0.3105590062111801,6.459948320413436,-2,75
250250707002,722,694,1200,1291,-3.8781163434903045,7.583333333333334,-28,91
250250708011,601,607,1084,1056,0.9983361064891847,-2.5830258302583027,6,-28
250250708021,943,936,1550,1552,-0.7423117709437964,0.12903225806451613,-7,2
250250708022,612,602,1072,1133,-1.6339869281045754,5.690298507462686,-10,61
250250709011,571,568,1172,1165,-0.5253940455341506,-0.5972696245733788,-3,-7
250250709021,651,670,1135,1211,2.9185867895545314,6.6960352422907485,19,76
250250709022,576,583,1022,1089,1.215277777777778,6.555772994129158,7,67
250250711011,750,728,1424,1540,-2.933333333333333,8.146067415730338,-22,116
250250711012,507,557,831,916,9.861932938856016,10.22864019253911,50,85
250250711013,591,639,911,996,8.121827411167512,9.330406147091107,48,85
250250711014,337,348,587,659,3.2640949554896146,12.265758091993186,11,72
250250712011,516,546,948,1013,5.813953488372093,6.856540084388185,30,65
250250712012,303,506,951,1231,66.996699669967,29.44269190325973,203,280
250250712013,97,388,140,192,300,37.142857142857146,291,52
250250712014,483,459,1092,1078,-4.968944099378882,-1.282051282051282,-24,-14
250250801001,450,547,2612,2125,21.555555555555557,-18.644716692189892,97,-487
250250801002,294,314,738,775,6.802721088435375,5.013550135501355,20,37
250250803001,258,290,594,686,12.4031007751938,15.488215488215488,32,92
250250803002,533,581,1175,1550,9.00562851782364,31.914893617021278,48,375
250250804011,526,680,1265,1910,29.277566539923956,50.988142292490124,154,645
250250804012,723,783,1445,1481,8.29875518672199,2.491349480968858,60,36
250250805001,460,506,1076,1198,10,11.338289962825279,46,122
250250805002,863,924,2020,2090,7.068366164542295,3.4653465346534658,61,70
250250806011,458,687,3214,4013,50,24.859987554449283,229,799
250250806012,220,449,600,158,104.0909090909091,-73.66666666666667,229,-442
250250806013,242,346,459,561,42.97520661157025,22.22222222222222,104,102
250250808011,377,394,2219,2384,4.509283819628647,7.43578188373141,17,165
250250808012,569,702,1666,1898,23.374340949033392,13.925570228091235,133,232
250250809001,838,838,1411,1330,0,-5.740609496810772,0,-81
250250809002,505,609,1518,1780,20.594059405940595,17.25955204216074,104,262
250250809003,433,463,1080,1266,6.928406466512701,17.22222222222222,30,186
250250810011,310,353,787,1062,13.870967741935484,34.9428208386277,43,275
250250810012,581,634,1223,1445,9.122203098106713,18.152085036794766,53,222
250250810013,405,413,782,744,1.9753086419753085,-4.859335038363171,8,-38
250250810014,736,899,1583,1896,22.146739130434785,19.772583701831962,163,313
250250810015,255,282,515,548,10.588235294117647,6.407766990291262,27,33
250250811011,239,256,330,372,7.112970711297072,12.727272727272727,17,42
250250811012,192,695,651,1112,261.97916666666663,70.81413210445469,503,461
250250811021,524,565,1467,1572,7.8244274809160315,7.157464212678937,41,105
250250811022,826,803,1643,1593,-2.784503631961259,-3.0432136335970785,-23,-50
250250812001,418,502,1135,1393,20.095693779904305,22.73127753303965,84,258
250250812002,586,659,1428,1492,12.457337883959044,4.481792717086835,73,64
250250812003,228,217,702,621,-4.824561403508771,-11.538461538461538,-11,-81
250250813011,308,365,665,767,18.506493506493506,15.338345864661655,57,102
250250813012,615,757,1350,1627,23.089430894308943,20.51851851851852,142,277
250250813021,498,552,996,1121,10.843373493975903,12.550200803212853,54,125
250250813022,690,766,1749,1959,11.014492753623188,12.006861063464838,76,210
250250814001,355,354,772,820,-0.28169014084507044,6.217616580310881,-1,48
250250814002,379,431,838,1009,13.720316622691293,20.405727923627683,52,171
250250814003,558,669,1067,1401,19.892473118279568,31.302717900656045,111,334
250250814004,170,210,326,544,23.52941176470588,66.87116564417178,40,218
250250815001,351,428,788,1085,21.937321937321936,37.690355329949234,77,297
250250815002,554,579,1346,1364,4.512635379061372,1.337295690936107,25,18
250250817001,225,218,619,623,-3.111111111111111,0.6462035541195477,-7,4
250250817002,430,475,893,995,10.465116279069768,11.422172452407615,45,102
250250817003,291,299,780,882,2.7491408934707904,13.076923076923078,8,102
250250817004,355,375,887,950,5.633802816901409,7.1025930101465615,20,63
250250817005,298,314,641,691,5.369127516778524,7.800312012480499,16,50
250250818001,577,596,1157,1313,3.2928942807625647,13.48314606741573,19,156
250250818002,442,471,921,1006,6.561085972850679,9.229098805646037,29,85
250250818003,369,419,820,1248,13.550135501355012,52.19512195121951,50,428
250250819001,453,451,906,1090,-0.44150110375275936,20.309050772626932,-2,184
250250819002,259,278,617,644,7.335907335907336,4.376012965964344,19,27
250250819003,257,287,600,816,11.673151750972762,36,30,216
250250819004,428,455,992,1121,6.308411214953271,13.004032258064516,27,129
250250820001,566,620,1292,1498,9.540636042402827,15.944272445820435,54,206
250250820002,298,308,682,747,3.3557046979865772,9.530791788856305,10,65
250250820003,414,424,841,950,2.4154589371980677,12.960760998810938,10,109
250250821001,526,521,1228,1323,-0.9505703422053232,7.736156351791531,-5,95
250250821002,579,595,1553,1543,2.763385146804836,-0.643915003219575,16,-10
250250821003,1012,1034,2244,2358,2.1739130434782608,5.080213903743315,22,114
250250901001,660,674,1631,1610,2.1212121212121215,-1.2875536480686696,14,-21
250250901002,237,276,531,645,16.455696202531644,21.468926553672315,39,114
250250901003,303,316,693,856,4.29042904290429,23.52092352092352,13,163
250250901004,414,447,1099,1285,7.971014492753622,16.92447679708826,33,186
250250901005,249,255,617,775,2.4096385542168677,25.60777957860616,6,158
250250902001,244,250,673,712,2.459016393442623,5.794947994056463,6,39
250250902002,278,271,626,716,-2.5179856115107913,14.376996805111823,-7,90
250250902003,308,319,934,984,3.571428571428571,5.353319057815846,11,50
250250903001,333,339,891,1033,1.8018018018018018,15.937149270482603,6,142
250250903002,513,566,1310,1681,10.33138401559454,28.320610687022903,53,371
250250903003,422,391,978,1081,-7.345971563981042,10.531697341513292,-31,103
250250904001,311,322,871,921,3.536977491961415,5.7405281285878305,11,50
250250904002,434,521,1155,1462,20.046082949308754,26.580086580086583,87,307
250250904003,254,274,764,898,7.874015748031496,17.539267015706805,20,134
250250904004,294,311,870,820,5.782312925170068,-5.747126436781609,17,-50
250250906001,351,370,1094,1099,5.413105413105413,0.4570383912248629,19,5
250250906002,442,470,1254,1351,6.334841628959276,7.73524720893142,28,97
250250907001,518,517,1218,1171,-0.19305019305019305,-3.858784893267652,-1,-47
250250907002,644,654,1253,1260,1.5527950310559007,0.5586592178770949,10,7
250250907003,526,562,1153,1178,6.844106463878327,2.168256721595837,36,25
250250907004,302,677,651,1064,124.17218543046357,63.44086021505376,375,413
250250909011,606,624,1627,1403,2.9702970297029703,-13.767670559311618,18,-224
250250909012,1034,1104,2103,2197,6.769825918762089,4.46980504041845,70,94
250250910011,248,271,650,645,9.274193548387096,-0.7692307692307693,23,-5
250250910012,363,360,743,796,-0.8264462809917356,7.133243606998654,-3,53
250250910013,335,363,682,748,8.358208955223882,9.67741935483871,28,66
250250910014,369,668,667,1066,81.02981029810297,59.820089955022496,299,399
250250911001,625,630,1395,1441,0.8,3.2974910394265233,5,46
250250911002,465,519,1007,1195,11.612903225806452,18.669314796425024,54,188
250250911003,325,335,929,823,3.076923076923077,-11.410118406889127,10,-106
250250911004,254,271,713,679,6.692913385826772,-4.768583450210379,17,-34
250250911005,297,302,817,778,1.6835016835016834,-4.773561811505508,5,-39
250250912001,451,455,1081,1057,0.8869179600886918,-2.2201665124884364,4,-24
250250912002,492,523,1411,1363,6.300813008130081,-3.401842664776754,31,-48
250250912003,296,298,742,720,0.6756756756756757,-2.964959568733154,2,-22
250250913001,480,532,1368,1456,10.833333333333334,6.432748538011696,52,88
250250913002,388,403,1131,1170,3.865979381443299,3.4482758620689653,15,39
250250914001,584,675,1672,1748,15.582191780821919,4.545454545454546,91,76
250250914002,355,377,1069,1138,6.197183098591549,6.454630495790459,22,69
250250915001,744,766,1978,1926,2.956989247311828,-2.62891809908999,22,-52
250250915002,547,599,1494,1740,9.506398537477148,16.46586345381526,52,246
250250915003,362,366,898,922,1.1049723756906076,2.6726057906458798,4,24
250250916001,445,521,1205,1284,17.078651685393258,6.556016597510374,76,79
250250916002,413,423,1273,1250,2.4213075060532687,-1.8067556952081696,10,-23
250250916003,307,297,660,666,-3.257328990228013,0.9090909090909091,-10,6
250250917001,469,473,1306,1313,0.8528784648187633,0.5359877488514548,4,7
250250917002,337,350,988,1123,3.857566765578635,13.663967611336034,13,135
250250917003,244,251,775,767,2.8688524590163933,-1.032258064516129,7,-8
250250918001,517,527,1517,1570,1.9342359767891684,3.493737640079104,10,53
250250918002,340,406,1002,1096,19.411764705882355,9.3812375249501,66,94
250250918003,357,387,933,1052,8.403361344537815,12.754555198285104,30,119
250250919001,329,343,1042,959,4.25531914893617,-7.9654510556621885,14,-83
250250919002,280,316,709,918,12.857142857142856,29.478138222849083,36,209
250250919003,551,573,1522,1718,3.9927404718693285,12.87779237844941,22,196
250250919004,220,227,587,683,3.1818181818181817,16.35434412265758,7,96
250250920001,492,507,1374,1354,3.048780487804878,-1.455604075691412,15,-20
250250920002,578,625,1750,1823,8.131487889273355,4.171428571428572,47,73
250250920003,300,318,881,981,6,11.350737797956867,18,100
250250920004,323,326,940,1022,0.9287925696594427,8.72340425531915,3,82
250250921011,467,480,1113,1158,2.7837259100642395,4.0431266846361185,13,45
250250921012,387,425,1105,1238,9.819121447028424,12.036199095022624,38,133
250250921013,321,349,729,914,8.722741433021806,25.377229080932786,28,185
250250921014,398,429,1008,1021,7.788944723618091,1.2896825396825395,31,13
250250921015,881,909,2496,2590,3.1782065834279227,3.766025641025641,28,94
250250922001,307,320,911,972,4.234527687296417,6.695938529088913,13,61
250250922002,271,282,776,856,4.059040590405904,10.309278350515463,11,80
250250922003,279,282,748,812,1.0752688172043012,8.55614973262032,3,64
250250922004,370,408,914,962,10.27027027027027,5.25164113785558,38,48
250250923001,270,280,787,781,3.7037037037037033,-0.7623888182973316,10,-6
250250923002,257,287,671,784,11.673151750972762,16.84053651266766,30,113
250250923003,324,370,861,1071,14.19753086419753,24.390243902439025,46,210
250250923004,226,235,574,665,3.982300884955752,15.853658536585366,9,91
250250924001,248,246,637,820,-0.8064516129032258,28.728414442700156,-2,183
250250924002,417,428,1089,1223,2.6378896882494005,12.304866850321396,11,134
250250924003,711,714,1688,1811,0.42194092827004215,7.286729857819905,3,123
250250924004,413,533,1142,1434,29.055690072639223,25.569176882662,120,292
250250924005,276,265,721,779,-3.985507246376811,8.044382801664355,-11,58
250251001001,61,211,167,611,245.9016393442623,265.8682634730539,150,444
250251001002,247,263,643,735,6.477732793522267,14.307931570762053,16,92
250251001003,311,334,821,984,7.395498392282958,19.853836784409257,23,163
250251001004,298,299,964,1008,0.33557046979865773,4.564315352697095,1,44
250251001005,244,242,622,689,-0.819672131147541,10.77170418006431,-2,67
250251001006,492,282,1320,868,-42.68292682926829,-34.24242424242424,-210,-452
250251001007,395,342,973,827,-13.41772151898734,-15.00513874614594,-53,-146
250251002001,369,382,987,1059,3.523035230352303,7.29483282674772,13,72
250251002002,246,245,719,727,-0.40650406504065045,1.1126564673157162,-1,8
250251002003,398,398,1081,1133,0,4.810360777058279,0,52
250251003001,375,422,983,1288,12.533333333333333,31.027466937945064,47,305
250251003002,324,331,877,874,2.1604938271604937,-0.34207525655644244,7,-3
250251003003,295,309,731,842,4.745762711864407,15.18467852257182,14,111
250251003004,268,261,712,733,-2.6119402985074625,2.9494382022471908,-7,21
250251004001,535,614,1283,1267,14.766355140186915,-1.2470771628994544,79,-16
250251004002,350,491,1061,1270,40.285714285714285,19.698397737983033,141,209
250251004003,303,313,798,833,3.3003300330033,4.385964912280701,10,35
250251004004,642,652,1723,1698,1.557632398753894,-1.4509576320371445,10,-25
250251005001,494,533,1223,1220,7.894736842105263,-0.24529844644317253,39,-3
250251005002,413,412,991,1007,-0.24213075060532688,1.6145307769929365,-1,16
250251005003,529,556,1259,1418,5.103969754253308,12.629070691024621,27,159
250251005004,482,533,1328,1502,10.58091286307054,13.102409638554215,51,174
250251005005,465,499,1188,1429,7.311827956989248,20.286195286195287,34,241
250251006011,488,495,1094,1027,1.4344262295081966,-6.124314442413162,7,-67
250251006012,382,382,898,945,0,5.233853006681515,0,47
250251006013,535,570,1218,1320,6.5420560747663545,8.374384236453201,35,102
250251006014,787,804,1944,2050,2.1601016518424396,5.4526748971193415,17,106
250251006031,556,651,1306,1483,17.086330935251798,13.552833078101074,95,177
250251006032,284,300,598,689,5.633802816901409,15.217391304347828,16,91
250251007001,484,516,1050,1078,6.6115702479338845,2.666666666666667,32,28
250251007002,527,543,1027,1008,3.0360531309297913,-1.8500486854917235,16,-19
250251007003,290,296,672,724,2.0689655172413794,7.738095238095238,6,52
250251007004,371,388,856,839,4.5822102425876015,-1.9859813084112148,17,-17
250251007005,303,304,717,683,0.33003300330033003,-4.741980474198047,1,-34
250251008001,272,262,663,716,-3.6764705882352944,7.993966817496228,-10,53
250251008002,378,407,929,983,7.671957671957672,5.81270182992465,29,54
250251008003,412,423,899,924,2.669902912621359,2.7808676307007785,11,25
250251008004,666,624,1117,1033,-6.306306306306306,-7.520143240823635,-42,-84
250251008005,461,470,807,907,1.9522776572668112,12.391573729863694,9,100
250251008006,513,539,1131,1228,5.0682261208577,8.576480990274094,26,97
250251009001,307,309,761,730,0.6514657980456027,-4.07358738501971,2,-31
250251009002,237,240,569,578,1.2658227848101267,1.5817223198594026,3,9
250251009003,346,353,932,1011,2.023121387283237,8.47639484978541,7,79
250251009004,839,856,1810,1829,2.026221692491061,1.0497237569060773,17,19
250251010011,244,248,733,680,1.639344262295082,-7.230559345156889,4,-53
250251010012,312,318,733,764,1.9230769230769231,4.229195088676671,6,31
250251010013,302,313,745,845,3.642384105960265,13.422818791946309,11,100
250251010014,369,372,952,970,0.8130081300813009,1.8907563025210083,3,18
250251010015,497,490,1099,985,-1.4084507042253522,-10.37306642402184,-7,-114
250251010016,544,545,1230,1351,0.1838235294117647,9.83739837398374,1,121
250251010021,361,378,802,1034,4.7091412742382275,28.92768079800499,17,232
250251010022,983,1070,2261,2580,8.850457782299085,14.108801415302963,87,319
250251010023,805,848,1916,2098,5.341614906832298,9.498956158663884,43,182
250251011011,341,358,904,1033,4.9853372434017595,14.269911504424778,17,129
250251011012,543,553,1476,1456,1.841620626151013,-1.3550135501355014,10,-20
250251011013,403,406,960,1033,0.7444168734491315,7.604166666666666,3,73
250251011021,310,309,849,841,-0.3225806451612903,-0.9422850412249705,-1,-8
250251011022,541,532,1494,1579,-1.6635859519408502,5.689424364123159,-9,85
250251011023,304,301,712,777,-0.9868421052631579,9.129213483146067,-3,65
250251011024,517,546,1341,1569,5.609284332688588,17.002237136465325,29,228
250251101041,313,316,879,820,0.9584664536741214,-6.71217292377702,3,-59
250251101042,494,463,1369,1357,-6.275303643724696,-0.8765522279035792,-31,-12
250251101051,960,1160,1905,2120,20.833333333333336,11.286089238845145,200,215
250251101061,320,334,723,662,4.375,-8.437067773167358,14,-61
250251101062,271,280,583,694,3.3210332103321036,19.039451114922812,9,111
250251102011,874,851,2051,2091,-2.631578947368421,1.9502681618722575,-23,40
250251103011,403,427,1134,1137,5.955334987593052,0.26455026455026454,24,3
250251103012,552,599,1271,1363,8.51449275362319,7.238394964594807,47,92
250251104011,734,791,2014,1967,7.7656675749318795,-2.333664349553128,57,-47
250251104012,629,636,1555,1658,1.1128775834658187,6.623794212218649,7,103
250251104031,426,441,905,945,3.5211267605633805,4.41988950276243,15,40
250251104032,314,317,783,811,0.9554140127388535,3.5759897828863343,3,28
250251104033,258,258,657,731,0,11.263318112633181,0,74
250251104034,377,376,975,1014,-0.2652519893899204,4,-1,39
250251104035,392,404,989,936,3.061224489795918,-5.358948432760364,12,-53
250251105011,367,373,849,844,1.6348773841961852,-0.5889281507656066,6,-5
250251105012,631,644,1498,1542,2.0602218700475436,2.9372496662216285,13,44
250251105013,373,379,906,916,1.6085790884718498,1.1037527593818985,6,10
250251105021,589,603,1311,1382,2.3769100169779285,5.415713196033562,14,71
250251105022,810,864,1855,1861,6.666666666666667,0.3234501347708895,54,6
250251105023,285,298,640,757,4.56140350877193,18.28125,13,117
250251106011,865,762,1915,1682,-11.907514450867051,-12.16710182767624,-103,-233
250251106012,430,429,1054,957,-0.23255813953488372,-9.20303605313093,-1,-97
250251106071,519,524,1013,1017,0.9633911368015413,0.3948667324777887,5,4
250251106072,701,728,1529,1600,3.851640513552068,4.643557880967953,27,71
250251106073,678,731,1440,1586,7.817109144542774,10.13888888888889,53,146
250251106074,273,281,949,1073,2.93040293040293,13.066385669125394,8,124
250251201031,695,727,1504,1642,4.60431654676259,9.175531914893616,32,138
250251201041,457,466,780,908,1.9693654266958425,16.41025641025641,9,128
250251201042,653,672,1459,1465,2.909647779479326,0.411240575736806,19,6
250251201051,246,246,876,766,0,-12.557077625570775,0,-110
250251201052,389,403,934,1013,3.5989717223650386,8.458244111349037,14,79
250251201053,320,299,640,713,-6.5625,11.40625,-21,73
250251202011,611,652,1147,1287,6.710310965630114,12.205754141238012,41,140
250251202012,894,905,1841,1872,1.2304250559284116,1.6838674633351438,11,31
250251202013,221,684,451,1201,209.50226244343892,166.29711751662973,463,750
250251203011,443,461,1166,1212,4.063205417607223,3.9451114922813035,18,46
250251203012,331,454,855,1016,37.160120845921455,18.83040935672515,123,161
250251203013,554,573,1543,1527,3.429602888086643,-1.0369410239792611,19,-16
250251203014,567,605,1231,1365,6.701940035273369,10.885458976441917,38,134
250251204001,424,432,856,906,1.8867924528301887,5.841121495327103,8,50
250251204002,363,366,676,719,0.8264462809917356,6.3609467455621305,3,43
250251204003,466,469,895,907,0.6437768240343348,1.3407821229050279,3,12
250251204004,845,853,1862,1923,0.9467455621301776,3.2760472610096674,8,61
250251204005,730,825,1466,1551,13.013698630136986,5.798090040927694,95,85
250251205001,334,375,824,923,12.275449101796406,12.014563106796118,41,99
250251205002,270,291,733,758,7.777777777777778,3.4106412005457027,21,25
250251205003,301,311,774,742,3.322259136212625,-4.1343669250646,10,-32
250251206001,398,427,861,910,7.2864321608040195,5.691056910569105,29,49
250251206002,354,373,724,850,5.367231638418079,17.403314917127073,19,126
250251206003,348,372,746,806,6.896551724137931,8.04289544235925,24,60
250251207001,434,446,962,1000,2.7649769585253456,3.9501039501039505,12,38
250251207002,610,621,1052,1139,1.8032786885245904,8.26996197718631,11,87
250251301011,971,956,1675,1528,-1.544799176107106,-8.776119402985074,-15,-147
250251301012,270,328,520,715,21.48148148148148,37.5,58,195
250251301013,344,344,810,854,0,5.432098765432099,0,44
250251301014,304,302,655,725,-0.6578947368421052,10.687022900763358,-2,70
250251301015,486,523,1213,1148,7.613168724279835,-5.3586150041220115,37,-65
250251301016,439,444,1031,1078,1.1389521640091116,4.558680892337536,5,47
250251302001,245,247,590,648,0.8163265306122449,9.830508474576272,2,58
250251302002,366,369,880,878,0.819672131147541,-0.22727272727272727,3,-2
250251302003,606,682,1398,1539,12.541254125412541,10.085836909871244,76,141
250251302004,289,287,704,716,-0.6920415224913495,1.7045454545454544,-2,12
250251302005,408,410,934,927,0.49019607843137253,-0.7494646680942184,2,-7
250251303001,342,339,848,901,-0.8771929824561403,6.25,-3,53
250251303002,474,471,1125,1103,-0.6329113924050633,-1.9555555555555555,-3,-22
250251303003,295,294,801,815,-0.3389830508474576,1.7478152309612984,-1,14
250251303004,417,425,983,1025,1.9184652278177456,4.27263479145473,8,42
250251303005,283,290,662,652,2.4734982332155475,-1.5105740181268883,7,-10
250251304021,433,464,1015,1050,7.159353348729793,3.4482758620689653,31,35
250251304022,359,377,815,906,5.013927576601671,11.16564417177914,18,91
250251304023,371,362,947,977,-2.4258760107816713,3.167898627243928,-9,30
250251304024,1033,1040,1861,1900,0.6776379477250726,2.0956475013433637,7,39
250251304041,864,894,1892,2039,3.4722222222222223,7.76955602536998,30,147
250251304042,457,460,1006,1034,0.6564551422319475,2.783300198807157,3,28
250251304061,918,936,2223,2092,1.9607843137254901,-5.89293747188484,18,-131
250251304062,1010,1288,2311,2978,27.524752475247528,28.86196451752488,278,667
250251304063,264,267,573,569,1.1363636363636365,-0.6980802792321117,3,-4
250251401021,395,420,1186,1201,6.329113924050633,1.2647554806070826,25,15
250251401022,417,524,908,1188,25.65947242206235,30.837004405286343,107,280
250251401023,355,380,860,1050,7.042253521126761,22.093023255813954,25,190
250251401024,487,508,1447,1519,4.312114989733059,4.97581202487906,21,72
250251401051,887,901,2359,2353,1.5783540022547913,-0.2543450614667232,14,-6
250251401052,438,443,1320,1239,1.141552511415525,-6.136363636363637,5,-81
250251401061,660,686,1395,1465,3.939393939393939,5.017921146953405,26,70
250251401062,238,287,506,713,20.588235294117645,40.909090909090914,49,207
250251401071,753,783,1832,1976,3.9840637450199203,7.860262008733625,30,144
250251401072,298,319,699,802,7.046979865771812,14.735336194563661,21,103
250251402011,547,554,1089,1207,1.2797074954296161,10.835629017447198,7,118
250251402012,388,396,983,1104,2.0618556701030926,12.309257375381485,8,121
250251402021,349,355,916,971,1.7191977077363898,6.004366812227074,6,55
250251402022,520,542,1456,1428,4.230769230769231,-1.9230769230769231,22,-28
250251402023,359,375,987,1120,4.456824512534819,13.47517730496454,16,133
250251402024,582,656,1521,1535,12.714776632302405,0.9204470742932281,74,14
250251402025,271,276,720,770,1.8450184501845017,6.944444444444445,5,50
250251403001,343,379,915,1036,10.495626822157435,13.224043715846994,36,121
250251403002,309,315,862,923,1.9417475728155338,7.076566125290023,6,61
250251403003,732,750,1423,1478,2.459016393442623,3.865073787772312,18,55
250251403004,235,247,701,753,5.106382978723404,7.417974322396577,12,52
250251403005,443,448,1134,1233,1.1286681715575622,8.73015873015873,5,99
250251403006,462,505,1343,1420,9.307359307359308,5.7334326135517495,43,77
250251404001,319,327,654,684,2.507836990595611,4.587155963302752,8,30
250251404002,357,359,1003,1028,0.5602240896358543,2.4925224327018944,2,25
250251404003,368,374,1049,1008,1.6304347826086956,-3.9084842707340326,6,-41
250251404004,256,268,755,811,4.6875,7.417218543046358,12,56
250251404005,519,529,1398,1520,1.9267822736030826,8.726752503576538,10,122
250251404006,625,678,1618,1645,8.48,1.6687268232385661,53,27
250251404007,463,436,1172,1163,-5.831533477321814,-0.7679180887372014,-27,-9
250251601021,132,339,422,798,156.8181818181818,89.0995260663507,207,376
250251601022,407,420,1670,1613,3.194103194103194,-3.413173652694611,13,-57
250251601023,280,302,811,864,7.857142857142857,6.535141800246609,22,53
250251601024,158,159,561,548,0.6329113924050633,-2.3172905525846703,1,-13
250251601031,353,430,1332,1599,21.813031161473088,20.045045045045047,77,267
250251601032,261,285,1025,1081,9.195402298850574,5.463414634146342,24,56
250251601033,339,383,875,994,12.979351032448378,13.600000000000001,44,119
250251601034,229,249,855,972,8.73362445414847,13.684210526315791,20,117
250251602001,357,386,1336,1393,8.123249299719888,4.266467065868264,29,57
250251602002,327,372,1099,1063,13.761467889908257,-3.2757051865332123,45,-36
250251602003,237,260,867,852,9.70464135021097,-1.7301038062283738,23,-15
250251602004,304,325,741,846,6.907894736842106,14.17004048582996,21,105
250251603001,366,375,596,728,2.459016393442623,22.14765100671141,9,132
250251603002,913,1093,1469,2025,19.715224534501644,37.848876786929885,180,556
250251604001,371,418,998,1209,12.668463611859837,21.142284569138276,47,211
250251604002,263,306,735,931,16.34980988593156,26.666666666666668,43,196
250251604003,50,507,114,890,914,680.7017543859649,457,776
250251604004,344,375,869,848,9.011627906976743,-2.4165707710011506,31,-21
250251605011,646,670,2097,2159,3.7151702786377707,2.956604673342871,24,62
250251605012,396,403,1231,1338,1.7676767676767675,8.692120227457352,7,107
250251605013,233,308,774,1009,32.18884120171674,30.361757105943155,75,235
250251605014,392,395,754,721,0.7653061224489796,-4.376657824933687,3,-33
250251605015,304,322,748,878,5.921052631578947,17.379679144385026,18,130
250251605021,488,602,1398,1820,23.36065573770492,30.185979971387695,114,422
250251605022,0,0,0,0,NA,NA,0,0
250251605023,477,499,1359,1616,4.612159329140461,18.910963944076528,22,257
250251605024,329,523,924,1263,58.96656534954408,36.688311688311686,194,339
250251605025,295,305,779,905,3.389830508474576,16.174582798459564,10,126
250251606011,40,21,249,296,-47.5,18.87550200803213,-19,47
250251606012,614,590,1150,1101,-3.908794788273615,-4.260869565217392,-24,-49
250251606013,524,593,1634,1784,13.16793893129771,9.179926560587514,69,150
250251606014,390,397,1030,1150,1.7948717948717947,11.650485436893204,7,120
250251606021,472,492,1290,1415,4.23728813559322,9.689922480620156,20,125
250251606022,304,349,795,968,14.802631578947366,21.761006289308177,45,173
250251606023,346,380,825,1125,9.826589595375722,36.36363636363637,34,300
250251606024,271,291,780,877,7.380073800738007,12.435897435897436,20,97
250251606025,409,430,985,1108,5.134474327628362,12.48730964467005,21,123
250251701011,769,658,1671,1909,-14.434330299089726,14.24296828246559,-111,238
250251701012,384,436,1012,1258,13.541666666666666,24.308300395256918,52,246
250251701013,320,317,773,856,-0.9375,10.73738680465718,-3,83
250251701021,290,303,727,950,4.482758620689655,30.674002751031637,13,223
250251701022,514,516,1320,1423,0.38910505836575876,7.803030303030304,2,103
250251701023,289,286,722,940,-1.0380622837370241,30.193905817174517,-3,218
250251701024,498,614,1335,1702,23.293172690763054,27.490636704119854,116,367
250251702001,542,541,1228,1336,-0.18450184501845018,8.794788273615636,-1,108
250251702002,499,548,1395,1593,9.819639278557114,14.193548387096774,49,198
250251702003,240,261,606,804,8.75,32.67326732673268,21,198
250251702004,533,625,1335,1572,17.26078799249531,17.752808988764045,92,237
250251703011,975,1032,2555,2795,5.846153846153846,9.393346379647749,57,240
250251703012,659,686,1692,1901,4.09711684370258,12.35224586288416,27,209
250251703013,517,549,1209,1503,6.189555125725339,24.317617866004962,32,294
250251703014,300,314,729,846,4.666666666666667,16.049382716049383,14,117
250251703021,361,386,1049,1184,6.9252077562326875,12.869399428026693,25,135
250251703022,754,745,1262,1355,-1.1936339522546418,7.369255150554675,-9,93
250251703023,225,683,500,1512,203.55555555555554,202.4,458,1012
250251704001,485,500,1102,1398,3.0927835051546393,26.860254083484573,15,296
250251704002,506,544,1151,1266,7.5098814229249005,9.99131190269331,38,115
250251704003,431,458,1101,1356,6.2645011600928076,23.160762942779293,27,255
250251704004,435,204,854,447,-53.103448275862064,-47.658079625292736,-231,-407
250251704005,475,482,1171,1294,1.4736842105263157,10.503842869342442,7,123
250251705021,550,473,1134,1122,-14.000000000000002,-1.0582010582010581,-77,-12
250251705022,634,937,912,1424,47.791798107255524,56.14035087719298,303,512
250251705023,364,369,772,861,1.3736263736263736,11.528497409326425,5,89
250251705031,814,840,1501,1698,3.194103194103194,13.124583610926049,26,197
250251705041,796,1515,1145,2105,90.32663316582915,83.84279475982532,719,960
250251705042,316,323,789,1052,2.2151898734177213,33.33333333333333,7,263
250251706011,557,625,1351,1747,12.208258527827647,29.311621021465584,68,396
250251706012,573,641,1413,1719,11.8673647469459,21.656050955414013,68,306
250251706013,497,563,1387,1609,13.279678068410464,16.005767844268203,66,222
250251706014,380,386,954,1172,1.5789473684210527,22.851153039832283,6,218
250251707011,454,575,847,1181,26.651982378854626,39.43329397874852,121,334
250251707012,601,629,1258,1521,4.658901830282862,20.906200317965023,28,263
250251707021,345,383,1110,1242,11.014492753623188,11.891891891891893,38,132
250251707022,507,600,1468,1867,18.34319526627219,27.17983651226158,93,399
250251707023,554,625,1694,2015,12.815884476534295,18.94923258559622,71,321
250251707024,359,415,959,1282,15.598885793871867,33.68091762252346,56,323
250251707025,553,640,1391,1589,15.732368896925857,14.234363767074049,87,198
250251708001,797,807,1815,1974,1.2547051442910917,8.760330578512397,10,159
250251708002,577,582,1359,1572,0.8665511265164645,15.673289183222957,5,213
250251708003,419,464,967,1184,10.739856801909307,22.440537745604964,45,217
250251708004,424,455,977,1043,7.311320754716981,6.755373592630501,31,66
250251801011,583,628,1207,1426,7.718696397941681,18.144159072079535,45,219
250251801012,724,738,1215,1292,1.9337016574585635,6.337448559670782,14,77
250251801013,479,476,731,766,-0.6263048016701461,4.7879616963064295,-3,35
250251801014,714,1004,1612,2320,40.61624649859944,43.920595533498755,290,708
250251802001,610,526,1471,1429,-13.77049180327869,-2.8552005438477224,-84,-42
250251802002,299,311,647,749,4.013377926421405,15.765069551777433,12,102
250251802003,336,347,648,695,3.273809523809524,7.253086419753087,11,47
250251802004,549,666,1343,1453,21.311475409836063,8.190618019359643,117,110
250251803011,258,266,652,661,3.10077519379845,1.3803680981595092,8,9
250251803012,351,369,834,838,5.128205128205128,0.4796163069544364,18,4
250251803013,297,303,760,812,2.0202020202020203,6.842105263157896,6,52
250251803014,323,343,778,858,6.191950464396285,10.282776349614396,20,80
250251804001,435,486,876,1016,11.724137931034482,15.981735159817351,51,140
250251804002,347,358,839,912,3.170028818443804,8.700834326579262,11,73
250251805001,613,616,1273,1277,0.48939641109298526,0.3142183817753339,3,4
250251805002,271,266,572,628,-1.8450184501845017,9.79020979020979,-5,56
250251805003,671,663,1156,1244,-1.1922503725782414,7.612456747404845,-8,88
250251805004,459,455,882,940,-0.8714596949891068,6.575963718820861,-4,58
250259801011,0,0,535,0,NA,-100,0,-535
250259803001,2,8,338,113,300,-66.5680473372781,6,-225
250259807001,5,2,6,7,-60,16.666666666666664,-3,1
250259809001,1,80,2,125,7900,6150,79,123
250259810001,4,4,21,11,0,-47.61904761904761,0,-10
250259811001,0,0,0,0,NA,NA,0,0
250259811002,6,1,6,6,-83.33333333333334,0,-5,0
250259811003,1,1,215,91,0,-57.674418604651166,0,-124
250259811004,0,0,0,0,NA,NA,0,0
250259812011,0,0,0,0,NA,NA,0,0
250259812021,0,0,0,0,NA,NA,0,0
250259812022,0,1,207,6,Inf,-97.10144927536231,1,-201
250259813001,1,35,0,79,3400,Inf,34,79
250259815011,0,1,12,13,Inf,8.333333333333332,1,1
250259815021,3,4,9,7,33.33333333333333,-22.22222222222222,1,-2
250259816001,0,1,0,2,Inf,Inf,1,2
250259817001,0,2,0,4,Inf,Inf,2,4
250259818001,49,10,82,23,-79.59183673469387,-71.95121951219512,-39,-59
250259819001,0,0,0,0,NA,NA,0,0
250259901010,0,0,0,0,NA,NA,0,0
250277001001,478,490,935,982,2.510460251046025,5.026737967914439,12,47
250277001002,334,337,1020,965,0.8982035928143712,-5.392156862745098,3,-55
250277001003,351,380,888,964,8.262108262108262,8.558558558558559,29,76
250277001004,867,923,1915,2019,6.459054209919262,5.430809399477806,56,104
250277001005,255,286,702,739,12.156862745098039,5.270655270655271,31,37
250277001006,314,314,620,646,0,4.193548387096775,0,26
250277011011,972,1007,2046,2011,3.60082304526749,-1.7106549364613879,35,-35
250277011012,398,413,1290,1240,3.7688442211055273,-3.875968992248062,15,-50
250277011013,501,564,1431,1538,12.574850299401197,7.477288609364082,63,107
250277011021,559,589,1233,1337,5.366726296958855,8.43471208434712,30,104
250277011022,356,355,880,892,-0.2808988764044944,1.3636363636363635,-1,12
250277011023,285,262,664,633,-8.070175438596491,-4.66867469879518,-23,-31
250277011024,375,363,796,772,-3.2,-3.015075376884422,-12,-24
250277022011,574,649,1258,1250,13.066202090592336,-0.6359300476947536,75,-8
250277022021,753,778,1960,1941,3.3200531208499333,-0.9693877551020408,25,-19
250277031001,528,522,1036,1032,-1.1363636363636365,-0.3861003861003861,-6,-4
250277031002,557,553,1179,1275,-0.718132854578097,8.142493638676845,-4,96
250277031003,903,945,2108,2208,4.651162790697675,4.743833017077799,42,100
250277032001,557,542,1169,1221,-2.6929982046678633,4.448246364414029,-15,52
250277032002,603,613,1386,1421,1.658374792703151,2.525252525252525,10,35
250277032003,440,437,1003,997,-0.6818181818181818,-0.5982053838484547,-3,-6
250277033001,949,980,2071,2153,3.2665964172813484,3.959439884113954,31,82
250277033002,694,699,1632,1638,0.7204610951008645,0.3676470588235294,5,6
250277042011,802,808,1682,1726,0.7481296758104738,2.6159334126040426,6,44
250277042021,546,558,1234,1194,2.197802197802198,-3.2414910858995136,12,-40
250277051011,357,414,995,1188,15.966386554621847,19.396984924623116,57,193
250277051012,613,613,1263,1252,0,-0.870942201108472,0,-11
250277051013,439,489,1169,1247,11.389521640091116,6.672369546621043,50,78
250277051021,266,268,657,663,0.7518796992481203,0.91324200913242,2,6
250277051022,641,653,1575,1716,1.87207488299532,8.952380952380953,12,141
250277051023,236,234,819,623,-0.847457627118644,-23.931623931623932,-2,-196
250277051024,587,591,1536,1460,0.6814310051107325,-4.947916666666666,4,-76
250277061001,1033,1122,2800,2798,8.615682478218782,-0.07142857142857142,89,-2
250277061002,629,643,1582,1530,2.2257551669316373,-3.286978508217446,14,-52
250277071001,734,751,1829,1853,2.316076294277929,1.3121924548933843,17,24
250277071002,1002,1055,2081,2232,5.289421157684631,7.2561268620855355,53,151
250277072001,440,450,918,995,2.272727272727273,8.387799564270153,10,77
250277072002,530,658,921,1125,24.150943396226417,22.149837133550488,128,204
250277073001,698,552,1107,1168,-20.916905444126073,5.510388437217705,-146,61
250277073002,923,924,1782,1829,0.10834236186348861,2.6374859708193044,1,47
250277073003,614,617,1042,1059,0.4885993485342019,1.6314779270633395,3,17
250277074001,1042,1084,2497,2647,4.030710172744722,6.0072086503804565,42,150
250277074002,568,562,1119,1196,-1.056338028169014,6.881143878462913,-6,77
250277074003,449,461,975,1061,2.6726057906458798,8.82051282051282,12,86
250277075001,882,1009,1847,2053,14.399092970521544,11.153221440173255,127,206
250277075002,497,521,2152,2123,4.82897384305835,-1.3475836431226766,24,-29
250277075003,746,767,1959,1946,2.8150134048257374,-0.6636038795303726,21,-13
250277081001,624,654,1510,1666,4.807692307692308,10.331125827814569,30,156
250277081002,335,374,842,917,11.641791044776118,8.907363420427554,39,75
250277081003,776,939,2073,2445,21.00515463917526,17.945007235890014,163,372
250277081004,666,716,1707,1878,7.5075075075075075,10.017574692442881,50,171
250277081005,559,618,1145,1307,10.554561717352415,14.148471615720522,59,162
250277091001,650,688,1843,1938,5.846153846153846,5.154639175257731,38,95
250277091002,497,500,1250,1292,0.6036217303822937,3.36,3,42
250277091003,417,525,973,1126,25.899280575539567,15.724563206577596,108,153
250277092011,756,753,2038,2031,-0.3968253968253968,-0.34347399411187435,-3,-7
250277092012,514,544,1117,1183,5.836575875486381,5.908683974932856,30,66
250277092013,1009,1126,2281,2604,11.59563924677899,14.160455940377028,117,323
250277092014,562,716,1486,1994,27.402135231316727,34.185733512786,154,508
250277092031,237,244,723,779,2.9535864978902953,7.745504840940526,7,56
250277092032,704,848,1349,1715,20.454545454545457,27.131208302446257,144,366
250277092033,473,471,895,910,-0.42283298097251587,1.675977653631285,-2,15
250277092041,519,548,1089,1189,5.5876685934489405,9.182736455463727,29,100
250277092042,482,488,1066,1087,1.2448132780082988,1.9699812382739212,6,21
250277092043,728,758,1707,1802,4.1208791208791204,5.565319273579379,30,95
250277094001,979,964,2250,2231,-1.5321756894790604,-0.8444444444444443,-15,-19
250277094002,613,676,1333,1492,10.277324632952691,11.927981995498875,63,159
250277094003,536,554,1167,1216,3.3582089552238807,4.1988003427592115,18,49
250277095011,809,810,2149,2134,0.12360939431396785,-0.6979990693345742,1,-15
250277095021,572,590,1242,1262,3.146853146853147,1.610305958132045,18,20
250277095022,946,991,2544,2935,4.7568710359408035,15.369496855345913,45,391
250277095023,970,987,1884,1990,1.7525773195876289,5.626326963906582,17,106
250277096001,269,273,668,643,1.486988847583643,-3.74251497005988,4,-25
250277096002,335,335,721,748,0,3.744798890429958,0,27
250277096003,549,558,1034,1037,1.639344262295082,0.2901353965183753,9,3
250277097011,588,612,1331,1334,4.081632653061225,0.2253944402704733,24,3
250277097012,491,496,971,1155,1.0183299389002036,18.949536560247168,5,184
250277097013,366,386,840,800,5.46448087431694,-4.761904761904762,20,-40
250277097014,504,505,1043,1177,0.1984126984126984,12.847555129434324,1,134
250277097015,608,594,1424,1482,-2.302631578947368,4.073033707865169,-14,58
250277097021,552,562,1160,1235,1.8115942028985508,6.4655172413793105,10,75
250277097022,637,630,1182,1261,-1.098901098901099,6.683587140439933,-7,79
250277101001,519,507,1220,1360,-2.312138728323699,11.475409836065573,-12,140
250277101002,309,304,654,685,-1.6181229773462782,4.740061162079511,-5,31
250277101003,300,304,663,752,1.3333333333333335,13.423831070889895,4,89
250277101004,379,429,898,1018,13.192612137203167,13.3630289532294,50,120
250277102001,417,413,929,973,-0.9592326139088728,4.736275565123789,-4,44
250277102002,327,332,637,723,1.529051987767584,13.500784929356357,5,86
250277102003,370,378,812,991,2.1621621621621623,22.04433497536946,8,179
250277102004,458,473,1170,1117,3.2751091703056767,-4.52991452991453,15,-53
250277102005,857,881,1921,2037,2.8004667444574096,6.038521603331598,24,116
250277102006,568,528,1290,1198,-7.042253521126761,-7.131782945736434,-40,-92
250277103001,594,630,1562,1724,6.0606060606060606,10.371318822023047,36,162
250277103002,716,779,1736,1858,8.798882681564246,7.027649769585254,63,122
250277104001,461,459,1098,1155,-0.43383947939262474,5.191256830601093,-2,57
250277104002,458,472,1051,1049,3.056768558951965,-0.19029495718363465,14,-2
250277105001,446,449,988,1035,0.672645739910314,4.757085020242915,3,47
250277105002,643,644,1307,1417,0.15552099533437014,8.416220351951033,1,110
250277105003,412,404,951,943,-1.9417475728155338,-0.8412197686645636,-8,-8
250277106011,550,529,1344,1372,-3.8181818181818183,2.083333333333333,-21,28
250277106012,611,800,1425,1913,30.9328968903437,34.24561403508772,189,488
250277106021,452,470,876,880,3.982300884955752,0.45662100456621,18,4
250277106022,619,587,1321,1454,-5.169628432956381,10.068130204390613,-32,133
250277106023,687,686,1628,1679,-0.1455604075691412,3.1326781326781328,-1,51
250277107001,399,395,724,736,-1.0025062656641603,1.6574585635359116,-4,12
250277107002,714,656,856,1064,-8.123249299719888,24.299065420560748,-58,208
250277108001,393,397,1375,1507,1.0178117048346056,9.6,4,132
250277108002,573,578,1303,1229,0.8726003490401396,-5.6792018419033,5,-74
250277108003,553,527,915,1035,-4.701627486437613,13.114754098360656,-26,120
250277108004,344,418,740,1014,21.511627906976745,37.027027027027025,74,274
250277110001,506,517,1171,1211,2.1739130434782608,3.4158838599487615,11,40
250277110002,341,343,853,881,0.5865102639296188,3.2825322391559206,2,28
250277110003,442,425,1056,981,-3.8461538461538463,-7.1022727272727275,-17,-75
250277111001,760,780,3394,2436,2.631578947368421,-28.226281673541543,20,-958
250277111002,939,958,2450,2519,2.023429179978701,2.816326530612245,19,69
250277121011,532,543,1221,1306,2.0676691729323307,6.961506961506962,11,85
250277121012,776,1098,1875,2522,41.49484536082475,34.50666666666667,322,647
250277121013,740,1017,1641,2178,37.432432432432435,32.72394881170018,277,537
250277121014,466,478,1172,1343,2.575107296137339,14.590443686006827,12,171
250277121021,987,1018,2452,2625,3.1408308004052685,7.055464926590538,31,173
250277121022,632,651,1725,1808,3.0063291139240507,4.811594202898551,19,83
250277131001,712,774,1993,2099,8.707865168539326,5.3186151530356245,62,106
250277131002,780,799,1900,1838,2.435897435897436,-3.263157894736842,19,-62
250277131003,373,454,976,1188,21.715817694369974,21.721311475409834,81,212
250277131004,749,761,3186,3316,1.602136181575434,4.080351537978657,12,130
250277151001,776,902,2294,2701,16.237113402061855,17.741935483870968,126,407
250277151002,417,476,1064,1264,14.148681055155876,18.796992481203006,59,200
250277151003,546,604,1539,1700,10.622710622710622,10.46133853151397,58,161
250277161011,910,943,2042,2148,3.626373626373627,5.190989226248776,33,106
250277161012,597,677,1309,1553,13.400335008375208,18.6401833460657,80,244
250277161021,521,554,1082,1330,6.333973128598848,22.920517560073936,33,248
250277161022,435,470,1116,1222,8.045977011494253,9.498207885304659,35,106
250277161023,371,387,876,945,4.31266846361186,7.876712328767123,16,69
250277161024,567,652,1133,1310,14.991181657848324,15.62224183583407,85,177
250277162001,818,822,1644,1688,0.4889975550122249,2.67639902676399,4,44
250277162002,534,530,1176,1265,-0.7490636704119851,7.568027210884354,-4,89
250277163001,386,392,784,950,1.5544041450777202,21.1734693877551,6,166
250277163002,709,940,1367,1890,32.58110014104372,38.258961228968545,231,523
250277163003,551,580,1077,1127,5.263157894736842,4.642525533890436,29,50
250277171001,1189,1318,2866,3158,10.849453322119427,10.188415910676902,129,292
250277181001,1226,1290,3039,3243,5.220228384991843,6.712734452122408,64,204
250277181002,553,671,1316,1606,21.338155515370705,22.036474164133736,118,290
250277191001,648,667,1794,1751,2.9320987654320985,-2.3968784838350055,19,-43
250277191002,530,544,1438,1461,2.6415094339622645,1.5994436717663423,14,23
250277191003,497,510,1330,1337,2.61569416498994,0.5263157894736842,13,7
250277191004,693,730,1605,1713,5.339105339105339,6.728971962616822,37,108
250277191005,596,666,1641,1723,11.74496644295302,4.996953077391835,70,82
250277201001,780,804,2019,2097,3.076923076923077,3.863298662704309,24,78
250277201002,559,579,1394,1398,3.5778175313059033,0.2869440459110474,20,4
250277211011,711,738,1902,1851,3.79746835443038,-2.6813880126182967,27,-51
250277211031,643,785,1873,2242,22.08398133748056,19.701014415376402,142,369
250277211032,742,893,2332,2784,20.350404312668463,19.382504288164665,151,452
250277211041,892,896,2074,2107,0.4484304932735426,1.591128254580521,4,33
250277211042,712,802,1694,1916,12.640449438202248,13.105076741440378,90,222
250277221001,681,705,1735,1780,3.524229074889868,2.5936599423631126,24,45
250277221002,485,497,1009,1029,2.4742268041237114,1.9821605550049552,12,20
250277221003,655,703,1771,1904,7.328244274809161,7.5098814229249005,48,133
250277221004,355,357,883,817,0.5633802816901409,-7.474518686296716,2,-66
250277231001,788,818,2049,1811,3.807106598984772,-11.61542215714983,30,-238
250277231002,430,424,942,856,-1.3953488372093024,-9.129511677282377,-6,-86
250277231003,390,399,999,996,2.307692307692308,-0.3003003003003003,9,-3
250277241001,547,559,1265,1372,2.1937842778793417,8.458498023715414,12,107
250277241002,609,586,1068,1074,-3.776683087027915,0.5617977528089888,-23,6
250277241003,543,556,1368,1387,2.394106813996317,1.3888888888888888,13,19
250277251001,386,413,917,947,6.994818652849741,3.271537622682661,27,30
250277251002,433,438,929,861,1.1547344110854503,-7.319698600645856,5,-68
250277251003,362,363,744,785,0.2762430939226519,5.510752688172043,1,41
250277251004,294,297,592,610,1.0204081632653061,3.040540540540541,3,18
250277251005,583,612,1498,1532,4.974271012006861,2.2696929238985315,29,34
250277261001,805,802,1847,1813,-0.37267080745341613,-1.8408229561451002,-3,-34
250277261002,412,468,999,1143,13.592233009708737,14.414414414414415,56,144
250277261003,511,487,1181,1193,-4.6966731898238745,1.0160880609652836,-24,12
250277261004,436,456,1057,1093,4.587155963302752,3.405865657521287,20,36
250277261005,333,352,904,940,5.7057057057057055,3.982300884955752,19,36
250277262001,779,814,1775,1795,4.492939666238768,1.1267605633802817,35,20
250277262002,464,493,886,877,6.25,-1.0158013544018059,29,-9
250277262003,929,967,1681,1800,4.090419806243272,7.079119571683521,38,119
250277262004,626,676,1358,1338,7.987220447284344,-1.4727540500736376,50,-20
250277271001,580,602,1702,1753,3.793103448275862,2.9964747356051706,22,51
250277271002,1019,1087,3104,3251,6.673209028459273,4.735824742268041,68,147
250277281001,676,828,1777,2300,22.485207100591715,29.431626336522225,152,523
250277281002,425,740,1094,1818,74.11764705882354,66.17915904936015,315,724
250277281003,461,478,1255,1270,3.68763557483731,1.1952191235059761,17,15
250277282001,331,339,909,935,2.416918429003021,2.8602860286028604,8,26
250277282002,271,274,669,646,1.107011070110701,-3.43796711509716,3,-23
250277282003,348,351,953,1021,0.8620689655172413,7.135362014690451,3,68
250277282004,505,582,1182,1443,15.247524752475247,22.081218274111674,77,261
250277283001,823,850,2059,2267,3.2806804374240586,10.10199125789218,27,208
250277283002,935,985,2485,2649,5.347593582887701,6.599597585513078,50,164
250277284001,715,794,1951,2322,11.048951048951048,19.015889287544848,79,371
250277284002,407,419,931,985,2.9484029484029484,5.800214822771213,12,54
250277284003,751,799,2082,2249,6.391478029294275,8.021133525456293,48,167
250277291001,762,889,2810,2595,16.666666666666664,-7.6512455516014235,127,-215
250277291002,835,941,2188,2413,12.694610778443113,10.283363802559416,106,225
250277292001,344,349,803,803,1.4534883720930232,0,5,0
250277292002,805,873,1869,2066,8.4472049689441,10.540395933654361,68,197
250277301001,305,323,814,869,5.901639344262295,6.756756756756757,18,55
250277301002,519,548,1326,1390,5.5876685934489405,4.826546003016592,29,64
250277301003,882,1083,2075,2422,22.789115646258505,16.722891566265062,201,347
250277301004,753,829,1708,1823,10.092961487383798,6.7330210772833725,76,115
250277302001,449,528,1045,1247,17.59465478841871,19.330143540669855,79,202
250277302002,638,755,1310,1539,18.338557993730408,17.480916030534353,117,229
250277302003,299,306,712,761,2.341137123745819,6.882022471910113,7,49
250277302004,496,519,1140,1223,4.637096774193548,7.280701754385966,23,83
250277302005,594,614,1373,1376,3.3670033670033668,0.21849963583394028,20,3
250277303001,430,524,857,975,21.86046511627907,13.768961493582262,94,118
250277303002,615,684,1272,1544,11.219512195121952,21.38364779874214,69,272
250277303003,486,541,1079,1146,11.316872427983538,6.209453197405004,55,67
250277303004,325,373,657,750,14.76923076923077,14.15525114155251,48,93
250277303005,267,280,694,808,4.868913857677903,16.42651296829971,13,114
250277304011,451,481,912,1035,6.651884700665188,13.486842105263158,30,123
250277304012,476,511,1387,1484,7.352941176470589,6.993511175198269,35,97
250277304013,884,977,1803,2089,10.520361990950226,15.862451469772601,93,286
250277304014,642,653,1342,1384,1.7133956386292832,3.129657228017884,11,42
250277304021,380,461,884,1022,21.31578947368421,15.610859728506787,81,138
250277304022,296,367,776,1044,23.986486486486484,34.5360824742268,71,268
250277305001,368,436,739,928,18.478260869565215,25.57510148849797,68,189
250277305002,475,511,1143,1187,7.578947368421053,3.849518810148731,36,44
250277305003,849,857,1653,2051,0.9422850412249705,24.07743496672716,8,398
250277306001,1227,1273,3045,3217,3.7489812550937245,5.648604269293925,46,172
250277306002,426,463,1007,1019,8.685446009389672,1.1916583912611718,37,12
250277306003,388,398,1589,1262,2.5773195876288657,-20.578980490874766,10,-327
250277306004,375,389,2071,2467,3.733333333333334,19.12119748913568,14,396
250277306005,591,621,1087,1333,5.0761421319796955,22.63109475620975,30,246
250277307001,621,664,1553,1648,6.924315619967794,6.117192530585962,43,95
250277307002,305,319,781,832,4.590163934426229,6.530089628681178,14,51
250277307003,1060,1155,2480,2747,8.962264150943396,10.766129032258064,95,267
250277307004,818,851,1989,2140,4.034229828850855,7.59175465057818,33,151
250277308011,445,461,1029,1048,3.5955056179775284,1.84645286686103,16,19
250277308012,783,825,1835,1923,5.363984674329502,4.795640326975477,42,88
250277308013,329,335,801,852,1.82370820668693,6.367041198501873,6,51
250277308021,353,395,835,886,11.89801699716714,6.107784431137724,42,51
250277308022,502,563,1211,1336,12.151394422310757,10.322047894302228,61,125
250277309011,337,361,854,888,7.121661721068249,3.9812646370023423,24,34
250277309012,576,664,1262,1538,15.277777777777779,21.870047543581617,88,276
250277309013,590,576,1288,1302,-2.3728813559322033,1.0869565217391304,-14,14
250277309021,338,357,1838,2321,5.621301775147929,26.278563656147984,19,483
250277309022,367,373,739,833,1.6348773841961852,12.719891745602165,6,94
250277309023,452,510,1139,1262,12.831858407079647,10.79894644424934,58,123
250277310011,823,896,2229,2468,8.869987849331713,10.722296994167788,73,239
250277310021,355,412,854,994,16.056338028169016,16.39344262295082,57,140
250277310022,945,975,2312,2272,3.1746031746031744,-1.7301038062283738,30,-40
250277310023,987,1132,2331,2781,14.69098277608916,19.305019305019304,145,450
250277310024,332,377,905,1034,13.55421686746988,14.25414364640884,45,129
250277311011,315,395,841,939,25.396825396825395,11.652794292508919,80,98
250277311012,328,378,821,953,15.24390243902439,16.07795371498173,50,132
250277311013,419,484,819,995,15.513126491646778,21.48962148962149,65,176
250277311014,563,605,1468,1640,7.460035523978685,11.716621253405995,42,172
250277311021,357,404,854,925,13.165266106442578,8.313817330210773,47,71
250277311022,384,421,896,1032,9.635416666666668,15.178571428571427,37,136
250277311023,322,372,761,900,15.527950310559005,18.265440210249672,50,139
250277312021,1,12,1111,1375,1100,23.762376237623762,11,264
250277312031,957,1038,1742,1793,8.463949843260188,2.9276693455797935,81,51
250277312032,425,525,1134,1616,23.52941176470588,42.504409171075835,100,482
250277312033,503,606,1371,1675,20.47713717693837,22.173595915390226,103,304
250277312034,392,461,952,1006,17.602040816326532,5.6722689075630255,69,54
250277312041,516,576,1515,1470,11.627906976744185,-2.9702970297029703,60,-45
250277312042,352,419,983,1061,19.03409090909091,7.934893184130214,67,78
250277313001,459,576,1154,1376,25.49019607843137,19.23743500866551,117,222
250277313002,401,498,1182,1409,24.189526184538654,19.204737732656515,97,227
250277313003,644,671,1505,1638,4.192546583850932,8.837209302325581,27,133
250277314001,488,500,947,898,2.459016393442623,-5.174234424498416,12,-49
250277314002,300,343,722,906,14.333333333333334,25.48476454293629,43,184
250277314003,337,445,1052,1184,32.047477744807125,12.547528517110266,108,132
250277314004,409,466,1313,1379,13.93643031784841,5.026656511805026,57,66
250277314005,241,281,639,830,16.59751037344398,29.890453834115803,40,191
250277315001,320,391,630,731,22.1875,16.03174603174603,71,101
250277315002,478,533,1027,1136,11.506276150627615,10.613437195715676,55,109
250277315003,457,515,1374,1418,12.691466083150985,3.2023289665211063,58,44
250277315004,285,315,881,828,10.526315789473683,-6.015891032917139,30,-53
250277315005,596,633,1262,1330,6.208053691275168,5.388272583201268,37,68
250277316011,590,648,1226,1375,9.830508474576272,12.153344208809136,58,149
250277316012,429,498,806,930,16.083916083916083,15.384615384615385,69,124
250277316013,658,756,1267,1277,14.893617021276595,0.7892659826361484,98,10
250277316014,289,330,668,735,14.186851211072666,10.029940119760479,41,67
250277316015,267,272,586,495,1.8726591760299627,-15.529010238907851,5,-91
250277316021,97,220,894,1014,126.8041237113402,13.422818791946309,123,120
250277316022,326,410,1909,2253,25.766871165644172,18.019905709795704,84,344
250277317001,673,785,989,1061,16.64190193164933,7.280080889787664,112,72
250277317002,133,628,345,1559,372.18045112781954,351.8840579710145,495,1214
250277317003,705,994,1427,1439,40.99290780141844,0.8409250175192713,289,12
250277318011,382,460,793,963,20.418848167539267,21.437578814627994,78,170
250277318012,916,1062,1463,1862,15.938864628820962,27.27272727272727,146,399
250277318021,400,433,804,898,8.25,11.691542288557214,33,94
250277318022,594,599,1536,1500,0.8417508417508417,-2.34375,5,-36
250277318023,368,378,937,987,2.717391304347826,5.3361792956243335,10,50
250277318024,297,338,639,733,13.804713804713806,14.710485133020345,41,94
250277319001,467,535,1068,1195,14.5610278372591,11.891385767790261,68,127
250277319002,491,598,1191,1499,21.792260692464357,25.86062132661629,107,308
250277319003,271,349,709,1001,28.782287822878228,41.18476727785614,78,292
250277319004,1026,1182,2259,2656,15.204678362573098,17.574147853032315,156,397
250277320011,600,605,1894,1874,0.8333333333333334,-1.0559662090813093,5,-20
250277320012,571,577,1436,1565,1.0507880910683012,8.983286908077995,6,129
250277320021,450,505,1256,1444,12.222222222222221,14.968152866242038,55,188
250277320022,1000,1068,2026,2101,6.800000000000001,3.7018756169792693,68,75
250277320023,223,166,754,803,-25.56053811659193,6.49867374005305,-57,49
250277322011,507,537,788,855,5.9171597633136095,8.50253807106599,30,67
250277322012,1003,1172,2032,2409,16.849451645064807,18.553149606299215,169,377
250277322021,509,616,1213,1387,21.021611001964637,14.344600164880461,107,174
250277322022,863,965,2027,2296,11.819235225955968,13.27084361124815,102,269
250277322031,496,559,944,1070,12.701612903225806,13.347457627118645,63,126
250277322032,395,440,1040,1134,11.39240506329114,9.038461538461538,45,94
250277322033,371,414,869,1008,11.590296495956872,15.995397008055237,43,139
250277323011,529,638,1285,1538,20.604914933837428,19.688715953307394,109,253
250277323012,1298,1441,2870,3297,11.016949152542372,14.878048780487804,143,427
250277323021,1029,1275,2371,2958,23.9067055393586,24.7574862927035,246,587
250277323022,687,753,1531,1758,9.606986899563319,14.826910516002611,66,227
250277324001,455,543,1096,1433,19.340659340659343,30.748175182481752,88,337
250277324002,485,529,1244,1740,9.072164948453608,39.87138263665595,44,496
250277324003,401,428,1060,1234,6.733167082294264,16.41509433962264,27,174
250277324004,336,399,910,945,18.75,3.8461538461538463,63,35
250277324005,291,330,815,967,13.402061855670103,18.650306748466257,39,152
250277324006,490,556,1334,1699,13.46938775510204,27.361319340329835,66,365
250277325001,317,568,698,1323,79.17981072555204,89.54154727793696,251,625
250277325002,504,553,1078,1167,9.722222222222223,8.256029684601113,49,89
250277326001,517,560,1153,1355,8.317214700193423,17.519514310494362,43,202
250277326002,448,528,1022,1365,17.857142857142858,33.56164383561644,80,343
250277326003,341,431,815,1056,26.392961876832842,29.570552147239265,90,241
250277326004,291,336,603,771,15.463917525773196,27.860696517412936,45,168
250277326005,300,345,660,901,15,36.515151515151516,45,241
250277327001,529,618,1153,1379,16.824196597353495,19.601040763226365,89,226
250277327002,386,440,857,1009,13.989637305699482,17.736289381563594,54,152
250277327003,539,608,1143,1334,12.80148423005566,16.710411198600177,69,191
250277327004,395,467,785,977,18.227848101265824,24.45859872611465,72,192
250277328011,860,1008,1908,2253,17.209302325581397,18.081761006289305,148,345
250277328012,1509,1503,2921,3121,-0.3976143141153081,6.846970215679561,-6,200
250277328021,847,892,2241,2321,5.312868949232586,3.5698348951361,45,80
250277328022,529,568,1138,1340,7.372400756143667,17.75043936731107,39,202
250277328023,322,368,743,959,14.285714285714285,29.071332436069987,46,216
250277329011,480,547,1013,1141,13.958333333333334,12.635735439289238,67,128
250277329012,1107,1311,2360,2763,18.428184281842817,17.076271186440678,204,403
250277329013,460,528,943,1171,14.782608695652174,24.17815482502651,68,228
250277329014,561,622,1413,1454,10.87344028520499,2.9016277423920736,61,41
250277329015,359,372,986,915,3.6211699164345403,-7.200811359026369,13,-71
250277329021,24,22,2336,3299,-8.333333333333332,41.22431506849315,-2,963
250277330001,274,327,840,827,19.34306569343066,-1.5476190476190477,53,-13
250277330002,607,710,1493,1762,16.96869851729819,18.017414601473543,103,269
250277330003,515,626,1429,1684,21.553398058252426,17.844646606018195,111,255
250277331011,390,406,953,1033,4.102564102564102,8.394543546694647,16,80
250277331012,470,563,1105,1240,19.78723404255319,12.217194570135746,93,135
250277331021,325,385,764,1051,18.461538461538463,37.56544502617801,60,287
250277331022,619,709,1460,1657,14.539579967689823,13.493150684931507,90,197
250277351001,318,311,1049,1057,-2.20125786163522,0.7626310772163966,-7,8
250277351002,458,470,1211,1136,2.6200873362445414,-6.193228736581338,12,-75
250277351003,987,1012,2555,2550,2.532928064842958,-0.19569471624266144,25,-5
250277351004,825,816,1895,1902,-1.090909090909091,0.36939313984168864,-9,7
250277352001,499,519,1284,1271,4.008016032064128,-1.0124610591900312,20,-13
250277352002,345,348,841,840,0.8695652173913043,-0.11890606420927466,3,-1
250277352003,493,545,1301,1450,10.547667342799189,11.45272867025365,52,149
250277352004,344,350,831,881,1.744186046511628,6.016847172081829,6,50
250277361001,339,334,818,830,-1.4749262536873156,1.466992665036675,-5,12
250277361002,668,712,1782,1858,6.58682634730539,4.264870931537598,44,76
250277362001,342,342,857,852,0,-0.5834305717619603,0,-5
250277362002,614,651,1458,1705,6.026058631921824,16.941015089163237,37,247
250277362003,579,574,1406,1428,-0.8635578583765112,1.5647226173541962,-5,22
250277363001,324,321,761,767,-0.9259259259259258,0.7884362680683311,-3,6
250277363002,684,692,1665,1722,1.1695906432748537,3.423423423423423,8,57
250277364001,666,697,1534,1571,4.654654654654655,2.411994784876141,31,37
250277364002,617,605,1538,1542,-1.9448946515397085,0.26007802340702213,-12,4
250277365001,287,291,621,647,1.3937282229965158,4.186795491143317,4,26
250277365002,258,266,626,630,3.10077519379845,0.6389776357827476,8,4
250277365003,508,516,937,948,1.574803149606299,1.1739594450373532,8,11
250277365004,484,484,1175,1226,0,4.340425531914894,0,51
250277365005,469,514,1010,1163,9.594882729211088,15.148514851485148,45,153
250277371001,435,473,1003,1114,8.735632183908045,11.06679960119641,38,111
250277371002,697,752,1568,1604,7.890961262553802,2.295918367346939,55,36
250277371003,1053,1119,2545,2663,6.267806267806268,4.6365422396856575,66,118
250277372001,421,435,798,835,3.32541567695962,4.636591478696742,14,37
250277372002,510,502,949,925,-1.5686274509803921,-2.528977871443625,-8,-24
250277373001,644,655,1502,1514,1.7080745341614907,0.7989347536617843,11,12
250277373002,557,558,1469,1416,0.17953321364452424,-3.6078965282505107,1,-53
250277373003,575,665,1535,1819,15.65217391304348,18.501628664495115,90,284
250277373004,736,828,1891,1941,12.5,2.6441036488630356,92,50
250277381001,508,524,1097,1165,3.149606299212598,6.198723792160438,16,68
250277381002,547,581,1424,1463,6.2157221206581355,2.7387640449438204,34,39
250277381003,824,914,2116,2386,10.922330097087379,12.75992438563327,90,270
250277382011,720,762,2017,2171,5.833333333333333,7.635101636093208,42,154
250277382012,871,935,2058,2275,7.347876004592423,10.54421768707483,64,217
250277382021,1042,1067,2302,2380,2.399232245681382,3.3883579496090355,25,78
250277382022,407,426,1287,1320,4.668304668304668,2.564102564102564,19,33
250277382023,939,1146,2389,3068,22.044728434504794,28.42193386354123,207,679
250277391011,585,568,1279,1286,-2.905982905982906,0.547302580140735,-17,7
250277391012,462,525,1099,1248,13.636363636363635,13.557779799818018,63,149
250277391013,848,890,2543,2752,4.952830188679245,8.218639402280772,42,209
250277391021,737,829,2381,2476,12.48303934871099,3.989920201595968,92,95
250277391022,987,1189,2281,2756,20.466058763931105,20.82419991231916,202,475
250277392011,794,869,1841,2006,9.445843828715365,8.962520369364475,75,165
250277392012,696,714,1365,1502,2.586206896551724,10.036630036630036,18,137
250277392021,405,660,962,1439,62.96296296296296,49.58419958419958,255,477
250277392022,791,795,1765,1809,0.5056890012642226,2.492917847025496,4,44
250277393001,659,662,1623,1775,0.4552352048558422,9.365372766481823,3,152
250277393002,960,1034,2065,2229,7.708333333333334,7.941888619854722,74,164
250277394011,949,965,2818,2794,1.685985247629083,-0.8516678495386799,16,-24
250277394012,280,282,953,902,0.7142857142857143,-5.351521511017839,2,-51
250277394013,581,576,1360,1417,-0.8605851979345954,4.191176470588235,-5,57
250277394014,722,732,1399,1441,1.3850415512465373,3.0021443888491777,10,42
250277394021,821,896,2297,2548,9.135200974421437,10.927296473661299,75,251
250277395001,961,1006,2980,3199,4.682622268470343,7.348993288590604,45,219
250277395002,267,267,756,756,0,0,0,0
250277395003,1103,1097,2814,2855,-0.543970988213962,1.4570007107320542,-6,41
250277395004,379,410,1028,1135,8.179419525065963,10.408560311284047,31,107
250277401011,558,575,1546,1601,3.046594982078853,3.5575679172056924,17,55
250277401012,656,1027,1879,2774,56.55487804878049,47.6317189994678,371,895
250277401013,600,628,1765,1852,4.666666666666667,4.929178470254957,28,87
250277401021,1037,1089,2755,2937,5.014464802314368,6.606170598911071,52,182
250277401022,595,610,1588,1704,2.5210084033613445,7.304785894206549,15,116
250277401023,610,611,1710,1625,0.16393442622950818,-4.970760233918129,1,-85
250277402001,346,378,745,901,9.248554913294797,20.93959731543624,32,156
250277402002,536,562,1222,1321,4.850746268656716,8.101472995090015,26,99
250277402003,377,417,944,1026,10.610079575596817,8.686440677966102,40,82
250277411011,387,387,854,921,0,7.845433255269321,0,67
250277411012,671,697,1939,1907,3.8748137108792844,-1.6503352243424447,26,-32
250277411013,653,689,1685,1818,5.51301684532925,7.893175074183977,36,133
250277411021,374,392,1146,1215,4.81283422459893,6.020942408376963,18,69
250277411022,579,608,1828,1882,5.008635578583765,2.954048140043764,29,54
250277411023,332,522,989,1342,57.22891566265061,35.69261880687563,190,353
250277411024,464,468,1326,1365,0.8620689655172413,2.941176470588235,4,39
250277423001,436,434,996,976,-0.45871559633027525,-2.0080321285140563,-2,-20
250277423002,331,334,815,857,0.906344410876133,5.153374233128835,3,42
250277423003,280,277,732,759,-1.0714285714285714,3.6885245901639343,-3,27
250277423004,430,474,773,875,10.232558139534884,13.195342820181114,44,102
250277423005,365,364,729,788,-0.273972602739726,8.093278463648835,-1,59
250277424011,790,800,2471,2539,1.2658227848101267,2.7519222986645087,10,68
250277424012,339,341,997,1008,0.5899705014749262,1.103309929789368,2,11
250277424013,666,725,1970,2130,8.85885885885886,8.121827411167512,59,160
250277424021,406,428,1188,1277,5.41871921182266,7.491582491582492,22,89
250277424022,163,756,422,2036,363.8036809815951,382.46445497630333,593,1614
250277424023,663,655,1416,1733,-1.206636500754148,22.387005649717516,-8,317
250277431001,830,909,2245,2523,9.518072289156626,12.383073496659243,79,278
250277431002,891,901,2246,2272,1.122334455667789,1.157613535173642,10,26
250277431003,423,427,908,957,0.9456264775413712,5.39647577092511,4,49
250277431004,688,758,2143,2248,10.174418604651162,4.899673355109659,70,105
250277441021,928,987,2503,2588,6.357758620689655,3.395924890131842,59,85
250277441022,382,411,1074,1283,7.591623036649215,19.45996275605214,29,209
250277441023,714,726,1681,1681,1.680672268907563,0,12,0
250277441031,422,606,1151,1525,43.60189573459716,32.49348392701998,184,374
250277441032,675,585,1370,1255,-13.333333333333334,-8.394160583941606,-90,-115
250277441041,566,581,1565,1576,2.65017667844523,0.7028753993610224,15,11
250277441042,617,662,1566,1708,7.293354943273905,9.067688378033207,45,142
250277441043,652,685,1793,1883,5.061349693251533,5.01952035694367,33,90
250277442011,704,742,1813,2009,5.3977272727272725,10.81081081081081,38,196
250277442012,299,299,770,815,0,5.844155844155844,0,45
250277442021,544,567,1193,1290,4.227941176470589,8.130762782900252,23,97
250277442022,492,493,921,934,0.20325203252032523,1.4115092290988056,1,13
250277442023,299,307,889,898,2.6755852842809364,1.0123734533183353,8,9
250277442024,790,908,1920,2217,14.936708860759493,15.46875,118,297
250277443001,471,496,1010,1151,5.3078556263269645,13.960396039603962,25,141
250277443002,479,480,1132,1356,0.20876826722338201,19.78798586572438,1,224
250277443003,333,328,768,842,-1.5015015015015014,9.635416666666668,-5,74
250277443004,400,435,906,1101,8.75,21.52317880794702,35,195
250277444001,485,477,1130,1245,-1.6494845360824744,10.176991150442479,-8,115
250277444002,661,680,1641,1732,2.8744326777609683,5.545399146861669,19,91
250277444003,499,501,1203,1290,0.4008016032064128,7.231920199501247,2,87
250277451001,923,932,2555,2579,0.9750812567713976,0.9393346379647749,9,24
250277451002,680,752,1359,1461,10.588235294117647,7.505518763796909,72,102
250277451003,682,710,1997,1977,4.105571847507331,-1.0015022533800702,28,-20
250277461001,653,704,1711,1880,7.810107197549771,9.877264757451783,51,169
250277461002,485,488,1258,1248,0.6185567010309279,-0.7949125596184419,3,-10
250277461003,536,571,1688,1766,6.529850746268656,4.62085308056872,35,78
250277461004,416,471,1180,1334,13.221153846153847,13.050847457627118,55,154
250277471011,1043,1192,2858,3092,14.285714285714285,8.187543736878936,149,234
250277471012,526,496,1121,1048,-5.7034220532319395,-6.512042818911685,-30,-73
250277471013,497,514,1129,1166,3.420523138832998,3.277236492471213,17,37
250277471021,712,744,1963,1915,4.49438202247191,-2.445236882322975,32,-48
250277471022,849,923,1954,1987,8.716136631330977,1.6888433981576252,74,33
250277481001,686,712,1790,1843,3.7900874635568513,2.9608938547486034,26,53
250277481002,476,479,1400,1331,0.6302521008403361,-4.928571428571429,3,-69
250277491001,673,747,1834,1944,10.99554234769688,5.997818974918212,74,110
250277491002,1001,1032,2742,2824,3.096903096903097,2.9905178701677606,31,82
250277491003,744,858,2016,2183,15.32258064516129,8.283730158730158,114,167
250277491004,470,517,1396,1420,10,1.7191977077363898,47,24
250277492001,1420,1564,3043,3337,10.140845070422536,9.661518238580348,144,294
250277492002,481,508,1231,1284,5.613305613305614,4.305442729488221,27,53
250277492003,513,504,1194,1170,-1.7543859649122806,-2.0100502512562812,-9,-24
250277501001,564,637,1372,1558,12.943262411347517,13.556851311953352,73,186
250277501002,994,1048,2755,2743,5.432595573440644,-0.43557168784029043,54,-12
250277501003,824,807,1921,1851,-2.063106796116505,-3.643935450286309,-17,-70
250277502001,969,1084,2194,2394,11.867905056759547,9.115770282588878,115,200
250277502002,492,500,1330,1313,1.6260162601626018,-1.2781954887218046,8,-17
250277502003,1134,1270,3226,3453,11.992945326278658,7.03657780533168,136,227
250277503001,1197,1345,2911,3023,12.364243943191312,3.847475094469255,148,112
250277511011,821,890,2441,2538,8.404384896467722,3.9737812371978696,69,97
250277511012,392,412,926,958,5.1020408163265305,3.455723542116631,20,32
250277511013,440,445,1128,1180,1.1363636363636365,4.609929078014184,5,52
250277511014,635,655,1724,1714,3.149606299212598,-0.580046403712297,20,-10
250277511021,596,627,1496,1604,5.201342281879195,7.219251336898395,31,108
250277511022,510,583,1248,1363,14.313725490196077,9.214743589743591,73,115
250277521011,980,1080,2796,2945,10.204081632653061,5.329041487839771,100,149
250277521012,1072,1124,2557,2702,4.850746268656716,5.670707860774344,52,145
250277521021,513,525,1068,1162,2.3391812865497075,8.801498127340825,12,94
250277521022,728,780,2050,2174,7.142857142857142,6.048780487804878,52,124
250277531001,329,332,741,741,0.911854103343465,0,3,0
250277531002,452,450,1151,1031,-0.4424778761061947,-10.425716768027801,-2,-120
250277531003,677,689,1896,1808,1.7725258493353029,-4.641350210970464,12,-88
250277531004,892,911,1826,1847,2.130044843049327,1.1500547645125958,19,21
250277531005,687,735,1844,1827,6.986899563318777,-0.9219088937093275,48,-17
250277532001,843,863,2059,2120,2.372479240806643,2.962603205439534,20,61
250277532002,569,590,1214,1142,3.690685413005272,-5.930807248764415,21,-72
250277532003,234,237,671,615,1.282051282051282,-8.345752608047691,3,-56
250277532004,858,871,2307,2216,1.5151515151515151,-3.944516688339835,13,-91
250277541001,535,590,1337,1375,10.2803738317757,2.842183994016455,55,38
250277541002,711,778,1812,1924,9.423347398030943,6.181015452538632,67,112
250277541003,949,982,1672,1738,3.477344573234984,3.9473684210526314,33,66
250277541004,822,867,1680,1741,5.474452554744526,3.6309523809523814,45,61
250277542001,722,739,1388,1485,2.3545706371191137,6.988472622478387,17,97
250277542002,405,427,925,1012,5.432098765432099,9.405405405405405,22,87
250277542003,556,666,1149,1272,19.784172661870503,10.704960835509137,110,123
250277543001,480,500,901,1019,4.166666666666666,13.09655937846837,20,118
250277543002,664,665,1230,1250,0.15060240963855423,1.6260162601626018,1,20
250277543003,441,467,829,830,5.895691609977324,0.12062726176115801,26,1
250277544001,386,403,1097,1169,4.404145077720207,6.563354603463993,17,72
250277544002,413,421,982,998,1.937046004842615,1.6293279022403258,8,16
250277544003,437,437,834,956,0,14.628297362110313,0,122
250277544004,491,511,930,1007,4.0733197556008145,8.279569892473118,20,77
250277551001,805,818,1643,1655,1.6149068322981366,0.7303712720632989,13,12
250277551002,751,798,1657,1795,6.25832223701731,8.328304164152083,47,138
250277552011,443,454,1181,1191,2.4830699774266365,0.8467400508044031,11,10
250277552012,796,832,2075,2120,4.522613065326634,2.1686746987951806,36,45
250277552013,443,485,1140,1197,9.480812641083523,5,42,57
250277552021,407,430,1801,1846,5.651105651105651,2.498611882287618,23,45
250277552022,323,400,820,1029,23.8390092879257,25.48780487804878,77,209
250277552023,435,440,1073,1088,1.1494252873563218,1.3979496738117427,5,15
250277561011,846,907,2151,2286,7.210401891252956,6.2761506276150625,61,135
250277561012,529,559,1144,1186,5.671077504725898,3.6713286713286712,30,42
250277561013,517,484,1217,1066,-6.382978723404255,-12.407559572719803,-33,-151
250277561021,1036,1105,2962,3075,6.660231660231661,3.8149898717083053,69,113
250277561022,765,873,2156,2255,14.117647058823529,4.591836734693878,108,99
250277561023,483,517,1419,1393,7.039337474120083,-1.8322762508809023,34,-26
250277561024,709,794,1934,2054,11.988716502115656,6.204756980351603,85,120
250277571001,527,586,1246,1294,11.195445920303605,3.8523274478330656,59,48
250277571002,792,817,1653,1620,3.1565656565656566,-1.9963702359346642,25,-33
250277571003,402,399,902,977,-0.7462686567164178,8.314855875831485,-3,75
250277571004,294,310,713,739,5.442176870748299,3.6465638148667603,16,26
250277572001,388,395,926,1017,1.804123711340206,9.827213822894167,7,91
250277572002,327,339,601,677,3.669724770642202,12.645590682196339,12,76
250277572003,372,386,766,860,3.763440860215054,12.27154046997389,14,94
250277573001,577,604,1211,1302,4.679376083188909,7.514450867052023,27,91
250277573002,769,880,1660,1903,14.434330299089726,14.638554216867469,111,243
250277574001,327,349,766,838,6.727828746177369,9.39947780678851,22,72
250277574002,288,290,625,662,0.6944444444444444,5.92,2,37
250277574003,565,565,1316,1313,0,-0.22796352583586624,0,-3
250277575001,663,688,1505,1659,3.770739064856712,10.232558139534884,25,154
250277575002,442,449,882,913,1.583710407239819,3.5147392290249435,7,31
250277575003,311,335,744,726,7.717041800643088,-2.4193548387096775,24,-18
250277575004,482,507,1204,1240,5.186721991701245,2.990033222591362,25,36
250277581011,793,833,1650,1684,5.044136191677175,2.0606060606060606,40,34
250277581031,799,857,1897,2155,7.259073842302878,13.6004217185029,58,258
250277581032,555,583,1239,1302,5.045045045045045,5.084745762711865,28,63
250277581033,585,633,1379,1525,8.205128205128204,10.587382160986222,48,146
250277581041,666,718,1579,1676,7.807807807807808,6.1431285623812535,52,97
250277581042,591,599,1524,1525,1.353637901861252,0.06561679790026247,8,1
250277591001,931,978,2183,2224,5.048335123523094,1.8781493357764543,47,41
250277601001,540,529,891,865,-2.037037037037037,-2.9180695847362514,-11,-26
250277601002,549,592,1555,1596,7.832422586520947,2.636655948553055,43,41
250277601003,404,402,944,978,-0.49504950495049505,3.6016949152542375,-2,34
250277611001,594,607,1296,1339,2.1885521885521886,3.3179012345679015,13,43
250277611002,483,457,1104,1046,-5.383022774327122,-5.253623188405797,-26,-58
250277611003,452,446,1036,982,-1.3274336283185841,-5.212355212355212,-6,-54
250277611004,682,687,1699,1608,0.7331378299120235,-5.356091818716893,5,-91
250277612001,813,810,2101,2352,-0.36900369003690037,11.946692051404094,-3,251
250277612002,834,1014,1935,2340,21.58273381294964,20.930232558139537,180,405
250277612003,839,922,1744,1897,9.892729439809298,8.772935779816514,83,153
250277613001,395,478,862,1049,21.012658227848103,21.69373549883991,83,187
250277613002,386,396,937,1102,2.5906735751295336,17.6093916755603,10,165
250277613003,532,531,1260,1285,-0.18796992481203006,1.984126984126984,-1,25
250277614011,392,425,989,1100,8.418367346938775,11.223458038422649,33,111
250277614012,294,317,737,785,7.8231292517006805,6.512890094979647,23,48
250277614013,425,434,1155,1194,2.1176470588235294,3.3766233766233764,9,39
250277614014,425,439,1042,1106,3.294117647058824,6.142034548944338,14,64
250277614021,428,478,1140,1276,11.682242990654206,11.929824561403509,50,136
250277614022,82,158,1457,1390,92.6829268292683,-4.598490048043926,76,-67
