ct10_id,hu_2020,hu_2010,pop_2020,pop_2010,ohu_2020,hu_chng_p,pop_chng_p,hu_chng,pop_chng
25001010100,4983,4494,3670,2942,2199,10.881174899866489,24.7450713800136,489,728
25001010206,4256,4305,3569,2750,1797,-1.1382113821138211,29.78181818181818,-49,819
25001010208,2998,3077,2451,2003,1249,-2.5674358141046474,22.366450324513227,-79,448
25001010304,2750,2706,2672,2421,1311,1.6260162601626018,10.36761668731929,44,251
25001010306,3359,3254,3078,2535,1491,3.2267977873386604,21.420118343195266,105,543
25001010400,2457,2359,3346,2999,1633,4.154302670623145,11.570523507835945,98,347
25001010500,3081,2985,2962,2891,1493,3.2160804020100504,2.455897613282601,96,71
25001010600,2958,2998,3135,2973,1531,-1.33422281521014,5.449041372351161,-40,162
25001010700,4354,4345,3460,3152,1765,0.20713463751438435,9.771573604060913,9,308
25001010800,4076,3788,4918,4878,2298,7.602956705385427,0.8200082000820008,288,40
25001010900,4161,4160,5385,4942,2470,0.02403846153846154,8.963982193443949,1,443
25001011002,3577,3512,4606,4157,2010,1.8507972665148062,10.801058455617031,65,449
25001011100,3168,3084,5081,4694,2274,2.7237354085603114,8.244567533020877,84,387
25001011200,3738,3688,3764,3392,1911,1.3557483731019524,10.966981132075473,50,372
25001011300,2711,2690,2570,2600,1294,0.7806691449814126,-1.153846153846154,21,-30
25001011400,2728,2660,3050,2991,1564,2.556390977443609,1.972584419926446,68,59
25001011500,2808,2715,4130,4029,1921,3.4254143646408837,2.506825515016133,93,101
25001011600,4879,4812,3004,2710,1597,1.3923524522028263,10.84870848708487,67,294
25001011700,2671,2709,1916,1877,1054,-1.402731635289775,2.0777836973894512,-38,39
25001011801,1676,1713,2443,2403,1316,-2.1599532983070637,1.6645859342488558,-37,40
25001011802,2431,2360,4458,4255,1958,3.0084745762711864,4.770857814336075,71,203
25001012001,3556,3553,5978,5732,2632,0.08443568815085843,4.291695743196092,3,246
25001012002,3256,3171,3266,3007,1634,2.6805424156417534,8.613235783172597,85,259
25001012101,3174,3164,5608,5339,2425,0.31605562579013907,5.038396703502528,10,269
25001012102,3215,3503,3269,3057,1530,-8.221524407650586,6.934903500163559,-288,212
25001012200,2786,2726,5053,5046,2165,2.201027146001467,0.13872374157748713,60,7
25001012502,2725,2691,3709,3080,1620,1.26347082868822,20.42207792207792,34,629
25001012601,1398,1305,3298,2877,1248,7.126436781609195,14.633298574904414,93,421
25001012602,2334,2276,5668,4915,2140,2.5483304042179262,15.320447609359105,58,753
25001012700,3218,3235,4644,4562,2045,-0.5255023183925811,1.7974572555896537,-17,82
25001012800,2160,2171,4121,3923,1748,-0.5066789497927222,5.047157787407596,-11,198
25001012900,1965,1928,4374,4135,1767,1.9190871369294606,5.779927448609431,37,239
25001013002,2910,2738,2984,2899,1431,6.281957633308985,2.932045532942394,172,85
25001013100,2676,2594,5971,5935,2424,3.1611410948342327,0.6065711878685762,82,36
25001013200,3002,2848,5135,4783,2185,5.407303370786517,7.35939786744721,154,352
25001013300,2091,2039,3273,3218,1531,2.550269740068661,1.709136109384711,52,55
25001013400,2356,2302,3894,4163,1580,2.3457862728062553,-6.4616862839298586,54,-269
25001013500,2814,2790,6885,6940,2576,0.8602150537634409,-0.792507204610951,24,-55
25001013600,2424,2345,6203,6334,2284,3.3688699360341148,-2.0682033470161034,79,-131
25001013700,2266,2125,5433,4911,1875,6.635294117647058,10.62919975565058,141,522
25001013800,2340,2270,5054,4840,2023,3.0837004405286343,4.421487603305785,70,214
25001013900,2993,2887,4888,4831,2329,3.6716314513335644,1.1798799420409853,106,57
25001014002,3203,3074,4281,4053,2087,4.196486662329213,5.625462620281273,129,228
25001014100,342,450,798,1141,165,-24,-30.061349693251532,-108,-343
25001014300,3765,3676,4594,4384,2082,2.4211099020674647,4.79014598540146,89,210
25001014402,3609,3485,7199,6947,2950,3.5581061692969875,3.627465092845833,124,252
25001014500,3213,3080,5484,5395,2311,4.318181818181818,1.64967562557924,133,89
25001014600,2738,2604,4382,4130,1964,5.145929339477727,6.101694915254238,134,252
25001014700,3231,3225,3645,3690,1769,0.18604651162790697,-1.2195121951219512,6,-45
25001014800,3028,2740,3592,3387,2095,10.510948905109489,6.052553882491881,288,205
25001014900,3232,3160,3627,3598,1839,2.278481012658228,0.8060033351862147,72,29
25001015001,2035,2031,4450,4417,1773,0.19694731659281145,0.7471134254018564,4,33
25001015002,2547,2166,4145,3713,2040,17.590027700831026,11.63479666038244,381,432
25001015100,2698,2389,4191,3809,1973,12.934282126412725,10.028878970858493,309,382
25001015200,3477,3295,2263,2065,1134,5.523520485584219,9.588377723970943,182,198
25001015300,2272,1831,3953,3038,1837,24.085199344620424,30.118499012508227,441,915
25001990000,0,0,0,0,0,NA,NA,0,0
25003900100,2244,2185,3405,3389,1959,2.700228832951945,0.47211566833874297,59,16
25003900200,2202,2212,4260,4449,1944,-0.45207956600361665,-4.2481456507080235,-10,-189
25003900300,1284,1295,2848,2903,1182,-0.8494208494208495,-1.8945918015845677,-11,-55
25003900400,2378,2351,4742,4862,2139,1.1484474691620588,-2.4681201151789387,27,-120
25003900500,1495,1470,3263,3288,1334,1.7006802721088436,-0.7603406326034063,25,-25
25003900600,1957,1929,4190,4117,1709,1.4515292897874545,1.7731357784794752,28,73
25003900700,1341,1292,2819,2910,1188,3.7925696594427247,-3.127147766323024,49,-91
25003900800,2243,2215,4781,4835,2057,1.2641083521444696,-1.1168562564632885,28,-54
25003900900,2511,2521,5132,5134,2303,-0.39666798889329624,-0.038955979742890535,-10,-2
25003901100,1752,1697,3532,3729,1680,3.2410135533294047,-5.282917672298203,55,-197
25003911100,1492,1478,3041,3091,1306,0.9472259810554804,-1.6175994823681656,14,-50
25003912100,2928,2920,6331,6756,2719,0.273972602739726,-6.290704558910598,8,-425
25003913100,3184,3044,5092,5025,2428,4.599211563731932,1.3333333333333335,140,67
25003914100,3400,3056,5789,5943,2594,11.2565445026178,-2.5912838633686692,344,-154
25003920101,1743,1880,4502,4638,1521,-7.287234042553191,-2.932298404484692,-137,-136
25003920102,1267,1194,3009,3116,997,6.113902847571189,-3.4338896020539154,73,-107
25003921300,2467,2338,4837,5118,2097,5.5175363558597095,-5.490425947635795,129,-281
25003921400,863,887,1462,1699,759,-2.705749718151071,-13.949381989405532,-24,-237
25003921500,1441,1475,2934,3100,1311,-2.305084745762712,-5.35483870967742,-34,-166
25003922100,1535,1522,2629,2680,1300,0.8541392904073587,-1.9029850746268655,13,-51
25003922200,1828,1864,3515,3689,1638,-1.9313304721030045,-4.716725399837355,-36,-174
25003922300,974,985,2022,2116,884,-1.116751269035533,-4.44234404536862,-11,-94
25003923100,1537,1529,3256,3235,1407,0.5232177894048398,0.6491499227202473,8,21
25003924100,1634,1692,2017,1947,960,-3.4278959810874707,3.5952747817154593,-58,70
25003925100,3686,3466,7171,7104,3027,6.3473744950952105,0.9431306306306307,220,67
25003926100,1765,1751,3326,3257,1483,0.799543118218161,2.118513969910961,14,69
25003931100,749,715,1657,1702,691,4.755244755244755,-2.6439482961222094,34,-45
25003931300,711,713,1340,1444,622,-0.2805049088359046,-7.202216066481995,-2,-104
25003931400,889,904,1645,1746,709,-1.6592920353982303,-5.784650630011455,-15,-101
25003932200,1956,1989,2425,2317,1103,-1.6591251885369533,4.66119982736297,-33,108
25003932300,1127,1133,1922,2032,870,-0.529567519858782,-5.413385826771654,-6,-110
25003933200,1173,1208,1520,1288,675,-2.8973509933774833,18.012422360248447,-35,232
25003933300,996,1039,1526,1509,678,-4.138594802694899,1.126573889993373,-43,17
25003933400,2267,2372,2624,2527,1163,-4.4266441821247895,3.838543727740404,-105,97
25003934200,853,856,1341,1306,620,-0.35046728971962615,2.679938744257274,-3,35
25003934300,1450,1411,2018,1886,942,2.7639971651311126,6.998939554612937,39,132
25003935100,2009,1548,2414,2420,1078,29.780361757105943,-0.24793388429752067,461,-6
25003935200,2331,2320,4951,5121,2222,0.47413793103448276,-3.319664128099981,11,-170
25003935300,2099,2052,3728,3791,1721,2.290448343079922,-1.6618306515431285,47,-63
25005600100,1761,1651,4030,3920,1653,6.662628709872805,2.806122448979592,110,110
25005600202,2136,2008,4814,4481,2032,6.374501992031872,7.431376924793573,128,333
25005600203,2340,1973,6385,5611,2260,18.601115053218447,13.794332561040811,367,774
25005600204,1497,1361,4093,3895,1434,9.992652461425422,5.083440308087291,136,198
25005610100,2490,2344,5360,5103,2378,6.228668941979522,5.036253184401333,146,257
25005610202,1964,1908,5660,5586,1918,2.9350104821802936,1.3247404224847834,56,74
25005610203,2471,2409,6819,6883,2414,2.5736820257368205,-0.9298271102716839,62,-64
25005610204,2358,2085,6024,5612,2263,13.093525179856117,7.341411261582323,273,412
25005611101,2005,1815,5113,4585,1952,10.46831955922865,11.515812431842965,190,528
25005611102,1344,1364,4977,5047,1281,-1.466275659824047,-1.3869625520110958,-20,-70
25005611201,1081,1072,2988,3003,1068,0.8395522388059702,-0.4995004995004995,9,-15
25005611202,2536,2490,6123,6396,2423,1.8473895582329318,-4.2682926829268295,46,-273
25005612100,1829,1693,4714,4538,1782,8.033077377436504,3.878360511238431,136,176
25005612200,3921,3373,10438,8845,3810,16.246664690186776,18.010175240248728,548,1593
25005613100,2961,2773,6718,6327,2837,6.779661016949152,6.179864074600917,188,391
25005613300,2936,2738,7555,7201,2862,7.231555880204529,4.915983891126233,198,354
25005613400,1512,1436,3872,3812,1459,5.2924791086350975,1.5739769150052465,76,60
25005613600,1778,1732,4172,3771,1666,2.655889145496536,10.633784142137365,46,401
25005613700,2058,2005,4589,4369,1930,2.6433915211970076,5.035477225909819,53,220
25005613800,2404,2464,4911,4519,2179,-2.4350649350649354,8.674485505642842,-60,392
25005613901,1382,1363,2925,2801,1312,1.3939838591342628,4.426990360585505,19,124
25005613902,2337,1993,5763,4751,2249,17.26041144004014,21.300778783414017,344,1012
25005614000,2002,1956,4594,4472,1862,2.3517382413087935,2.7280858676207513,46,122
25005614101,2870,2861,7070,6833,2732,0.3145753233135267,3.468461876189082,9,237
25005614102,2724,2575,7238,7018,2633,5.786407766990291,3.1347962382445136,149,220
25005615100,2982,2591,8099,7086,2872,15.09069857197993,14.295794524414337,391,1013
25005616100,2359,2187,6764,6411,2298,7.864654778235025,5.506161285290907,172,353
25005617101,1807,1735,4910,4681,1761,4.14985590778098,4.892117069002349,72,229
25005617102,1677,1582,4296,4189,1594,6.005056890012642,2.554308904273096,95,107
25005630101,1530,1370,3256,2855,1463,11.678832116788321,14.045534150612959,160,401
25005630102,2270,2080,4667,4201,2128,9.134615384615383,11.092597000714116,190,466
25005630200,2950,2833,8383,8204,2888,4.129897635015884,2.181862506094588,117,179
25005630300,3450,3170,9155,8597,3350,8.832807570977918,6.490636268465744,280,558
25005630400,2352,2143,5377,4855,2236,9.752683154456369,10.751802265705459,209,522
25005631100,3549,3428,8545,8093,3388,3.52975495915986,5.585073520326208,121,452
25005631200,2995,2750,7552,6841,2891,8.90909090909091,10.393217365882181,245,711
25005631300,2289,2149,5557,5183,2218,6.514657980456026,7.21589812849701,140,374
25005631400,1423,1372,2889,2674,1300,3.717201166180758,8.040388930441287,51,215
25005631500,1274,1229,2887,2797,1217,3.6615134255492268,3.217733285663211,45,90
25005631600,1666,1608,4044,3955,1539,3.6069651741293534,2.2503160556257904,58,89
25005631700,2627,2456,6971,6471,2508,6.962540716612378,7.726781023025807,171,500
25005631800,3277,3030,8013,7579,3195,8.151815181518153,5.726349122575538,247,434
25005632100,2629,2499,6856,6543,2540,5.202080832332933,4.783738346324316,130,313
25005632200,3426,2798,8675,7179,3294,22.444603288062904,20.838556902075496,628,1496
25005633100,2142,2005,5880,5490,2082,6.832917705735661,7.103825136612022,137,390
25005633200,2468,2275,6622,6118,2363,8.483516483516484,8.237986270022883,193,504
25005640100,2388,2152,5877,5358,2216,10.966542750929369,9.686450167973124,236,519
25005640200,3141,3067,6486,5954,2887,2.41278121943267,8.935169633859589,74,532
25005640300,1816,1669,4050,3693,1740,8.807669263031755,9.66693744922827,147,357
25005640400,1393,1326,2889,2682,1238,5.052790346907994,7.718120805369128,67,207
25005640500,2778,2710,5454,5165,2508,2.5092250922509227,5.595353339787028,68,289
25005640600,2222,2133,4891,4450,2047,4.172526957337084,9.910112359550562,89,441
25005640700,1328,1292,2914,2900,1248,2.786377708978328,0.4827586206896552,36,14
25005640800,1555,1573,3840,3813,1447,-1.1443102352193262,0.7081038552321007,-18,27
25005640901,2577,2520,5472,5071,2348,2.261904761904762,7.907710510747387,57,401
25005641000,1343,1350,2406,2419,1226,-0.5185185185185185,-0.5374121537825548,-7,-13
25005641101,1193,1193,1903,1712,1071,0,11.156542056074766,0,191
25005641200,1526,1480,2978,2803,1387,3.1081081081081083,6.24331073849447,46,175
25005641300,2589,2513,5544,5326,2415,3.0242737763629126,4.093128051070222,76,218
25005641400,1625,1330,3331,2586,1524,22.18045112781955,28.80897138437742,295,745
25005641500,1290,1266,2463,2401,1172,1.8957345971563981,2.5822573927530197,24,62
25005641600,1080,1080,2336,2323,1029,0,0.5596211795092553,0,13
25005641700,2257,2190,5230,5096,2120,3.0593607305936072,2.629513343799058,67,134
25005641800,1042,1040,2072,2059,943,0.19230769230769232,0.6313744536182613,2,13
25005641900,1337,1302,2431,2275,1176,2.6881720430107525,6.857142857142858,35,156
25005642000,1723,1631,3484,3274,1567,5.6407112201103615,6.414172266340867,92,210
25005642100,2288,2236,4351,4144,2130,2.3255813953488373,4.995173745173745,52,207
25005642200,1571,1561,3858,3881,1456,0.6406149903907752,-0.5926307652666839,10,-23
25005642300,899,891,2117,2195,857,0.8978675645342313,-3.5535307517084282,8,-78
25005642400,1390,1369,2878,2760,1339,1.5339663988312637,4.275362318840579,21,118
25005642500,1996,1876,4744,4517,1914,6.396588486140725,5.02545937569183,120,227
25005644101,2511,2481,5999,5828,2415,1.2091898428053205,2.934111187371311,30,171
25005644102,1955,1924,5032,5057,1891,1.6112266112266114,-0.49436424757761516,31,-25
25005644200,2982,2989,7270,7280,2880,-0.234192037470726,-0.13736263736263737,-7,-10
25005645101,2301,2184,5123,4863,2155,5.357142857142857,5.3464939337857285,117,260
25005645102,2250,2031,6057,5385,2193,10.782865583456426,12.479108635097493,219,672
25005645103,2353,2128,5963,5617,2298,10.57330827067669,6.159871817696279,225,346
25005646101,3313,3058,7840,7356,3144,8.338783518639634,6.579662860250137,255,484
25005646103,2431,2207,5830,5604,2315,10.149524241051202,4.0328336902212705,224,226
25005646104,2051,1928,2675,2572,1269,6.379668049792531,4.004665629860031,123,103
25005650101,2272,2191,5539,5753,2198,3.6969420356001828,-3.7197983660698766,81,-214
25005650102,2170,2121,5120,4879,2109,2.31023102310231,4.939536790325887,49,241
25005650201,1364,1320,3169,2916,1303,3.3333333333333335,8.676268861454046,44,253
25005650202,974,964,2187,2142,925,1.0373443983402488,2.100840336134454,10,45
25005650300,1667,1571,3461,3304,1583,6.110757479312539,4.75181598062954,96,157
25005650400,1996,1721,4281,3773,1860,15.979081929110983,13.46408693347469,275,508
25005650500,1563,1475,3405,3141,1469,5.966101694915254,8.404966571155683,88,264
25005650600,1514,1360,3173,2759,1409,11.323529411764707,15.005436752446538,154,414
25005650700,1145,1052,3034,2583,1025,8.840304182509506,17.46031746031746,93,451
25005650800,1727,1713,3811,3651,1584,0.8172796263864566,4.382360996987127,14,160
25005650900,1221,1157,3140,2867,1171,5.531547104580812,9.522148587373561,64,273
25005651001,1305,1245,3024,2865,1259,4.819277108433735,5.549738219895288,60,159
25005651002,1614,1583,3866,3833,1541,1.9583070120025268,0.8609444299504304,31,33
25005651100,1930,1883,4522,4117,1796,2.496016994158258,9.83726014087928,47,405
25005651200,1078,957,2459,2068,1016,12.643678160919542,18.90715667311412,121,391
25005651300,1140,1086,2186,2227,1027,4.972375690607735,-1.8410417602155364,54,-41
25005651400,1476,1400,3367,3215,1335,5.428571428571429,4.727838258164852,76,152
25005651500,1330,1330,3280,3115,1255,0,5.296950240770466,0,165
25005651600,1729,1694,3936,3862,1641,2.066115702479339,1.9161056447436562,35,74
25005651700,1070,1006,2201,1983,1012,6.36182902584493,10.993444276348967,64,218
25005651800,1413,1382,2065,1745,1302,2.2431259044862517,18.33810888252149,31,320
25005651900,908,932,2167,1942,841,-2.575107296137339,11.585993820803296,-24,225
25005652000,1278,1224,2868,2676,1186,4.411764705882353,7.174887892376682,54,192
25005652100,1244,1238,2764,2815,1172,0.48465266558966075,-1.8117229129662522,6,-51
25005652200,1255,1238,2917,2836,1198,1.3731825525040386,2.8561354019746124,17,81
25005652300,1295,1278,2930,2870,1221,1.330203442879499,2.0905923344947737,17,60
25005652400,1271,1232,2745,2664,1165,3.1655844155844153,3.040540540540541,39,81
25005652500,1228,1163,3011,2589,1135,5.588993981083405,16.29972962533797,65,422
25005652600,1202,1164,3209,2843,1113,3.264604810996564,12.873724938445305,38,366
25005652700,1733,1808,3927,3762,1616,-4.148230088495575,4.385964912280701,-75,165
25005652800,1479,1445,3315,3277,1388,2.3529411764705883,1.1595971925541653,34,38
25005653101,3171,2898,7131,6664,2954,9.420289855072465,7.0078031212485,273,467
25005653102,1639,1467,5250,5381,1584,11.724608043626448,-2.43449173016168,172,-131
25005653203,2174,2082,5096,5005,2053,4.418828049951969,1.8181818181818181,92,91
25005653204,1316,1230,3373,3214,1275,6.991869918699186,4.947106409458619,86,159
25005653301,2564,2525,5176,5057,2335,1.5445544554455446,2.353173818469448,39,119
25005653304,1786,1734,3281,3205,1316,2.9988465974625145,2.371294851794072,52,76
25005654100,2789,2657,7195,6916,2701,4.968009032743695,4.034123770965876,132,279
25005654200,1503,1461,3364,3387,1431,2.8747433264887063,-0.6790670209625037,42,-23
25005655100,1731,1666,4267,4225,1629,3.9015606242496994,0.9940828402366865,65,42
25005655200,2152,2122,4488,4415,2040,1.413760603204524,1.6534541336353341,30,73
25005655300,1559,1477,3340,3317,1466,5.551794177386594,0.6933976484775399,82,23
25005655400,2228,2210,3829,3916,1733,0.8144796380090499,-2.2216547497446375,18,-87
25005985500,537,499,4476,5506,505,7.615230460921844,-18.706865237922266,38,-1030
25005985600,1398,1162,5732,5205,1337,20.309810671256454,10.124879923150816,236,527
25005990000,0,0,0,0,0,NA,NA,0,0
25007200100,3224,3094,4815,3949,2135,4.201680672268908,21.92960243099519,130,866
25007200200,4430,4346,5340,4527,2317,1.932811780947998,17.958913187541416,84,813
25007200300,5234,5220,5167,4067,2190,0.2681992337164751,27.046963363658715,14,1100
25007200400,4645,4528,5275,3992,2284,2.583922261484099,32.139278557114224,117,1283
25007990000,0,0,0,0,0,NA,NA,0,0
25009201100,1679,1677,3334,3410,1547,0.11926058437686345,-2.2287390029325516,2,-76
25009202101,944,846,2248,2063,907,11.583924349881796,8.967523024721281,98,185
25009202102,2945,2630,6675,5836,2798,11.977186311787072,14.376285126799177,315,839
25009202200,2473,2412,6188,5888,2345,2.529021558872305,5.095108695652174,61,300
25009203100,2610,2583,7234,7071,2525,1.0452961672473868,2.3051902135482956,27,163
25009203200,1998,1987,4668,4557,1828,0.5535983895319577,2.4358130348913756,11,111
25009203301,2020,2034,4099,4010,1861,-0.688298918387414,2.2194513715710724,-14,89
25009203302,2338,2234,4444,4170,2113,4.6553267681289165,6.570743405275779,104,274
25009204101,1987,1902,4664,4669,1878,4.468980021030494,-0.10708931248661384,85,-5
25009204102,2007,1984,5717,4935,1925,1.159274193548387,15.845997973657546,23,782
25009204200,2692,2492,5236,4797,2554,8.025682182985554,9.151553053992078,200,439
25009204300,1968,1798,4076,3904,1826,9.454949944382648,4.405737704918033,170,172
25009204400,1975,1815,3489,3301,1854,8.81542699724518,5.695243865495304,160,188
25009204500,1934,1791,3537,3132,1832,7.984366275823563,12.931034482758621,143,405
25009204600,2453,2331,5369,5154,2314,5.233805233805234,4.171517268141249,122,215
25009204701,2758,2664,6185,5782,2656,3.5285285285285286,6.969906606710481,94,403
25009204702,2572,2352,6208,5666,2473,9.35374149659864,9.56583127426756,220,542
25009205100,2163,2128,6128,5352,2115,1.644736842105263,14.499252615844544,35,776
25009205200,2197,2147,5980,5319,2107,2.328830926874709,12.427147960142884,50,661
25009205300,1746,1724,4807,4490,1695,1.2761020881670533,7.060133630289532,22,317
25009205400,1774,1958,4873,5048,1742,-9.3973442288049025,-3.466719492868463,-184,-175
25009205500,1771,1697,5444,4606,1704,4.360636417206836,18.193660442900565,74,838
25009205600,1755,1582,4422,3881,1708,10.935524652338811,13.93970626127287,173,541
25009205700,1788,1760,5071,4650,1723,1.5909090909090908,9.053763440860214,28,421
25009205800,1214,1139,3725,3312,1180,6.584723441615452,12.469806763285025,75,413
25009205900,1535,1543,4798,4350,1461,-0.5184705119896306,10.298850574712644,-8,448
25009206000,1163,1120,3704,3359,1113,3.8392857142857144,10.270913962488835,43,345
25009206100,1479,1462,4199,3844,1405,1.1627906976744187,9.235171696149843,17,355
25009206200,1742,1686,5857,5254,1677,3.3214709371292996,11.476969927674153,56,603
25009206300,1347,1312,4214,3773,1280,2.667682926829268,11.688311688311687,35,441
25009206400,1987,1966,6060,5249,1903,1.0681586978636826,15.450562011811774,21,811
25009206500,1161,1160,3747,3358,1116,0.08620689655172414,11.584276354973198,1,389
25009206600,2131,2028,5116,4243,2031,5.0788954635108485,20.575064812632572,103,873
25009206700,2084,2056,4564,4080,1970,1.3618677042801557,11.862745098039214,28,484
25009206800,1788,1602,4447,3546,1677,11.610486891385769,25.408911449520588,186,901
25009206900,2661,2392,4995,3965,2562,11.24581939799331,25.97730138713745,269,1030
25009207000,1054,1041,2289,2198,1005,1.248799231508165,4.140127388535031,13,91
25009207100,1119,1093,3807,3513,1076,2.3787740164684354,8.368915456874467,26,294
25009207200,1122,1180,3003,2939,1087,-4.915254237288136,2.1776114324600204,-58,64
25009208101,2018,2000,5392,5124,1956,0.8999999999999999,5.230288836846214,18,268
25009208102,1305,1252,3537,3243,1256,4.233226837060703,9.065679925994448,53,294
25009208200,2347,2295,5521,5262,2270,2.265795206971678,4.92208285822881,52,259
25009208300,2929,2892,7663,7254,2847,1.2793914246196403,5.638268541494348,37,409
25009208400,2697,2336,6485,5745,2570,15.45376712328767,12.88076588337685,361,740
25009209100,2764,2402,7175,6088,2639,15.070774354704414,17.85479632063075,362,1087
25009209200,2008,1952,5822,5508,1950,2.8688524590163933,5.70079883805374,56,314
25009210100,2568,2494,6880,6948,2514,2.967121090617482,-0.9786989061600461,74,-68
25009210200,2007,2005,5308,5384,1959,0.0997506234413965,-1.411589895988113,2,-76
25009210300,5282,4771,10093,9110,4932,10.710542863131419,10.790340285400658,511,983
25009210400,3045,2946,7486,6823,2960,3.360488798370672,9.71713322585373,99,663
25009210500,2467,2415,6827,6438,2407,2.153209109730849,6.042249145697422,52,389
25009210600,1767,1716,4391,4095,1720,2.972027972027972,7.228327228327229,51,296
25009210700,1883,1737,4480,4001,1798,8.405296488198042,11.972006998250437,146,479
25009210800,2410,2393,4951,4569,2319,0.710405348934392,8.360691617421754,17,382
25009210900,1759,1743,4064,3883,1704,0.9179575444635685,4.661344321400978,16,181
25009211100,1605,1585,4032,3794,1535,1.2618296529968454,6.273062730627306,20,238
25009211200,3042,2896,6436,6100,2865,5.041436464088398,5.508196721311476,146,336
25009211300,2734,2590,7108,6967,2628,5.559845559845559,2.0238266111669296,144,141
25009211401,1863,1496,4263,3560,1730,24.532085561497325,19.747191011235955,367,703
25009211402,2694,2568,6441,6072,2585,4.906542056074766,6.0770750988142295,126,369
25009212100,3358,3045,9780,8987,3244,10.279146141215106,8.823856681873817,313,793
25009213100,2813,2756,8183,7961,2737,2.0682148040638606,2.7885943976887324,57,222
25009214100,2362,2176,6589,6089,2265,8.54779411764706,8.211528986697324,186,500
25009215101,1719,1697,4623,4896,1561,1.296405421331762,-5.575980392156863,22,-273
25009215102,1208,1183,2939,2868,1115,2.113271344040575,2.4755927475592747,25,71
25009216100,1460,1430,4980,4875,1395,2.097902097902098,2.1538461538461537,30,105
25009217100,3053,2994,7637,7291,2923,1.9706078824315298,4.745576738444657,59,346
25009217201,1815,1815,4237,4218,1779,0,0.45045045045045046,0,19
25009217202,1479,1455,3586,3491,1431,1.6494845360824744,2.721283299914065,24,95
25009217300,2278,1998,5281,4504,2180,14.014014014014014,17.25133214920071,280,777
25009217400,3429,2927,5832,5218,3186,17.150666211137683,11.766960521272518,502,614
25009217500,2805,2709,6420,6101,2648,3.5437430786267994,5.228651040812982,96,319
25009217600,2855,2744,9486,8679,2692,4.045189504373178,9.298306256481162,111,807
25009218100,2432,2394,5395,5136,2194,1.5873015873015872,5.042834890965732,38,259
25009220101,2774,2645,4012,4003,1968,4.877126654064272,0.22483137646764928,129,9
25009220102,1608,1578,2977,2949,1375,1.9011406844106464,0.9494743981010513,30,28
25009221100,2248,2162,4348,4182,1857,3.9777983348751156,3.969392635102822,86,166
25009221300,2609,2579,4408,4532,2069,1.1632415664986429,-2.736098852603707,30,-124
25009221400,1649,1524,3415,3221,1544,8.202099737532809,6.022974231605092,125,194
25009221500,1726,1685,3117,2923,1627,2.433234421364985,6.637016763599042,41,194
25009221600,1125,1067,2641,2448,1082,5.435801312089971,7.883986928104575,58,193
25009221700,1368,1334,2878,2840,1284,2.548725637181409,1.3380281690140845,34,38
25009221800,754,722,1773,1773,678,4.43213296398892,0,32,0
25009221901,1661,1587,3490,3419,1529,4.662885948330183,2.07663059374086,74,71
25009221902,1993,1897,3661,3451,1630,5.060622034791776,6.085192697768763,96,210
25009222100,1662,1600,3676,3504,1488,3.875,4.908675799086757,62,172
25009223100,2191,1911,4149,3880,1893,14.652014652014653,6.93298969072165,280,269
25009223200,1885,1754,3883,3740,1775,7.468643101482327,3.823529411764706,131,143
25009223300,2399,2342,5753,5555,2296,2.433817250213493,3.564356435643564,57,198
25009250100,2004,1425,3753,2329,1859,40.63157894736842,61.142121082009446,579,1424
25009250200,2077,1876,6764,5524,2023,10.714285714285714,22.447501810282404,201,1240
25009250300,949,636,2905,2101,938,49.21383647798742,38.26749167063303,313,804
25009250400,1276,1213,4070,3858,1245,5.193734542456719,5.495075168481078,63,212
25009250500,1195,1072,4357,3810,1158,11.473880597014926,14.356955380577427,123,547
25009250600,1887,1745,6242,5599,1842,8.137535816618911,11.484193606001071,142,643
25009250700,1721,1551,5574,4756,1659,10.96067053513862,17.19932716568545,170,818
25009250800,2551,2348,9070,6932,2468,8.645655877342419,30.842469705712638,203,2138
25009250900,832,776,2255,2193,802,7.216494845360824,2.827177382580939,56,62
25009251000,588,539,1895,1782,557,9.090909090909092,6.341189674523008,49,113
25009251100,1305,1257,3018,2937,1267,3.8186157517899764,2.7579162410623086,48,81
25009251200,616,588,1474,1357,585,4.761904761904762,8.621960206337508,28,117
25009251300,1319,1281,3893,3721,1299,2.966432474629196,4.622413329750067,38,172
25009251400,1671,1543,5520,5053,1614,8.295528191834089,9.242034434989115,128,467
25009251500,2411,2275,7022,6149,2305,5.978021978021978,14.197430476500244,136,873
25009251600,2413,2083,7163,5977,2324,15.842534805568892,19.84273046678936,330,1186
25009251700,2091,1957,5809,5145,2021,6.847215125191621,12.905733722060253,134,664
25009251800,3100,2972,8350,7154,2985,4.306864064602961,16.71792004473022,128,1196
25009252101,1585,1515,4113,3509,1553,4.62046204620462,17.212881162724422,70,604
25009252102,1666,1360,4417,3798,1620,22.5,16.298051606108476,306,619
25009252201,1280,1239,3409,3230,1242,3.3091202582728005,5.541795665634675,41,179
25009252202,1142,1120,3280,3198,1105,1.9642857142857142,2.564102564102564,22,82
25009252300,3109,2832,7597,6552,2983,9.781073446327683,15.949328449328448,277,1045
25009252400,1600,1434,4854,4175,1544,11.576011157601116,16.263473053892216,166,679
25009252501,1500,1470,4326,3874,1427,2.0408163265306123,11.667527103768714,30,452
25009252502,1871,1815,5059,4865,1804,3.0853994490358128,3.987667009249743,56,194
25009252601,2955,2803,7400,6621,2870,5.422761327149483,11.765594321099531,152,779
25009252602,2256,1641,5468,4407,2087,37.47714808043875,24.075334694803722,615,1061
25009252603,1233,1111,3141,3026,1110,10.981098109810981,3.8003965631196297,122,115
25009253100,2542,2494,5882,5352,2426,1.9246190858059342,9.902840059790732,48,530
25009253201,1534,1254,3274,2913,1336,22.328548644338117,12.392722279437006,280,361
25009253202,2634,2610,6861,6253,2552,0.9195402298850575,9.723332800255877,24,608
25009253203,1561,1512,4165,4160,1512,3.2407407407407405,0.1201923076923077,49,5
25009253204,2253,1766,6379,5329,2147,27.57644394110985,19.703509101144682,487,1050
25009253205,1391,1328,4354,4345,1373,4.743975903614458,0.20713463751438435,63,9
25009254100,2840,2625,6600,6009,2702,8.190476190476192,9.83524712930604,215,591
25009254200,2050,1941,5475,5018,1902,5.615662029881505,9.107214029493822,109,457
25009254301,1354,1262,4269,3893,1302,7.290015847860539,9.658361161058309,92,376
25009254302,1689,1647,4663,4493,1644,2.5500910746812386,3.7836634765190293,42,170
25009254401,1388,1159,3709,3235,1337,19.75841242450388,14.65224111282844,229,474
25009254402,2911,2470,8018,6713,2798,17.85425101214575,19.439892745419336,441,1305
25009254403,1318,1319,3855,3840,1273,-0.0758150113722517,0.390625,-1,15
25009260100,2952,2305,6149,4789,2733,28.06941431670282,28.398413029860098,647,1360
25009260200,1771,1717,3623,3437,1666,3.14502038439138,5.411696246726796,54,186
25009260301,1967,1854,4699,4466,1887,6.094929881337649,5.217196596506941,113,233
25009260302,1220,1229,3277,3091,1176,-0.7323026851098454,6.017470074409577,-9,186
25009260401,1836,1646,4168,3820,1782,11.543134872417983,9.109947643979059,190,348
25009260402,2837,2533,7000,6211,2775,12.001579155151994,12.703268394783448,304,789
25009260500,1503,1432,4140,3788,1429,4.958100558659218,9.292502639915522,71,352
25009260600,1429,1366,3702,3377,1361,4.612005856515373,9.623926562037312,63,325
25009260700,1889,1814,4881,4498,1823,4.134509371554575,8.514895509115163,75,383
25009260800,2320,1976,6132,4631,2150,17.408906882591094,32.41200604621032,344,1501
25009260900,2224,2162,5433,5089,2129,2.8677150786308974,6.759677736293968,62,344
25009261000,1855,1749,4398,3942,1759,6.0606060606060606,11.56773211567732,106,456
25009261101,1944,1771,5029,4782,1894,9.768492377188029,5.165202843998327,173,247
25009261102,2177,2103,5150,4958,2134,3.518782691393248,3.8725292456635736,74,192
25009262100,2760,2555,6718,6338,2619,8.023483365949119,5.995582202587567,205,380
25009263100,1740,1580,4501,4235,1674,10.126582278481013,6.2809917355371905,160,266
25009264100,2595,2439,6752,6459,2518,6.396063960639606,4.5363059297104815,156,293
25009265101,1492,1419,3848,3645,1453,5.1444679351656095,5.569272976680384,73,203
25009265102,1668,1625,4622,4538,1639,2.646153846153846,1.851035698545615,43,84
25009266100,2029,1659,4740,4032,1929,22.30259192284509,17.559523809523807,370,708
25009266200,2514,2309,5468,5194,2374,8.87830229536596,5.275317674239507,205,274
25009266300,1831,1714,3780,3709,1731,6.826137689614936,1.9142626044756001,117,71
25009266400,1514,1428,3374,3348,1439,6.022408963585434,0.7765830346475507,86,26
25009267101,3231,2698,4185,3573,2228,19.755374351371387,17.12846347607053,533,612
25009267102,2039,1852,4963,4710,1944,10.09719222462203,5.371549893842888,187,253
25009268100,883,877,2602,2668,877,0.6841505131128849,-2.47376311844078,6,-66
25009268200,2936,2783,6917,6322,2780,5.497664390945023,9.411578614362544,153,595
25009268300,2404,2291,4395,4126,2229,4.932343954604976,6.519631604459525,113,269
25009268400,2390,2313,4376,4300,2086,3.329009943795936,1.7674418604651163,77,76
25009269100,3073,2936,6716,6666,2696,4.666212534059945,0.7500750075007501,137,50
25009270100,2406,2253,6164,5856,2329,6.790945406125166,5.259562841530055,153,308
25009990100,0,0,0,0,0,NA,NA,0,0
25011040100,2530,2650,4410,4494,1904,-4.528301886792453,-1.8691588785046727,-120,-84
25011040200,2006,1881,4383,4340,1843,6.645401382243488,0.9907834101382488,125,43
25011040300,1406,1391,2867,3032,1224,1.0783608914450036,-5.441952506596306,15,-165
25011040400,1555,1669,3368,3428,1425,-6.83043738765728,-1.7502917152858808,-114,-60
25011040501,1741,1782,3898,4264,1597,-2.3007856341189674,-8.583489681050658,-41,-366
25011040502,1804,1811,3670,3575,1621,-0.3865267807840972,2.6573426573426575,-7,95
25011040600,2142,2142,4563,4612,1923,0,-1.06244579358196,0,-49
25011040701,2051,1980,4287,4213,1935,3.585858585858586,1.756468075005934,71,74
25011040702,2062,1978,4295,4224,1955,4.246713852376137,1.680871212121212,84,71
25011040800,2498,2390,5270,5180,2390,4.518828451882846,1.7374517374517375,108,90
25011040900,2292,2181,5090,5125,2123,5.089408528198074,-0.6829268292682927,111,-35
25011041000,1459,1431,3484,3271,1401,1.9566736547868624,6.511770100886579,28,213
25011041100,1747,1702,3731,3603,1641,2.6439482961222094,3.5525950596724956,45,128
25011041200,1446,1407,3017,3156,1375,2.771855010660981,-4.404309252217997,39,-139
25011041300,2751,2651,4602,4642,2555,3.772161448509996,-0.8616975441619992,100,-40
25011041400,1243,1186,2932,2784,1143,4.806070826306914,5.316091954022988,57,148
25011041501,1706,1707,3456,3634,1520,-0.05858230814294083,-4.898183819482664,-1,-178
25011041502,1908,1819,3699,3795,1747,4.8927982407916435,-2.5296442687747036,89,-96
25013800101,1662,1633,4089,4052,1559,1.7758726270667484,0.9131293188548865,29,37
25013800102,1848,1803,4438,4119,1690,2.4958402662229617,7.744598203447439,45,319
25013800201,2664,2612,6577,6334,2555,1.9908116385911179,3.836438269655826,52,243
25013800202,600,584,1436,1333,582,2.73972602739726,7.726931732933233,16,103
25013800300,2008,1843,4921,4395,1932,8.952794357026587,11.968145620022753,165,526
25013800400,2445,2411,6632,6726,2298,1.4102032351721276,-1.3975617008623253,34,-94
25013800500,1272,1239,3541,3366,1210,2.663438256658596,5.199049316696375,33,175
25013800600,881,928,2275,2620,784,-5.064655172413793,-13.16793893129771,-47,-345
25013800700,1518,1497,3902,4000,1475,1.402805611222445,-2.45,21,-98
25013800800,940,951,1981,2098,879,-1.1566771819137749,-5.5767397521449,-11,-117
25013800900,1927,1833,4225,4136,1795,5.128205128205128,2.15183752417795,94,89
25013801101,1296,1253,1993,1862,1217,3.4317637669592975,7.035445757250268,43,131
25013801102,712,781,1155,1537,644,-8.8348271446863,-24.853610930383866,-69,-382
25013801200,1371,1292,2726,2638,1275,6.114551083591331,3.3358605003790753,79,88
25013801300,1825,1823,4859,4636,1653,0.10970927043335163,4.810181190681622,2,223
25013801401,1532,1448,4269,3992,1382,5.801104972375691,6.938877755511022,84,277
25013801402,954,790,2145,2016,895,20.759493670886076,6.398809523809524,164,129
25013801501,2067,2098,5524,5361,1943,-1.4775977121067683,3.0404775228502148,-31,163
25013801502,1379,1355,3404,3412,1332,1.7712177121771218,-0.23446658851113714,24,-8
25013801503,1777,1688,4225,4036,1699,5.2725118483412325,4.682854311199207,89,189
25013801601,1747,1662,4958,5067,1635,5.114320096269555,-2.1511742648509964,85,-109
25013801602,1880,1890,5023,5108,1814,-0.5291005291005291,-1.6640563821456538,-10,-85
25013801603,1843,1821,4121,4185,1771,1.2081274025260844,-1.5292712066905614,22,-64
25013801604,1575,1549,3722,3767,1531,1.6785022595222725,-1.1945845500398196,26,-45
25013801605,1796,1790,4566,4608,1756,0.33519553072625696,-0.9114583333333334,6,-42
25013801700,2183,2144,7845,7577,1963,1.8190298507462688,3.5370199287316875,39,268
25013801800,1505,1533,4351,4279,1353,-1.82648401826484,1.682636129936901,-28,72
25013801901,1672,1679,3954,3938,1514,-0.4169148302561048,0.40629761300152356,-7,16
25013801902,1801,1755,3556,3614,1641,2.6210826210826212,-1.6048699501936912,46,-58
25013802000,1190,1257,2736,2849,1110,-5.330151153540175,-3.966303966303966,-67,-113
25013802100,2748,2792,6175,6075,2493,-1.5759312320916905,1.646090534979424,-44,100
25013802200,1310,1260,3594,3308,1201,3.968253968253968,8.645707376058041,50,286
25013802300,2558,2552,7033,6838,2286,0.23510971786833856,2.8517110266159698,6,195
25013802400,1582,1581,3629,3544,1534,0.06325110689437065,2.3984198645598194,1,85
25013802500,2938,2860,6973,6694,2850,2.727272727272727,4.167911562593367,78,279
25013802601,2790,2737,7350,7038,2605,1.936426744610888,4.433077578857629,53,312
25013802602,994,982,2021,1902,949,1.2219959266802443,6.256572029442692,12,119
25013810100,2875,2852,6156,6290,2673,0.8064516129032258,-2.1303656597774245,23,-134
25013810200,1362,1235,2942,2710,1276,10.283400809716598,8.56088560885609,127,232
25013810300,1619,1447,3354,3140,1503,11.886662059433311,6.8152866242038215,172,214
25013810403,2008,1889,4033,3931,1910,6.299629433562731,2.5947596031544133,119,102
25013810404,1565,1542,3610,3761,1511,1.4915693904020753,-4.0148896570061154,23,-151
25013810412,2648,2530,6020,5933,2554,4.664031620553359,1.4663745154222148,118,87
25013810414,2532,2422,7340,7478,2426,4.541701073492981,-1.8454132120887936,110,-138
25013810601,2213,2202,4160,4267,2075,0.49954586739327883,-2.5076165924537146,11,-107
25013810602,1076,1075,2572,2657,1049,0.09302325581395349,-3.1990967256304104,1,-85
25013810700,2860,2816,6246,6151,2696,1.5625,1.5444643147455699,44,95
25013810800,2048,1930,4080,3823,1869,6.113989637305699,6.7224692649751505,118,257
25013810901,1074,997,1988,1948,923,7.723169508525577,2.0533880903490758,77,40
25013810902,1921,1895,4601,4578,1796,1.3720316622691293,0.5024027959807776,26,23
25013811000,2233,2151,4862,4622,2117,3.812180381218038,5.192557334487235,82,240
25013811101,2167,2094,5151,5058,2041,3.4861509073543453,1.8386714116251484,73,93
25013811102,2616,2596,5995,6100,2521,0.7704160246533128,-1.7213114754098362,20,-105
25013811200,2164,2191,4768,4859,2025,-1.2323140118667275,-1.8728133360773822,-27,-91
25013811301,2655,2621,5576,5494,2528,1.2972148035101108,1.4925373134328357,34,82
25013811302,2520,2572,5562,5741,2469,-2.021772939346812,-3.1179237066713115,-52,-179
25013811400,944,941,2290,2447,895,0.3188097768331562,-6.41601961585615,3,-157
25013811500,780,783,2202,2277,704,-0.38314176245210724,-3.293807641633729,-3,-75
25013811600,1489,1408,3501,3749,1334,5.752840909090909,-6.615097359295813,81,-248
25013811700,1231,1106,2050,2029,1044,11.301989150090415,1.0349926071956628,125,21
25013811800,1744,1678,3990,4139,1548,3.9332538736591176,-3.599903358299106,66,-149
25013811900,1576,1594,3464,3555,1480,-1.1292346298619824,-2.559774964838256,-18,-91
25013812001,1568,1533,3449,3451,1424,2.28310502283105,-0.057954216169226316,35,-2
25013812002,1894,1861,4439,4646,1764,1.7732401934443847,-4.455445544554455,33,-207
25013812101,2126,2090,4921,5106,2076,1.7224880382775118,-3.6231884057971016,36,-185
25013812103,1540,1438,3579,3836,1400,7.093184979137692,-6.699687174139729,102,-257
25013812104,1982,1952,4353,4645,1833,1.5368852459016393,-6.286329386437028,30,-292
25013812201,2344,2321,4790,4600,2188,0.990952175786299,4.130434782608695,23,190
25013812202,2136,2139,3707,4043,2019,-0.1402524544179523,-8.310660400692555,-3,-336
25013812300,2518,2406,6133,5861,2369,4.655029093931837,4.6408462719672405,112,272
25013812401,2549,2557,6366,6210,2472,-0.3128666405944466,2.5120772946859904,-8,156
25013812403,1850,1804,3957,3796,1756,2.549889135254989,4.241306638566913,46,161
25013812404,1487,1470,3884,3881,1434,1.1564625850340136,0.07729966503478485,17,3
25013812500,3190,3022,7688,7665,3045,5.5592322964923895,0.30006523157208087,168,23
25013812600,2721,2654,6639,6799,2630,2.5244913338357198,-2.3532872481247242,67,-160
25013812701,1846,1803,3966,4078,1670,2.384914032168608,-2.746444335458558,43,-112
25013812702,2614,2571,5242,5489,2322,1.6725009723842863,-4.499908908726543,43,-247
25013812800,2960,2701,7112,6666,2821,9.58904109589041,6.690669066906691,259,446
25013812901,1394,1324,3092,3002,1346,5.287009063444108,2.9980013324450367,70,90
25013812902,2105,1971,4882,4802,2019,6.798579401319127,1.665972511453561,134,80
25013812903,38,29,2213,2593,33,31.03448275862069,-14.654839953721558,9,-380
25013813000,3409,3418,6912,7234,2859,-0.26331187829139846,-4.451202654133259,-9,-322
25013813101,2621,2499,5659,5888,2416,4.881952781112445,-3.889266304347826,122,-229
25013813102,1495,1417,3574,3614,1411,5.5045871559633035,-1.1068068622025455,78,-40
25013813204,1276,1201,3348,3240,1245,6.244796003330558,3.3333333333333335,75,108
25013813205,3171,3070,7257,7481,3071,3.2899022801302933,-2.9942521053335116,101,-224
25013813206,1672,1658,3980,4042,1605,0.8443908323281062,-1.533894111825829,14,-62
25013813207,2353,2282,5301,5111,2236,3.1113058720420685,3.717472118959108,71,190
25013813208,1233,1218,2956,2918,1195,1.2315270935960592,1.3022618231665526,15,38
25013813209,2662,2710,5852,5646,2555,-1.7712177121771218,3.6486007793127877,-48,206
25013813301,2661,2641,7274,7343,2583,0.7572889057175313,-0.9396704344273458,20,-69
25013813303,1745,1754,4449,4387,1658,-0.5131128848346637,1.4132664691132892,-9,62
25013813304,1563,1553,4131,4054,1511,0.643915003219575,1.8993586581154416,10,77
25013813401,2093,1989,5342,5243,2032,5.228758169934641,1.8882319282853328,104,99
25013813403,1719,1622,4155,3847,1636,5.980271270036992,8.006238627501949,97,308
25013813404,2559,2495,6933,6630,2466,2.565130260521042,4.570135746606335,64,303
25013813500,2008,1949,4966,5139,1945,3.0271934325295025,-3.366413699163261,59,-173
25013813601,3368,3208,8332,8146,3231,4.987531172069826,2.2833292413454456,160,186
25013813602,2346,2289,6282,6073,2281,2.490170380078637,3.441462209780998,57,209
25013813701,1468,1410,3358,3462,1397,4.113475177304964,-3.004043905257077,58,-104
25013813702,2082,2028,4778,5098,1968,2.6627218934911245,-6.2769713613181635,54,-320
25013813801,2301,2247,4436,4319,1850,2.403204272363151,2.708960407501736,54,117
25013813802,1672,1598,3694,3609,1496,4.630788485607009,2.3552230534774177,74,85
25015820101,2867,2727,6302,6189,2663,5.133846718005134,1.82582000323154,140,113
25015820102,1891,1863,3771,3683,1663,1.5029522275899088,2.3893565028509367,28,88
25015820202,574,570,1281,1321,544,0.7017543859649122,-3.028009084027252,4,-40
25015820203,3800,3530,8741,8507,3628,7.64872521246459,2.7506759139532146,270,234
25015820204,2557,2309,6609,6142,2474,10.740580337808575,7.603386519049169,248,467
25015820300,3135,2722,7157,6818,2785,15.172667156502573,4.972132590202405,413,339
25015820400,260,149,13379,12079,118,74.49664429530202,10.762480337776307,111,1300
25015820500,3063,2731,6491,6342,2821,12.156719150494325,2.349416587827184,332,149
25015820600,63,41,1641,1681,33,53.65853658536586,-2.379535990481856,22,-40
25015820700,1882,1812,4458,4509,1799,3.863134657836645,-1.1310711909514306,70,-51
25015820801,2345,2255,5560,5232,2228,3.9911308203991127,6.269113149847094,90,328
25015820802,0,1,579,1158,0,-100,-50,-1,-579
25015820900,2506,2460,6125,6240,2408,1.8699186991869918,-1.842948717948718,46,-115
25015821000,1982,1908,4443,4251,1904,3.878406708595388,4.516584333098095,74,192
25015821100,3348,3263,7041,6939,3200,2.6049647563591787,1.4699524427150885,85,102
25015821200,134,92,2428,2127,119,45.65217391304348,14.151386929948284,42,301
25015821300,1967,1893,4220,4197,1849,3.909138932910724,0.5480104836788182,74,23
25015821400,2339,2230,5325,5250,2212,4.887892376681615,1.4285714285714286,109,75
25015821500,1634,1563,3352,3279,1558,4.54254638515675,2.226288502592254,71,73
25015821601,1847,1745,3609,3424,1722,5.845272206303725,5.40303738317757,102,185
25015821602,1887,1831,3877,3844,1798,3.0584380120152925,0.858480749219563,56,33
25015821700,1790,1563,4031,3725,1693,14.5233525271913,8.21476510067114,227,306
25015821901,1518,1508,3349,3291,1424,0.6631299734748011,1.76238225463385,10,58
25015821903,2187,1854,3639,3425,2025,17.96116504854369,6.248175182481751,333,214
25015821904,1629,1542,2901,2764,1486,5.642023346303502,4.956584659913169,87,137
25015822000,211,165,2123,1962,159,27.878787878787882,8.205912334352702,46,161
25015822200,2599,2520,6040,6114,2490,3.134920634920635,-1.2103369316323191,79,-74
25015822300,2823,2702,5413,5372,2684,4.4781643227239085,0.763216679076694,121,41
25015822401,2413,2327,5822,5842,2349,3.6957455951869362,-0.3423485107839781,86,-20
25015822402,2614,2586,4977,4839,2486,1.082753286929621,2.8518288902665843,28,138
25015822500,2550,2337,6224,5792,2445,9.114249037227214,7.458563535911603,213,432
25015822601,1029,1014,2094,2180,868,1.4792899408284024,-3.9449541284403673,15,-86
25015822603,747,696,1622,1607,662,7.327586206896551,0.9334163036714374,51,15
25015822605,618,591,1186,1222,536,4.568527918781726,-2.9459901800327333,27,-36
25015822606,1789,1781,3465,3536,1540,0.4491858506457047,-2.007918552036199,8,-71
25015822700,1654,1722,3041,3197,1408,-3.948896631823461,-4.879574601188614,-68,-156
25017300100,1243,1191,3193,3074,1160,4.36607892527288,3.8711776187378013,52,119
25017301101,1706,1564,4211,4024,1656,9.07928388746803,4.647117296222664,142,187
25017301102,1861,1821,4917,4902,1805,2.196595277320154,0.30599755201958384,40,15
25017310100,3328,2858,6127,5267,3123,16.445066480055985,16.328080501234098,470,860
25017310200,2397,2283,6538,5976,2305,4.993429697766097,9.404283801874163,114,562
25017310300,2494,2447,6690,6016,2399,1.9207192480588478,11.20345744680851,47,674
25017310400,1225,1208,3429,3245,1140,1.4072847682119205,5.6702619414483815,17,184
25017310500,1284,1256,3291,3449,1187,2.229299363057325,-4.581037982023775,28,-158
25017310601,2344,2112,6193,5746,2294,10.984848484848484,7.77932474765054,232,447
25017310602,2481,2412,6358,5825,2372,2.8606965174129355,9.150214592274677,69,533
25017310700,1692,1628,4530,4441,1491,3.9312039312039313,2.0040531411844182,64,89
25017311100,951,844,2498,2410,901,12.677725118483412,3.6514522821576767,107,88
25017311200,1115,1133,3217,3267,1061,-1.5887025595763458,-1.5304560759106214,-18,-50
25017311300,1460,1407,5207,4057,1402,3.7668798862828714,28.346068523539564,53,1150
25017311400,2598,2512,6551,5986,2515,3.4235668789808917,9.438690277313732,86,565
25017311500,1104,1092,3224,2974,1067,1.098901098901099,8.406186953597848,12,250
25017311600,2071,1922,5626,5295,1896,7.752341311134235,6.2511803588290835,149,331
25017311700,1676,1636,5190,5098,1590,2.444987775061125,1.8046292663789723,40,92
25017311800,1112,1058,3603,3513,1066,5.103969754253308,2.5619128949615715,54,90
25017311900,1327,1169,3062,2429,1226,13.515825491873395,26.060107039934127,158,633
25017312000,1070,1059,3047,2938,982,1.0387157695939566,3.71000680735194,11,109
25017312100,1371,1190,3525,3149,1268,15.210084033613445,11.940298507462686,181,376
25017312200,1819,1697,4912,4309,1738,7.189157336476135,13.993966117428638,122,603
25017312300,2106,2098,5278,4931,2047,0.3813155386081983,7.037112147637396,8,347
25017312400,1046,996,2505,2354,992,5.020080321285141,6.414613423959219,50,151
25017312501,1832,1791,4456,4464,1774,2.2892238972640984,-0.17921146953405018,41,-8
25017312502,1716,1694,4088,3960,1662,1.2987012987012987,3.2323232323232323,22,128
25017313101,2455,2033,6440,5488,2370,20.75750122970979,17.346938775510203,422,952
25017313102,2214,2173,5940,5804,2128,1.8867924528301887,2.3432115782219163,41,136
25017314101,2471,2232,6783,6055,2434,10.707885304659499,12.023121387283236,239,728
25017314102,3034,2972,7448,7223,2961,2.0861372812920593,3.115049148553233,62,225
25017314200,2202,2081,5629,5233,2139,5.814512253724171,7.567360978406268,121,396
25017314301,3533,3140,9285,8011,3441,12.51592356687898,15.90313319186119,393,1274
25017314302,1085,926,3468,2935,1070,17.17062634989201,18.160136286201023,159,533
25017315100,1991,1922,5740,5456,1949,3.5900104058272633,5.205278592375366,69,284
25017315200,3685,3198,8665,7585,3507,15.228267667292059,14.238628872775214,487,1080
25017315401,1870,1412,4178,3532,1807,32.436260623229465,18.28992072480181,458,646
25017315402,1244,994,3316,2921,1217,25.15090543259557,13.522766175967135,250,395
25017315403,563,597,1660,1745,551,-5.6951423785594635,-4.871060171919771,-34,-85
25017315500,2773,2725,7753,7722,2694,1.761467889908257,0.40145040145040145,48,31
25017316101,1690,1669,5036,5108,1671,1.2582384661473938,-1.4095536413469067,21,-72
25017316102,2273,2278,6153,6060,2226,-0.21949078138718175,1.5346534653465347,-5,93
25017316201,1477,1417,4228,4104,1449,4.234297812279464,3.0214424951267054,60,124
25017316202,1489,1435,4430,4290,1472,3.7630662020905925,3.263403263403263,54,140
25017316300,3544,3458,8440,8172,3377,2.4869866975130135,3.2794909446891825,86,268
25017316400,2398,1993,7097,6570,2243,20.321123933768188,8.02130898021309,405,527
25017316500,2606,2231,6713,5939,2537,16.808606006275213,13.032497053375987,375,774
25017317101,3300,2817,7118,6139,3110,17.145899893503728,15.947222674702722,483,979
25017317102,1985,1647,5002,4353,1836,20.522161505768064,14.909257983000229,338,649
25017317103,1767,1748,4876,4895,1737,1.0869565217391304,-0.3881511746680286,19,-19
25017317201,1021,1015,2899,2849,1000,0.5911330049261084,1.755001755001755,6,50
25017317202,1246,1241,3426,3388,1217,0.40290088638195,1.1216056670602124,5,38
25017317203,1664,1627,4253,4003,1606,2.2741241548862936,6.245316012990258,37,250
25017317301,1141,1225,2868,2627,1091,-6.857142857142858,9.173962695089456,-84,241
25017317302,2639,2487,5955,5548,2544,6.11178126256534,7.335976928622927,152,407
25017318100,2638,2454,6826,6674,2324,7.497962510187449,2.2774947557686547,184,152
25017318200,1903,1459,4824,3853,1761,30.431802604523643,25.201141967298206,444,971
25017318300,2994,2612,8327,7516,2834,14.624808575803982,10.790313996806812,382,811
25017318400,1699,1351,4669,3908,1641,25.75869726128793,19.472876151484137,348,761
25017320102,1864,1731,5417,5040,1788,7.683419988445984,7.48015873015873,133,377
25017320103,1302,1028,3707,2795,1249,26.653696498054476,32.62969588550984,274,912
25017320104,3478,2369,9633,7090,3357,46.81300126635711,35.867418899858954,1109,2543
25017321100,3118,3052,7219,6992,3023,2.1625163826998692,3.2465675057208236,66,227
25017321200,2845,2781,6922,6267,2739,2.3013304566702626,10.45157172490825,64,655
25017321300,3580,3423,8007,7497,3342,4.586619924043237,6.802721088435375,157,510
25017321400,1904,1282,4240,3297,1771,48.517940717628704,28.601759175007587,622,943
25017321500,3046,2843,7791,6898,2908,7.140344706296166,12.945781385908958,203,893
25017321600,3051,3035,7615,7548,2947,0.5271828665568369,0.8876523582405935,16,67
25017322100,1816,1803,4651,4671,1741,0.7210205213533,-0.42817383857846286,13,-20
25017322200,1998,1619,4461,3687,1924,23.409512044471896,20.992676973148903,379,774
25017322300,2764,2675,6282,6090,2658,3.327102803738318,3.152709359605911,89,192
25017322400,1922,1901,4698,4615,1826,1.1046817464492371,1.798483206933911,21,83
25017323100,2770,2526,7173,6590,2679,9.659540775930324,8.846737481031866,244,583
25017324101,2169,1862,5567,4761,2099,16.487647690655212,16.92921655114472,307,806
25017324102,1719,1615,4574,4163,1658,6.439628482972136,9.87268796540956,104,411
25017325100,3806,3462,8479,7427,3590,9.936452917388792,14.164534805439613,344,1052
25017326101,1592,1463,4511,3896,1521,8.817498291182503,15.78542094455852,129,615
25017326102,2562,2526,6805,6750,2451,1.4251781472684086,0.8148148148148148,36,55
25017327101,1317,1236,3662,3586,1271,6.553398058252427,2.119353039598438,81,76
25017327102,1783,1685,4340,4333,1716,5.816023738872404,0.16155088852988692,98,7
25017327103,1500,1427,3602,3578,1445,5.1156271899089,0.6707657909446618,73,24
25017328100,1167,1098,3357,3179,1133,6.284153005464481,5.599245045611827,69,178
25017330100,3001,2891,8737,8231,2921,3.8049117952265648,6.147491191835743,110,506
25017330200,2875,2742,6817,6661,2744,4.850474106491612,2.3419906920882747,133,156
25017331101,1245,1143,3311,3011,1198,8.923884514435695,9.963467286615742,102,300
25017331102,2542,2488,7074,6971,2476,2.1704180064308685,1.4775498493759862,54,103
25017331200,1913,1844,5487,5346,1873,3.7418655097613884,2.6374859708193044,69,141
25017331300,2627,2333,7498,6997,2576,12.601800257179596,7.160211519222524,294,501
25017332100,2075,2048,6063,5972,2024,1.318359375,1.5237776289350302,27,91
25017332200,3845,3512,8749,8376,3503,9.481776765375855,4.453199617956065,333,373
25017332300,2747,2512,7366,6677,2634,9.355095541401273,10.319005541410812,235,689
25017332400,1763,1596,4198,3473,1659,10.463659147869674,20.875323927440252,167,725
25017333100,3228,3223,7687,7399,3099,0.15513496742165683,3.892417894310042,5,288
25017333200,2230,2232,5228,5364,2135,-0.08960573476702509,-2.535421327367636,-2,-136
25017333300,1923,1872,4316,4063,1794,2.7243589743589745,6.226925916810239,51,253
25017333400,2729,2599,6527,6229,2621,5.001923816852635,4.784074490287366,130,298
25017333501,2090,2039,5237,5001,2020,2.501226091221187,4.719056188762248,51,236
25017333502,1499,1465,3428,3273,1406,2.3208191126279862,4.735716468072105,34,155
25017333600,3838,2879,8456,6791,3513,33.31017714484196,24.517744073037846,959,1665
25017334100,2749,2563,6998,6718,2665,7.2571205618415915,4.167907115212861,186,280
25017334200,1746,1637,4070,3968,1606,6.658521686010996,2.5705645161290325,109,102
25017334300,2628,2606,7767,7605,2571,0.844205679201842,2.130177514792899,22,162
25017334400,2826,2811,6681,6456,2702,0.5336179295624333,3.4851301115241635,15,225
25017335100,2845,2579,6260,5728,2727,10.314075222954635,9.287709497206704,266,532
25017335200,2521,2346,6273,5637,2422,7.4595055413469735,11.28259712613092,175,636
25017335301,1876,1804,4124,3852,1810,3.9911308203991127,7.061266874350987,72,272
25017335302,2155,1913,5306,4621,2056,12.650287506534239,14.823631248647478,242,685
25017335400,1908,1858,5125,5094,1867,2.6910656620021527,0.6085590891244602,50,31
25017336100,2566,2513,5758,5360,2479,2.109033028253084,7.425373134328359,53,398
25017336200,2342,2296,6476,6142,2283,2.003484320557491,5.437968088570498,46,334
25017336300,2612,2581,6984,6664,2557,1.2010848508330105,4.8019207683073235,31,320
25017336401,2842,2202,5832,4260,2690,29.064486830154408,36.901408450704224,640,1572
25017336402,2251,2159,4764,4557,2131,4.261232051875869,4.5424621461487815,92,207
25017337101,1329,1283,3220,3095,1304,3.5853468433359312,4.038772213247173,46,125
25017337102,2271,2033,5413,5042,2127,11.706837186424005,7.358191193970646,238,371
25017337201,1604,1530,3398,3192,1561,4.836601307189543,6.453634085213032,74,206
25017337202,2148,2140,5082,4849,2121,0.3738317757009346,4.805114456588988,8,233
25017337300,2805,2472,6129,5259,2694,13.470873786407767,16.543069024529377,333,870
25017338100,1092,1068,3204,2964,1055,2.247191011235955,8.097165991902834,24,240
25017338200,1623,1581,4270,3869,1552,2.6565464895635675,10.364435254587749,42,401
25017338300,1277,1253,3470,3180,1220,1.9154030327214684,9.119496855345911,24,290
25017338400,2082,2030,6168,5745,2002,2.561576354679803,7.362924281984334,52,423
25017338500,2060,2054,5859,5616,1981,0.2921129503407984,4.326923076923077,6,243
25017339100,3133,3024,6709,6442,3038,3.6044973544973544,4.144675566594225,109,267
25017339200,2225,2270,5700,5830,2151,-1.9823788546255507,-2.2298456260720414,-45,-130
25017339300,1351,1303,2996,2890,1286,3.683806600153492,3.667820069204152,48,106
25017339400,1607,1573,3479,3326,1512,2.161474888747616,4.60012026458208,34,153
25017339500,1761,1690,5662,5399,1660,4.201183431952662,4.871272457862568,71,263
25017339600,2399,2315,5471,5024,2315,3.6285097192224622,8.897292993630574,84,447
25017339700,1711,1684,3916,3878,1619,1.6033254156769599,0.9798865394533264,27,38
25017339801,2922,2370,5524,4410,2611,23.29113924050633,25.26077097505669,552,1114
25017339802,2650,1976,5485,4557,2398,34.10931174089069,20.364274742154926,674,928
25017339900,2304,2212,5445,5171,2222,4.159132007233273,5.298781666988977,92,274
25017340000,1144,1115,2590,2594,1098,2.600896860986547,-0.15420200462606012,29,-4
25017340100,2564,2514,6691,6652,2505,1.988862370723946,0.5862898376428142,50,39
25017341101,1504,1450,3850,3675,1438,3.724137931034482,4.761904761904762,54,175
25017341102,2459,2289,5180,4564,2346,7.426823940585408,13.496932515337424,170,616
25017341200,2875,2786,6995,6857,2704,3.194544149318019,2.0125419279568324,89,138
25017341300,3631,2642,6838,5439,3198,37.433762301286905,25.721640007354292,989,1399
25017341400,2543,2451,6747,6212,2431,3.7535699714402284,8.612363168061817,92,535
25017341500,1917,1790,5353,4780,1836,7.094972067039105,11.98744769874477,127,573
25017341600,2852,2750,6985,6564,2705,3.709090909090909,6.413772090188909,102,421
25017341700,2271,2191,5607,5298,2167,3.651300775901415,5.8323895809739525,80,309
25017341800,2747,2633,7074,6554,2641,4.3296619825294345,7.934086054317974,114,520
25017341901,552,535,1515,1387,520,3.177570093457944,9.228550829127613,17,128
25017341902,4372,3644,10126,8120,4040,19.978046103183313,24.704433497536947,728,2006
25017342101,1748,1663,5028,4457,1655,5.111244738424534,12.811308054745343,85,571
25017342102,1785,1683,4717,4066,1721,6.0606060606060606,16.010821446138713,102,651
25017342201,2141,2062,6274,5268,2064,3.831231813773036,19.096431283219438,79,1006
25017342202,1549,1536,4208,3833,1468,0.8463541666666666,9.783459431254892,13,375
25017342300,3073,2754,8359,6826,2930,11.58315177923021,22.458247875769118,319,1533
25017342400,3238,2553,7699,6055,2972,26.83117900509205,27.151114781172588,685,1644
25017342500,2922,2781,7820,6797,2734,5.070118662351672,15.050757687214947,141,1023
25017342600,1751,1683,4969,4365,1665,4.040404040404041,13.837342497136312,68,604
25017350103,1536,520,2840,1210,1434,195.3846153846154,134.71074380165288,1016,1630
25017350104,3149,2898,7537,7275,2965,8.661145617667357,3.601374570446735,251,262
25017350200,2841,2763,6549,6567,2691,2.823018458197611,-0.27409776153494747,78,-18
25017350300,1363,1148,2984,2441,1301,18.72822299651568,22.244981564932402,215,543
25017350400,2587,2508,5894,5568,2493,3.149920255183413,5.8548850574712645,79,326
25017350500,786,772,1743,1629,747,1.8134715025906734,6.998158379373849,14,114
25017350600,1148,1091,4788,4572,1086,5.224564619615032,4.724409448818897,57,216
25017350700,3135,3116,6315,6048,2956,0.6097560975609756,4.4146825396825395,19,267
25017350800,968,920,2076,1828,921,5.217391304347826,13.566739606126916,48,248
25017350900,1707,1648,3533,3314,1634,3.5800970873786406,6.608328304164152,59,219
25017351000,3271,3115,7120,6450,3162,5.008025682182986,10.387596899224807,156,670
25017351100,2813,2778,5747,5622,2652,1.259899208063355,2.2234080398434717,35,125
25017351203,2064,1959,4631,4241,1973,5.359877488514548,9.195944352746993,105,390
25017351204,2033,1927,4295,4129,1926,5.500778412039439,4.0203439089367885,106,166
25017351300,2156,2078,4406,4233,2072,3.753609239653513,4.086935979210962,78,173
25017351403,1769,1678,4110,4028,1651,5.423122765196663,2.035749751737835,91,82
25017351404,1626,1629,3998,4289,1545,-0.1841620626151013,-6.784798321287014,-3,-291
25017351500,1311,1172,2464,2310,1233,11.860068259385665,6.666666666666667,139,154
25017352101,2396,1292,4270,1654,2234,85.44891640866872,158.1620314389359,1104,2616
25017352102,1459,1431,2663,2277,1364,1.9566736547868624,16.952129995608257,28,386
25017352200,1208,1145,1999,1849,1105,5.502183406113537,8.112493239588966,63,150
25017352300,2406,2069,4309,3450,2249,16.288061865635573,24.89855072463768,337,859
25017352400,1096,818,2663,2126,1036,33.98533007334964,25.258701787394166,278,537
25017352500,1336,1267,3026,2894,1271,5.445935280189424,4.561161022805805,69,132
25017352600,1131,1055,2490,2378,1045,7.203791469194313,4.7098402018502945,76,112
25017352700,1040,1016,2009,2057,965,2.3622047244094486,-2.333495381623724,24,-48
25017352800,997,955,2284,2115,951,4.397905759162303,7.990543735224587,42,169
25017352900,1417,1415,2917,2646,1338,0.1413427561837456,10.241874527588815,2,271
25017353000,2258,2001,4082,3584,2158,12.843578210894552,13.895089285714285,257,498
25017353101,1339,1035,2741,2460,1025,29.3719806763285,11.422764227642276,304,281
25017353102,791,327,5785,5040,584,141.8960244648318,14.781746031746032,464,745
25017353200,1955,1701,5242,4897,1767,14.93239271017049,7.045129671227282,254,345
25017353300,1770,1771,3723,3471,1665,-0.0564652738565782,7.260155574762317,-1,252
25017353400,1341,1298,3000,2848,1278,3.3127889060092452,5.337078651685393,43,152
25017353500,1323,1330,2696,2602,1272,-0.5263157894736842,3.61260568793236,-7,94
25017353600,1682,1568,4608,4551,1521,7.270408163265306,1.2524719841793013,114,57
25017353700,1942,1956,5604,5365,1796,-0.7157464212678937,4.45479962721342,-14,239
25017353800,2986,2947,5021,4702,2777,1.323379708177808,6.784347086346236,39,319
25017353900,1638,1519,6139,7090,1485,7.834101382488479,-13.413258110014104,119,-951
25017354000,2199,2089,4740,4366,2043,5.2656773575873626,8.566193311956024,110,374
25017354100,1816,1717,3056,2907,1549,5.765870704717531,5.125558995528036,99,149
25017354200,1443,1404,3008,2907,1308,2.7777777777777777,3.47437220502236,39,101
25017354300,1653,1651,3489,3346,1545,0.12113870381586916,4.273759713090257,2,143
25017354400,805,802,1730,1647,752,0.3740648379052369,5.0394656952034005,3,83
25017354500,1327,1291,2475,2236,1246,2.78853601859024,10.688729874776387,36,239
25017354600,2950,2192,5831,4538,2713,34.58029197080292,28.49272807404143,758,1293
25017354700,1304,1207,2859,2509,1199,8.036454018227008,13.949780789159028,97,350
25017354800,1130,977,2323,1903,1069,15.660184237461616,22.07041513399895,153,420
25017354900,4230,2632,8510,6058,3827,60.71428571428571,40.475404423902276,1598,2452
25017355000,1535,1413,3108,2689,1426,8.634111818825195,15.58200074377092,122,419
25017356100,1464,1449,3330,3110,1406,1.0351966873706004,7.07395498392283,15,220
25017356300,2445,2426,5332,5040,2348,0.7831821929101401,5.7936507936507935,19,292
25017356400,3210,2980,8136,7247,3089,7.718120805369128,12.267145025527805,230,889
25017356500,2924,2950,7074,6580,2836,-0.8813559322033898,7.507598784194529,-26,494
25017356601,2186,2134,4783,4216,2097,2.436738519212746,13.44876660341556,52,567
25017356602,1760,1752,4284,4169,1706,0.45662100456621,2.7584552650515715,8,115
25017356701,3225,3184,6276,5844,3067,1.2876884422110553,7.392197125256674,41,432
25017356702,3249,3099,7101,6638,3130,4.84027105517909,6.9749924676107256,150,463
25017357100,2199,1721,5480,4185,2070,27.77454968041836,30.943847072879333,478,1295
25017357200,1165,1156,3243,3202,1120,0.7785467128027681,1.2804497189256714,9,41
25017357300,1322,1343,3117,2973,1257,-1.5636634400595681,4.843592330978809,-21,144
25017357400,945,938,2372,2339,886,0.7462686567164178,1.410859341598974,7,33
25017357500,1030,902,2255,2130,879,14.19068736141907,5.868544600938967,128,125
25017357600,1091,1081,2665,2432,1040,0.9250693802035153,9.580592105263158,10,233
25017357700,1722,1661,4139,3727,1659,3.6724864539434074,11.054467400053662,61,412
25017357800,1406,1382,4017,3741,1342,1.7366136034732274,7.377706495589415,24,276
25017358100,1887,1885,5282,5105,1833,0.10610079575596816,3.4671890303623902,2,177
25017358300,2451,2301,6382,5526,2320,6.51890482398957,15.490408975750997,150,856
25017358400,1909,1923,5285,4895,1831,-0.7280291211648465,7.967313585291114,-14,390
25017358500,1898,1786,5579,4861,1833,6.270996640537514,14.770623328533222,112,718
25017358600,2256,2246,6319,5947,2188,0.44523597506678536,6.255254750294266,10,372
25017358700,1909,1878,5607,5060,1842,1.650692225772098,10.810276679841897,31,547
25017359100,2486,2588,6547,6198,2370,-3.9412673879443583,5.630848660858341,-102,349
25017359300,2959,2780,7842,7122,2853,6.438848920863309,10.109519797809604,179,720
25017360100,436,477,1448,1286,428,-8.59538784067086,12.597200622083982,-41,162
25017360200,2333,2140,5566,5076,2158,9.018691588785046,9.653270291568164,193,490
25017361100,2420,2491,5726,5657,2252,-2.8502609393817746,1.2197277709033056,-71,69
25017361200,2407,1936,6258,5765,2226,24.328512396694215,8.55160450997398,471,493
25017361300,2471,2520,6506,6246,2320,-1.9444444444444444,4.1626641050272175,-49,260
25017362100,1897,1758,5238,4852,1845,7.906712172923777,7.955482275350372,139,386
25017363102,2986,2647,7114,5909,2860,12.80695126558368,20.392621424945,339,1205
25017363103,1357,1197,3618,3229,1303,13.366750208855471,12.047073397336638,160,389
25017363104,2313,2235,6259,6105,2242,3.48993288590604,2.5225225225225225,78,154
25017363201,1223,1169,3318,3219,1193,4.619332763045338,3.075489282385834,54,99
25017363202,1341,1282,3717,3462,1302,4.6021840873634945,7.365684575389948,59,255
25017364101,2530,2361,5631,5266,2437,7.157983905124947,6.931257121154577,169,365
25017364102,2212,2086,5113,4840,2125,6.0402684563758395,5.640495867768594,126,273
25017365100,2601,2508,7918,7732,2542,3.7081339712918657,2.405587170201759,93,186
25017365201,2070,1896,5949,5607,2032,9.177215189873419,6.099518459069021,174,342
25017365202,1887,1547,5066,4320,1814,21.978021978021978,17.26851851851852,340,746
25017366100,1891,1859,4952,4697,1804,1.7213555675094134,5.428997232275921,32,255
25017366201,1288,1258,3750,3598,1243,2.384737678855326,4.224569205113952,30,152
25017366202,2117,1904,5240,4699,1966,11.186974789915967,11.513087891040646,213,541
25017367100,1434,1456,4085,3959,1339,-1.510989010989011,3.1826218742106596,-22,126
25017367200,2608,2552,7766,7302,2462,2.19435736677116,6.354423445631334,56,464
25017368101,2719,2748,6326,6101,2566,-1.0553129548762736,3.687920013112604,-29,225
25017368102,1527,1471,3789,3627,1438,3.8069340584636304,4.466501240694789,56,162
25017368200,1963,1856,4580,4294,1897,5.765086206896552,6.660456450861667,107,286
25017368300,2656,2588,5764,5345,2546,2.627511591962906,7.839101964452759,68,419
25017368400,2630,2471,8606,8117,2459,6.434641845406717,6.024393248737218,159,489
25017368500,1992,1890,3419,3297,1808,5.396825396825397,3.7003336366393693,102,122
25017368600,2706,2480,5856,5196,2551,9.112903225806452,12.702078521939955,226,660
25017368700,1078,1049,2683,2462,1030,2.7645376549094376,8.976441917140535,29,221
25017368800,2831,1983,6169,4741,2664,42.76348966212809,30.120227800042187,848,1428
25017368901,2186,2174,7029,6801,2110,0.5519779208831647,3.3524481693868546,12,228
25017368902,1647,1613,4608,4320,1536,2.1078735275883447,6.666666666666667,34,288
25017369000,588,581,1463,1528,552,1.2048192771084338,-4.2539267015706805,7,-65
25017369100,2023,2022,4925,4803,1973,0.04945598417408506,2.540079117218405,1,122
25017370101,2964,2959,6807,6488,2885,0.16897600540723218,4.916769420468557,5,319
25017370102,4265,3472,8286,6751,4021,22.839861751152075,22.73737224114946,793,1535
25017370201,1774,1887,3798,3757,1673,-5.988341282458929,1.0912962470055896,-113,41
25017370202,1911,1879,4222,4149,1832,1.7030335284725917,1.7594601108700894,32,73
25017370300,3059,2930,6105,5644,2847,4.4027303754266205,8.167965981573353,129,461
25017370400,3036,2457,6111,5126,2876,23.565323565323563,19.215762777994538,579,985
25017373100,2226,2198,5113,4755,2081,1.2738853503184715,7.528916929547845,28,358
25017373200,2115,2053,4789,4391,1987,3.019970774476376,9.063994534274652,62,398
25017373300,1296,1270,3100,2799,1234,2.047244094488189,10.753840657377635,26,301
25017373400,1492,1413,3319,3204,1397,5.590941259731069,3.5892634207240945,79,115
25017373500,2022,2016,6236,6187,1924,0.2976190476190476,0.7919831905608534,6,49
25017373600,1089,1029,6132,6026,1015,5.830903790087463,1.7590441420511118,60,106
25017373700,1408,1401,3854,3790,1358,0.4996431120628123,1.688654353562005,7,64
25017373800,2575,2548,6065,5923,2458,1.0596546310832025,2.3974337329056223,27,142
25017373900,2811,2667,7003,6373,2647,5.399325084364454,9.88545426016005,144,630
25017374000,1878,1796,4808,5237,1780,4.565701559020044,-8.191712812679015,82,-429
25017374100,2099,2027,4965,4647,1975,3.5520473606314753,6.8431245965138805,72,318
25017374200,1634,1594,4312,4194,1560,2.5094102885821834,2.8135431568907965,40,118
25017374300,1257,1343,3772,3494,1226,-6.403574087862992,7.95649685174585,-86,278
25017374400,2274,2244,5955,5743,2184,1.3368983957219251,3.6914504614313075,30,212
25017374500,1735,1704,4586,4339,1671,1.8192488262910798,5.692555888453561,31,247
25017374600,2006,1984,5285,4829,1929,1.1088709677419355,9.442948850693725,22,456
25017374700,1847,1846,4600,4477,1794,0.054171180931744306,2.747375474648202,1,123
25017374800,1553,1515,5024,4738,1484,2.5082508250825084,6.036302237230899,38,286
25017382100,1854,1868,5146,4911,1794,-0.7494646680942184,4.7851761352066795,-14,235
25017382200,2157,2056,5375,5158,2067,4.912451361867705,4.207056998836759,101,217
25017382300,2283,2224,5919,5568,2174,2.652877697841727,6.303879310344827,59,351
25017382400,2250,1904,5340,4523,2167,18.172268907563023,18.063232367897413,346,817
25017382500,2696,1936,5662,4418,2457,39.25619834710744,28.157537347215932,760,1244
25017382601,2340,2295,4794,4269,2266,1.9607843137254901,12.297962052002811,45,525
25017382602,2100,1838,4768,4159,2029,14.25462459194777,14.642943015147871,262,609
25017383101,1376,1328,4149,4217,1312,3.614457831325301,-1.6125207493478777,48,-68
25017383102,1974,1834,5012,4923,1720,7.633587786259542,1.8078407475116798,140,89
25017383200,2292,2225,6591,6046,2231,3.01123595505618,9.014224280516043,67,545
25017383300,1590,1370,3191,3042,1282,16.05839416058394,4.8980933596318215,220,149
25017383400,2527,2356,6299,5540,2404,7.258064516129033,13.700361010830326,171,759
25017383501,2155,2094,4675,4259,2062,2.913085004775549,9.767551068325899,61,416
25017383502,1046,1074,3932,3773,1013,-2.60707635009311,4.214153193745031,-28,159
25017383600,2539,2509,6342,6138,2474,1.1956954962136308,3.3235581622678394,30,204
25017383700,2154,2119,5308,5213,2100,1.651722510618216,1.822367159025513,35,95
25017383800,2620,2237,6356,5360,2558,17.121144389807778,18.582089552238806,383,996
25017383901,3232,3059,7886,7628,3134,5.655442955214123,3.382275825904562,173,258
25017383902,1957,1941,5337,5227,1911,0.8243173621844411,2.1044576238760286,16,110
25017384001,637,569,1588,1437,613,11.950790861159929,10.508002783576895,68,151
25017384002,2933,2814,5699,5515,2737,4.228855721393035,3.336355394378966,119,184
25017385100,3028,2474,7841,6717,2941,22.392886014551333,16.7336608605032,554,1124
25017385201,1181,1084,2837,2568,1103,8.948339483394834,10.475077881619937,97,269
25017385202,3289,3051,8152,7308,3198,7.800721075057358,11.548987411056375,238,844
25017386100,1562,1495,4403,4119,1486,4.481605351170568,6.89487739742656,67,284
25017387100,1643,1576,4379,4257,1610,4.251269035532995,2.865867982147052,67,122
25017387201,2357,2141,6231,5464,2260,10.088743577767397,14.037335285505122,216,767
25017387202,1562,1370,4386,3826,1517,14.014598540145986,14.636696288552011,192,560
25017388100,2362,2073,5506,4996,2261,13.941148094548964,10.208166533226581,289,510
25017388200,2599,2427,7432,7211,2485,7.086938607334157,3.064762168908612,172,221
25017388300,1862,1929,6405,5420,1731,-3.4733022291342666,18.173431734317344,-67,985
25017980000,0,0,0,0,0,NA,NA,0,0
25019950100,3116,3136,1718,1375,864,-0.6377551020408163,24.945454545454545,-20,343
25019950200,3262,2949,6669,4869,2336,10.613767378772465,36.96857670979667,313,1800
25019950307,1128,1108,524,342,250,1.8050541516245486,53.216374269005854,20,182
25019950400,1886,1645,3580,2422,1239,14.650455927051672,47.811725846407924,241,1158
25019950500,2777,2780,1760,1164,784,-0.1079136690647482,51.20274914089347,-3,596
25019990000,0,0,0,0,0,NA,NA,0,0
25021400100,2657,2511,5549,4977,2505,5.814416567104739,11.49286718906972,146,572
25021400200,3078,2954,6674,6132,2997,4.197698036560596,8.838878016960209,124,542
25021400300,1786,1672,4310,4110,1691,6.8181818181818175,4.866180048661801,114,200
25021400400,3018,2869,5933,5449,2896,5.193447194144301,8.882363736465408,149,484
25021400500,2650,2513,5558,5173,2484,5.451651412654198,7.442489851150203,137,385
25021400600,2402,2218,5492,5177,2267,8.29576194770063,6.084604983581224,184,315
25021400700,1584,1442,3986,3598,1526,9.847434119278779,10.783768760422458,142,388
25021400800,2808,2636,6077,5630,2676,6.525037936267071,7.939609236234459,172,447
25021400900,2167,2017,4354,3865,2070,7.4367873078829945,12.652005174644243,150,489
25021401000,1454,1342,3534,3149,1380,8.345752608047691,12.226103524928549,112,385
25021401100,1712,1629,4823,4441,1596,5.095150399017802,8.601666291375816,83,382
25021401200,2642,2645,6897,7031,2433,-0.11342155009451795,-1.9058455411747974,-3,-134
25021402101,1582,1560,3589,3634,1519,1.4102564102564104,-1.2383048981838194,22,-45
25021402102,1803,1769,4402,4063,1727,1.921989824759751,8.34358848141767,34,339
25021402200,883,861,2218,2169,856,2.5551684088269457,2.2591055786076533,22,49
25021402300,1667,1648,4520,4549,1635,1.1529126213592233,-0.6375027478566717,19,-29
25021402400,2662,2592,6341,6050,2557,2.700617283950617,4.809917355371901,70,291
25021402500,1864,1761,4293,4264,1643,5.848949460533787,0.6801125703564728,103,29
25021403100,2536,2362,7599,6841,2461,7.366638441998306,11.08025142523023,174,758
25021403300,1489,1454,4431,4222,1444,2.407152682255846,4.950260540028423,35,209
25021403400,2583,2593,6960,6488,2473,-0.38565368299267255,7.274969173859433,-10,472
25021403500,3102,2497,7129,5684,2781,24.229074889867842,25.422237860661507,605,1445
25021404100,1496,1442,4456,4025,1442,3.744798890429958,10.70807453416149,54,431
25021404201,1329,1250,3945,3658,1258,6.32,7.845817386550028,79,287
25021404202,1216,1387,5038,4986,1162,-12.32876712328767,1.0429201764941836,-171,52
25021404301,1884,1884,5812,5508,1812,0,5.519244734931009,0,304
25021404302,1455,1433,3826,3529,1366,1.5352407536636425,8.415981864550865,22,297
25021404400,1900,1793,6474,6276,1700,5.967651979921919,3.154875717017208,107,198
25021405100,2045,1969,5924,5589,1949,3.8598273235144744,5.993916621935946,76,335
25021406101,2146,2006,6081,5537,2089,6.979062811565304,9.824814881704896,140,544
25021406102,2303,2231,6718,6487,2256,3.227252353204841,3.5609680900262064,72,231
25021407100,3411,3158,8460,7891,3286,8.011399620012666,7.2107464199721205,253,569
25021408101,2869,2693,8183,7962,2811,6.535462309691793,2.7756845013815625,176,221
25021408102,1958,1920,4930,4790,1896,1.9791666666666665,2.9227557411273484,38,140
25021409101,1559,1429,5886,6217,1517,9.097270818754374,-5.324111307704681,130,-331
25021409102,2041,1692,5777,5010,1994,20.62647754137116,15.30938123752495,349,767
25021410100,2809,2567,6814,6142,2678,9.42734709777951,10.941061543471182,242,672
25021410300,2026,1715,4947,4423,1950,18.134110787172013,11.84716255934886,311,524
25021410400,2845,2613,6857,6300,2745,8.878683505549176,8.841269841269842,232,557
25021411100,3460,3088,9335,7972,3313,12.046632124352332,17.097340692423483,372,1363
25021411200,2869,2498,7452,6562,2714,14.851881505204162,13.562938128619322,371,890
25021411301,2084,2069,6065,5527,2008,0.7249879168680522,9.734032929256378,15,538
25021411302,1623,1385,3523,4009,1339,17.184115523465703,-12.122723871289597,238,-486
25021412100,2359,2299,6720,6334,2289,2.609830361026533,6.094095358383328,60,386
25021412200,1319,1494,3894,3572,1227,-11.713520749665328,9.014557670772676,-175,322
25021412300,2121,1638,5657,4712,2002,29.48717948717949,20.05517826825127,483,945
25021413100,2760,2411,6493,5854,2653,14.475321443384487,10.915613255893406,349,639
25021413200,3220,2787,6929,6079,3076,15.536419088625763,13.982562921533148,433,850
25021413300,2050,1970,5083,4954,1982,4.060913705583756,2.6039563988696,80,129
25021413401,1653,1601,3554,3167,1568,3.2479700187382887,12.219766340385222,52,387
25021413402,2070,1877,4901,4244,1941,10.28236547682472,15.480678605089537,193,657
25021413500,1882,1833,4652,4304,1818,2.673213311511184,8.085501858736059,49,348
25021414100,2145,2114,5862,5693,2037,1.4664143803216652,2.968557878095907,31,169
25021414200,2420,2395,7549,7183,2373,1.0438413361169103,5.095364054016428,25,366
25021414300,2016,1947,5164,4736,1938,3.5439137134052388,9.037162162162163,69,428
25021415101,1793,1711,4774,4532,1731,4.792518994739918,5.339805825242718,82,242
25021415102,3614,3385,8059,7465,3443,6.765140324963072,7.9571332886805095,229,594
25021415200,3064,2299,7283,5850,2866,33.2753371030883,24.495726495726498,765,1433
25021415300,1458,1367,4256,3714,1410,6.656912948061448,14.593430263866452,91,542
25021416101,2181,2202,6274,5724,2096,-0.9536784741144414,9.608665269042628,-21,550
25021416102,1076,1027,4006,3810,1021,4.771178188899708,5.1443569553805775,49,196
25021416200,2447,2411,6914,6651,2361,1.4931563666528411,3.954292587580815,36,263
25021416300,1893,1824,5005,4749,1833,3.7828947368421053,5.390608549168245,69,256
25021416400,2246,2236,6433,6069,2172,0.4472271914132379,5.997693194925029,10,364
25021417100,1710,1704,4487,4264,1626,0.35211267605633806,5.22983114446529,6,223
25021417200,3518,3325,8517,8182,3390,5.804511278195489,4.0943534588120265,193,335
25021417300,2358,1810,3659,2681,2138,30.276243093922652,36.47892577396494,548,978
25021417400,1126,1114,2656,2566,1086,1.0771992818671454,3.507404520654715,12,90
25021417501,2106,2081,5291,5004,2039,1.2013455069678038,5.735411670663469,25,287
25021417502,2042,2015,4716,4639,1958,1.3399503722084367,1.6598404828626858,27,77
25021417601,2079,2102,5250,5196,1976,-1.0941960038058993,1.0392609699769053,-23,54
25021417602,2404,2380,5401,5155,2324,1.0084033613445378,4.772065955383123,24,246
25021417701,3835,2983,6759,5417,3537,28.56185048608783,24.773860070149528,852,1342
25021417702,1118,1109,2826,2765,1080,0.8115419296663661,2.206148282097649,9,61
25021417801,2433,2375,5518,5443,2319,2.442105263157895,1.377916590115745,58,75
25021417802,1330,1317,3217,3150,1296,0.9870918754745633,2.126984126984127,13,67
25021417901,4521,3331,8127,6048,4317,35.72500750525368,34.375,1190,2079
25021417902,1618,1564,3786,3542,1518,3.4526854219948846,6.888763410502541,54,244
25021418002,3396,3320,7444,7020,3236,2.289156626506024,6.03988603988604,76,424
25021418003,1961,1350,3581,2481,1803,45.25925925925926,44.33696090286175,611,1100
25021418004,2290,1987,5043,4280,2155,15.249119275289381,17.827102803738317,303,763
25021418101,2508,2450,5055,4837,2382,2.36734693877551,4.506925780442423,58,218
25021418102,1674,1676,3550,3377,1598,-0.11933174224343676,5.122890139176784,-2,173
25021418200,2985,2845,6754,6224,2927,4.92091388400703,8.515424164524422,140,530
25021419100,2312,2246,6329,5691,2223,2.9385574354407837,11.210683535406783,66,638
25021419200,1988,1914,5175,5002,1916,3.8662486938349003,3.4586165533786484,74,173
25021419300,1581,1558,4001,3863,1533,1.4762516046213094,3.5723530934506855,23,138
25021419400,1288,1288,3210,3166,1243,0,1.3897662665824384,0,44
25021419500,1278,1082,3480,3077,1234,18.11460258780037,13.097172570685734,196,403
25021419600,3001,2936,7554,6766,2889,2.2138964577656677,11.646467632279043,65,788
25021419700,1807,1481,4674,3821,1726,22.01215395003376,22.323998953153627,326,853
25021419800,1822,1797,4716,4358,1746,1.3912075681691707,8.214777420835246,25,358
25021420100,3179,2895,8820,7804,3084,9.810017271157168,13.018964633521271,284,1016
25021420201,1248,1219,3576,3505,1212,2.3789991796554553,2.0256776034236803,29,71
25021420202,2894,2430,7403,6303,2772,19.09465020576132,17.452006980802793,464,1100
25021420301,2668,2581,7295,6797,2577,3.3707865168539324,7.326761806679418,87,498
25021420302,2914,2883,7890,7703,2822,1.0752688172043012,2.4276256004154226,31,187
25021421100,2158,2103,5410,5120,2088,2.615311459819306,5.6640625,55,290
25021421200,2258,2171,5994,5671,2168,4.007369875633349,5.695644507141598,87,323
25021422100,2058,2023,5354,5293,2012,1.7301038062283738,1.152465520498772,35,61
25021422200,4429,3105,9256,6815,4171,42.64090177133655,35.81804842259721,1324,2441
25021422301,1142,1104,3058,2975,1121,3.4420289855072466,2.7899159663865545,38,83
25021422302,3438,3176,7180,6590,3317,8.249370277078086,8.952959028831563,262,590
25021422400,3635,3495,7833,7785,3476,4.005722460658083,0.6165703275529866,140,48
25021422501,2185,2161,4848,4758,2091,1.1105969458583989,1.8915510718789406,24,90
25021422502,2466,2382,5590,5165,2363,3.5264483627204033,8.228460793804453,84,425
25021422600,2580,2571,6777,6668,2523,0.3500583430571762,1.6346730653869226,9,109
25021422700,1589,1591,3805,3842,1538,-0.1257071024512885,-0.9630400832899532,-2,-37
25021422800,1902,1872,3756,3852,1796,1.6025641025641024,-2.4922118380062304,30,-96
25021423100,3342,2980,8380,7542,3097,12.147651006711408,11.11111111111111,362,838
25021440100,4393,3482,9945,8264,4187,26.163124641010917,20.341239109390123,911,1681
25021441202,980,879,3021,2726,958,11.490329920364049,10.821716801173881,101,295
25021441203,1808,1411,4112,3730,1611,28.13607370659107,10.241286863270778,397,382
25021441204,1831,1579,5046,4499,1745,15.959468017732743,12.15825739053123,252,547
25021442101,1970,1803,5796,5572,1851,9.262340543538548,4.0201005025125625,167,224
25021442102,2986,2649,7458,7071,2852,12.72178180445451,5.473058973271107,337,387
25021442103,2294,2178,7008,6946,2259,5.325987144168963,0.8926000575871005,116,62
25021442201,1592,1456,4362,4166,1559,9.340659340659341,4.704752760441671,136,196
25021442202,3713,3308,8635,7880,3501,12.243047158403868,9.581218274111675,405,755
25021443101,3160,3013,7621,7638,3042,4.878858280783273,-0.22257135375752815,147,-17
25021443102,3590,3352,9324,8694,3470,7.100238663484487,7.246376811594203,238,630
25021456101,1400,1272,4115,3776,1362,10.062893081761008,8.977754237288135,128,339
25021456102,2094,2060,5144,4945,1974,1.650485436893204,4.024266936299292,34,199
25021456200,1576,1166,4040,3146,1533,35.16295025728988,28.417037507946596,410,894
25021456301,850,785,2040,1753,799,8.280254777070063,16.371933827723904,65,287
25021456302,2753,2522,5538,5000,2592,9.1593973037272,10.76,231,538
25021456401,1097,1072,2861,2765,1050,2.332089552238806,3.471971066907776,25,96
25021456402,1965,1910,5540,5577,1921,2.8795811518324608,-0.6634391249775865,55,-37
25021457100,1833,1769,4777,4356,1751,3.617863199547767,9.664830119375575,64,421
25021457200,2179,2216,5969,5651,2122,-1.6696750902527078,5.627322597770306,-37,318
25023500101,2059,2014,3618,3702,1601,2.234359483614697,-2.2690437601296596,45,-84
25023500103,1437,1433,2231,2209,1225,0.2791346824842987,0.9959257582616569,4,22
25023500104,2359,2315,4224,4382,1917,1.900647948164147,-3.605659516202647,44,-158
25023501101,1325,1301,3515,3302,1255,1.8447348193697155,6.4506359781950335,24,213
25023501102,3948,3268,9187,8057,3548,20.807833537331703,14.025071366513592,680,1130
25023501201,1337,1313,3881,3667,1281,1.827875095201828,5.835833106081266,24,214
25023501202,3319,3071,7680,7131,3068,8.075545424943014,7.698779974758098,248,549
25023502101,2505,2436,6197,6051,2409,2.832512315270936,2.4128243265575935,69,146
25023502102,2214,2154,5644,5600,2163,2.785515320334262,0.7857142857142858,60,44
25023502200,2545,2461,5961,5838,2449,3.413246647704185,2.1068859198355603,84,123
25023503101,2523,2412,7403,7176,2461,4.601990049751244,3.163322185061315,111,227
25023503102,2744,2440,7428,6703,2640,12.459016393442624,10.816052513799791,304,725
25023504101,1892,1895,5618,5370,1839,-0.15831134564643798,4.618249534450651,-3,248
25023504102,1914,1780,5733,5136,1847,7.528089887640449,11.623831775700936,134,597
25023505101,2982,2932,6660,6468,2499,1.7053206002728514,2.9684601113172544,50,192
25023505102,1944,1840,5317,4991,1900,5.6521739130434785,6.531757162893208,104,326
25023505200,3338,3263,7085,6674,2809,2.2984983144345694,6.158225951453401,75,411
25023506101,2666,2562,6931,6531,2500,4.059328649492584,6.124636349716735,104,400
25023506102,2671,2268,6323,5899,2459,17.7689594356261,7.187658925241566,403,424
25023506202,1064,959,2569,2512,1018,10.948905109489052,2.269108280254777,105,57
25023506203,2285,2271,5256,5220,2079,0.6164685160722149,0.6896551724137931,14,36
25023506204,2891,2880,4744,4970,2121,0.3819444444444444,-4.54728370221328,11,-226
25023507101,2032,1942,5596,5323,1957,4.634397528321318,5.128686830734548,90,273
25023507103,1784,1764,4531,4351,1613,1.1337868480725624,4.136980004596644,20,180
25023507104,2462,2169,5966,5385,2248,13.508529276164131,10.789229340761375,293,581
25023508101,2787,2477,7078,6708,2607,12.515139281388777,5.515802027429935,310,370
25023508102,2000,1985,4978,5098,1902,0.7556675062972292,-2.3538642604943116,15,-120
25023508200,2219,2090,6299,6031,2173,6.172248803827751,4.443707511192174,129,268
25023509101,2724,2464,7585,6947,2581,10.55194805194805,9.183820354109688,260,638
25023509102,2640,2546,6125,5682,2468,3.6920659858601725,7.796550510383668,94,443
25023510100,1738,1727,4924,4776,1687,0.6369426751592357,3.0988274706867673,11,148
25023510200,2391,2229,6999,5964,2298,7.267833109017497,17.354124748490946,162,1035
25023510300,1583,1515,4490,3798,1493,4.488448844884489,18.220115850447606,68,692
25023510400,1351,1260,4332,3706,1283,7.222222222222221,16.891527253103074,91,626
25023510501,1365,1252,3589,3358,1271,9.025559105431311,6.87909469922573,113,231
25023510502,3297,2811,6909,5796,3200,17.28922091782284,19.202898550724637,486,1113
25023510503,1690,1762,4571,4296,1659,-4.0862656072644725,6.401303538175046,-72,275
25023510600,1090,1029,3242,2857,1051,5.928085519922255,13.475673783689185,61,385
25023510700,2221,2147,6340,5656,2146,3.4466697717745696,12.093352192362094,74,684
25023510800,2416,2303,6902,6339,2262,4.906643508467217,8.881527054740495,113,563
25023510900,1371,1089,3040,2531,1293,25.895316804407713,20.1106282101936,282,509
25023511000,1160,1089,3347,3040,1101,6.519742883379247,10.098684210526315,71,307
25023511100,1899,1871,5571,5291,1873,1.4965259219668627,5.292005292005292,28,280
25023511200,1669,1902,5322,4849,1603,-12.250262881177708,9.75458857496391,-233,473
25023511301,1906,1823,6313,5334,1822,4.552934722984093,18.35395575553056,83,979
25023511302,1272,1238,3751,3531,1248,2.7463651050080773,6.230529595015576,34,220
25023511400,1407,1329,4522,3716,1316,5.8690744920993225,21.689989235737354,78,806
25023511500,1631,1544,5139,4308,1549,5.634715025906735,19.289693593314762,87,831
25023511600,3087,2941,8394,7211,2913,4.964297857871473,16.405491610040215,146,1183
25023511701,1727,1682,5131,4655,1676,2.67538644470868,10.225563909774436,45,476
25023511702,1034,1009,2818,2798,1014,2.4777006937561943,0.7147962830593281,25,20
25023520100,2646,2477,6854,6458,2555,6.822769479208721,6.131929389903995,169,396
25023520201,1682,1584,4079,3952,1613,6.186868686868687,3.2135627530364372,98,127
25023520202,2485,2316,6129,5575,2430,7.29706390328152,9.937219730941704,169,554
25023521101,1846,1618,4740,4303,1776,14.091470951792337,10.155705321868464,228,437
25023521102,1315,1301,3344,3316,1265,1.0760953112990008,0.8443908323281062,14,28
25023521201,1365,1183,3097,2904,1259,15.384615384615385,6.646005509641874,182,193
25023521202,1458,1420,3939,3966,1419,2.676056338028169,-0.680786686838124,38,-27
25023522101,1632,1616,4600,4745,1577,0.9900990099009901,-3.0558482613277134,16,-145
25023522102,2329,1973,6040,5464,2205,18.04358844399392,10.54172767203514,356,576
25023523100,1166,1108,3258,3044,1130,5.234657039711191,7.030223390275952,58,214
25023523201,1026,979,2998,2897,988,4.800817160367722,3.486365205384881,47,101
25023523202,3019,2819,8181,7853,2958,7.094714437743881,4.176747739717306,200,328
25023524101,1194,1077,3382,3035,1142,10.86350974930362,11.433278418451401,117,347
25023524102,1702,1592,4326,3881,1654,6.909547738693467,11.466116980159754,110,445
25023525101,2953,2551,7186,6305,2830,15.758526068208544,13.973037272006344,402,881
25023525104,2238,2142,6506,6289,2190,4.481792717086835,3.4504690729845766,96,217
25023525203,2610,2336,6115,5595,2519,11.729452054794521,9.294012511170688,274,520
25023525204,1293,1075,3935,3382,1265,20.27906976744186,16.351271437019516,218,553
25023525300,8,6,1541,2063,8,33.33333333333333,-25.302956858943286,2,-522
25023526100,3108,3014,7748,7518,3007,3.11877903118779,3.0593242883745675,94,230
25023530100,2048,1632,4448,3808,1943,25.49019607843137,16.80672268907563,416,640
25023530200,1814,1675,3983,3600,1734,8.298507462686567,10.63888888888889,139,383
25023530300,2192,1910,4118,3782,2043,14.764397905759164,8.8841882601798,282,336
25023530400,2340,2274,5913,5823,2247,2.9023746701846966,1.545595054095827,66,90
25023530500,2569,2528,5744,5680,2365,1.6218354430379747,1.1267605633802817,41,64
25023530600,2171,2016,6455,6364,1904,7.688492063492064,1.4299182903834067,155,91
25023530700,3616,2539,5949,4242,2920,42.41827491138244,40.24045261669024,1077,1707
25023530801,2669,2167,6210,5587,2470,23.165666820489157,11.150885985323072,502,623
25023530802,2858,2840,4633,4785,1928,0.6338028169014085,-3.1765935214211076,18,-152
25023530901,3917,3368,9254,8328,3330,16.30047505938242,11.11911623439001,549,926
25023530902,1878,1851,4512,4469,1697,1.4586709886547813,0.9621839337659431,27,43
25023540101,1871,1531,4435,3783,1776,22.207707380796865,17.234998678297647,340,652
25023540102,1279,1255,2640,2570,1014,1.9123505976095616,2.7237354085603114,24,70
25023540103,1475,1391,4445,4249,1453,6.03882099209202,4.612850082372323,84,196
25023541100,2106,1885,5719,5232,2042,11.724137931034482,9.308103975535168,221,487
25023542101,2628,2484,7362,7131,2539,5.797101449275362,3.2393773664282706,144,231
25023542102,1004,961,2660,2552,979,4.474505723204994,4.231974921630094,43,108
25023542200,2750,2574,6304,6114,2645,6.837606837606838,3.1076218514883873,176,190
25023542300,3426,3004,7921,7319,3240,14.047936085219707,8.225167372591883,422,602
25023543100,1068,1043,2930,2820,1036,2.3969319271332696,3.900709219858156,25,110
25023544100,2012,1973,5568,5629,1951,1.9766852508869743,-1.0836738319417303,39,-61
25023544200,2688,2627,6076,5880,2539,2.322040350209364,3.3333333333333335,61,196
25023545100,3167,2995,6843,6446,2846,5.742904841402337,6.158858206639777,172,397
25023545200,3068,2641,6476,5669,2709,16.168118137069293,14.235314870347505,427,807
25023545300,3240,3307,4462,4413,2149,-2.0260054429996974,1.1103557670518922,-67,49
25023545400,3483,3313,5520,5294,2502,5.131300935707818,4.26898375519456,170,226
25023560100,3510,3262,6507,6045,2764,7.602697731453096,7.642679900744417,248,462
25023561100,2693,2445,5347,4907,2116,10.143149284253578,8.966782147951905,248,440
25023561200,239,226,3341,2929,216,5.752212389380531,14.06623420962786,13,412
25023990003,0,0,0,0,0,NA,NA,0,0
25025000100,2772,1707,6110,4254,2619,62.39015817223199,43.62952515279736,1065,1856
25025000201,1608,1618,3953,3854,1544,-0.6180469715698393,2.568759730150493,-10,99
25025000202,1606,1522,4148,3885,1539,5.519053876478318,6.76962676962677,84,263
25025000301,1337,1219,3137,2740,1290,9.680065627563577,14.489051094890511,118,397
25025000302,1371,1346,3071,3142,1323,1.8573551263001487,-2.259707192870783,25,-71
25025000401,3054,2965,5853,5672,2957,3.0016863406408096,3.191114245416079,89,181
25025000402,1621,1543,3643,3648,1510,5.055087491898899,-0.1370614035087719,78,-5
25025000502,2154,2041,6990,6303,2026,5.536501714845664,10.899571632555926,113,687
25025000503,1479,1408,2413,2211,1412,5.042613636363636,9.13613749434645,71,202
25025000504,2725,2726,5094,4985,2618,-0.036683785766691124,2.1865596790371113,-1,109
25025000601,1610,1525,3758,3571,1542,5.573770491803279,5.236628395407449,85,187
25025000602,2350,2035,4348,3974,2159,15.47911547911548,9.411172622043281,315,374
25025000701,2384,2359,4517,4446,2304,1.05977108944468,1.5969410706252813,25,71
25025000703,1375,1418,2442,2791,1315,-3.0324400564174896,-12.504478681476172,-43,-349
25025000704,2735,2405,5312,4801,2645,13.721413721413722,10.643615913351386,330,511
25025000802,3480,3129,8429,8136,3249,11.217641418983701,3.601278269419862,351,293
25025000803,743,946,3735,6584,513,-21.458773784355177,-43.27156743620899,-203,-2849
25025010103,420,528,4697,4569,366,-20.454545454545457,2.8014882906544103,-108,128
25025010104,2125,2136,5063,4804,1963,-0.5149812734082396,5.391340549542048,-11,259
25025010203,4656,3663,7060,5569,4254,27.108927108927112,26.77320883462022,993,1491
25025010204,1338,1283,3444,3173,1163,4.286827747466875,8.540813110620864,55,271
25025010300,366,416,5185,4861,317,-12.01923076923077,6.665295206747583,-50,324
25025010403,2203,2076,3179,3003,2039,6.1175337186897885,5.86080586080586,127,176
25025010404,1896,1862,5747,5817,1670,1.8259935553168638,-1.203369434416366,34,-70
25025010405,1005,994,6853,5522,912,1.1066398390342052,24.10358565737052,11,1331
25025010408,981,961,1438,1426,903,2.081165452653486,0.8415147265077139,20,12
25025010500,1940,1767,3876,3044,1654,9.790605546123372,27.33245729303548,173,832
25025010600,2532,2325,3530,2858,2156,8.903225806451614,23.51294611616515,207,672
25025010701,1581,1599,2543,2478,1403,-1.125703564727955,2.6230831315577077,-18,65
25025010702,1595,1643,2328,2400,1342,-2.9214850882531955,-3,-48,-72
25025010801,1814,1899,2856,2783,1629,-4.476040021063718,2.623068630973769,-85,73
25025010802,2063,2106,3058,3059,1823,-2.0417853751187085,-0.032690421706440015,-43,-1
25025020101,2745,2814,4235,4193,2400,-2.4520255863539444,1.001669449081803,-69,42
25025020200,2494,2478,3813,3649,2346,0.645682001614205,4.49438202247191,16,164
25025020301,1449,1414,2156,2023,1327,2.4752475247524752,6.5743944636678195,35,133
25025020302,803,721,1293,1181,744,11.373092926490985,9.483488569009314,82,112
25025020303,3786,1847,5539,3400,3237,104.98105035192205,62.911764705882355,1939,2139
25025030100,1381,1377,2116,1954,1291,0.29048656499636893,8.290685772773797,4,162
25025030200,1143,1103,1815,1665,1087,3.626473254759746,9.00900900900901,40,150
25025030300,3088,2960,4787,4872,2523,4.324324324324325,-1.7446633825944171,128,-85
25025030400,1695,1659,2601,2451,1548,2.1699819168173597,6.119951040391677,36,150
25025030500,1673,1656,2718,2538,1514,1.0265700483091789,7.092198581560284,17,180
25025040100,1249,1239,2322,2168,1195,0.8071025020177561,7.103321033210332,10,154
25025040200,703,727,1594,1606,638,-3.3012379642365883,-0.7471980074719801,-24,-12
25025040300,2115,2037,4525,3882,2021,3.829160530191458,16.563626996393612,78,643
25025040401,1309,1222,2922,2439,1256,7.1194762684124395,19.803198031980322,87,483
25025040600,2016,1334,3681,2444,1803,51.12443778110944,50.61374795417348,682,1237
25025040801,2127,2089,4077,3900,2013,1.8190521780756344,4.538461538461538,38,177
25025050101,1878,1850,4917,5115,1760,1.5135135135135136,-3.870967741935484,28,-198
25025050200,1994,1834,5197,5231,1850,8.724100327153762,-0.6499713247944944,160,-34
25025050300,1928,1041,3258,2251,1700,85.20653218059559,44.73567303420702,887,1007
25025050400,1111,1035,2372,2372,1033,7.342995169082125,0,76,0
25025050500,756,702,1849,1857,718,7.6923076923076925,-0.4308023694130318,54,-8
25025050600,874,806,2061,2063,829,8.436724565756824,-0.09694619486185167,68,-2
25025050700,1685,1606,4534,4504,1540,4.919053549190536,0.6660746003552398,79,30
25025050901,1504,1446,4243,4165,1412,4.011065006915629,1.8727490996398561,58,78
25025051000,1844,1784,4317,4089,1749,3.3632286995515694,5.575935436537051,60,228
25025051101,2444,2345,6460,6093,2264,4.221748400852878,6.0233054324634825,99,367
25025051200,1714,1160,3337,2379,1580,47.758620689655174,40.26902059688945,554,958
25025060101,1880,1684,3673,3216,1770,11.63895486935867,14.210199004975124,196,457
25025060200,1119,999,2328,1916,1043,12.012012012012011,21.50313152400835,120,412
25025060301,1829,1647,3609,3076,1704,11.050394656952033,17.32769830949285,182,533
25025060400,2708,2543,5195,4904,2506,6.488399528116398,5.933931484502447,165,291
25025060501,2450,1942,4733,3571,2291,26.15859938208033,32.53990478857463,508,1162
25025060600,5110,1530,6641,2357,4099,233.98692810457518,181.7564700890963,3580,4284
25025060700,605,636,1688,1893,591,-4.8742138364779874,-10.829371368198625,-31,-205
25025060800,2536,2142,4859,3964,2381,18.39402427637722,22.578203834510596,394,895
25025061000,1101,1408,2416,3098,1036,-21.803977272727273,-22.014202711426726,-307,-682
25025061101,1266,1044,2710,2232,1214,21.26436781609195,21.415770609318997,222,478
25025061200,3155,2041,5637,3240,2950,54.581087702106814,73.98148148148148,1114,2397
25025070101,5540,3383,10043,5902,4604,63.75997635234999,70.16265672653338,2157,4141
25025070200,2186,1690,6707,5218,2066,29.3491124260355,28.535837485626676,496,1489
25025070300,2757,2706,4303,3909,2465,1.8847006651884701,10.079304169864416,51,394
25025070402,2177,680,3562,1723,2008,220.14705882352942,106.73244341265236,1497,1839
25025070500,3105,3066,5616,5460,2926,1.2720156555772992,2.857142857142857,39,156
25025070600,1260,1309,2287,2240,1151,-3.7433155080213902,2.0982142857142856,-49,47
25025070700,1336,1366,2527,2361,1271,-2.1961932650073206,7.030919102075392,-30,166
25025070800,2145,2156,3741,3706,2010,-0.5102040816326531,0.9444144630329196,-11,35
25025070900,1821,1798,3465,3329,1739,1.2791991101223583,4.085310904175428,23,136
25025071101,2272,2185,4111,3753,2132,3.9816933638443937,9.539035438316015,87,358
25025071201,1899,1399,3514,3131,1545,35.7398141529664,12.23251357393804,500,383
25025080100,861,744,2900,3350,749,15.725806451612904,-13.432835820895523,117,-450
25025080300,871,791,2236,1769,833,10.11378002528445,26.39909553420011,80,467
25025080401,1463,1249,3391,2710,1392,17.133706965572458,25.129151291512912,214,681
25025080500,1431,1323,3294,3096,1380,8.16326530612245,6.395348837209303,108,198
25025080601,1481,920,4727,4271,1004,60.97826086956522,10.676656520721142,561,456
25025080801,1096,946,4282,3885,1042,15.856236786469344,10.218790218790218,150,397
25025080900,1910,1776,4376,4008,1808,7.545045045045046,9.181636726546905,134,368
25025081001,2581,2287,5695,4890,2510,12.855268911237431,16.462167689161554,294,805
25025081100,2319,1781,4649,4091,2114,30.20774845592364,13.639696895624542,538,558
25025081200,1378,1232,3506,3265,1290,11.85064935064935,7.3813169984686064,146,241
25025081300,2440,2111,5475,4760,2325,15.585030791094267,15.021008403361344,329,715
25025081400,1664,1462,3774,3003,1558,13.81668946648427,25.674325674325676,202,771
25025081500,1007,905,2449,2134,955,11.2707182320442,14.761012183692596,102,315
25025081700,1681,1599,4141,3820,1570,5.128205128205128,8.403141361256544,82,321
25025081800,1486,1388,3567,2898,1380,7.060518731988473,23.08488612836439,98,669
25025081900,1471,1397,3671,3115,1391,5.2970651395848245,17.849117174959872,74,556
25025082000,1352,1278,3195,2815,1253,5.790297339593114,13.49911190053286,74,380
25025082100,2150,2117,5224,5025,2072,1.5588096362777515,3.960199004975124,33,199
25025090100,1968,1863,5171,4571,1825,5.636070853462158,13.126230584117259,105,600
25025090200,840,830,2412,2233,811,1.2048192771084338,8.016121809225258,10,179
25025090300,1296,1268,3795,3179,1238,2.2082018927444795,19.377162629757784,28,616
25025090400,1428,1294,4101,3659,1348,10.35548686244204,12.079803224924843,134,442
25025090600,840,793,2450,2348,772,5.926860025220681,4.34412265758092,47,102
25025090700,2409,1990,4673,4275,2110,21.05527638190955,9.309941520467836,419,398
25025090901,1728,1640,3600,3730,1610,5.365853658536586,-3.485254691689008,88,-130
25025091001,1662,1315,3255,2742,1558,26.38783269961977,18.708971553610503,347,513
25025091100,2057,1966,4916,4861,1911,4.628687690742624,1.1314544332441885,91,55
25025091200,1276,1239,3140,3234,1204,2.9862792574656982,-2.906617192331478,37,-94
25025091300,935,868,2626,2499,881,7.71889400921659,5.08203281312525,67,127
25025091400,1052,939,2886,2741,996,12.034078807241746,5.290040131338928,113,145
25025091500,1731,1653,4589,4370,1632,4.71869328493648,5.0114416475972545,78,219
25025091600,1241,1165,3200,3138,1162,6.523605150214593,1.9757807520713833,76,62
25025091700,1074,1050,3203,3069,965,2.2857142857142856,4.3662430759204955,24,134
25025091800,1320,1214,3718,3452,1215,8.731466227347612,7.705677867902665,106,266
25025091900,1459,1380,4278,3860,1382,5.72463768115942,10.82901554404145,79,418
25025092000,1776,1693,5180,4945,1604,4.90253987005316,4.752275025278059,83,235
25025092101,2592,2454,6921,6451,2449,5.623471882640587,7.285692140753372,138,470
25025092200,1292,1227,3602,3349,1219,5.297473512632437,7.554493878769781,65,253
25025092300,1172,1077,3301,2893,1085,8.82079851439183,14.103007258900796,95,408
25025092400,2186,2065,6067,5277,2059,5.85956416464891,14.970627250331628,121,790
25025100100,1973,2047,5722,5510,1892,-3.6150464093795796,3.8475499092558985,-74,212
25025100200,1025,1013,2919,2787,964,1.1846001974333662,4.736275565123789,12,132
25025100300,1323,1262,3737,3303,1238,4.833597464342314,13.13957008779897,61,434
25025100400,2070,1830,5068,4865,1922,13.114754098360656,4.172661870503598,240,203
25025100500,2534,2383,6576,5989,2373,6.336550566512798,9.801302387710804,151,587
25025100601,2251,2192,5342,5154,2099,2.691605839416058,3.6476523088863018,59,188
25025100603,951,840,2172,1904,883,13.214285714285715,14.07563025210084,111,268
25025100700,2047,1975,4332,4322,1948,3.645569620253165,0.23137436372049977,72,10
25025100800,2725,2702,5791,5546,2588,0.8512213175425611,4.417598269022719,23,245
25025100900,1758,1729,4148,4072,1669,1.67727009832273,1.8664047151277015,29,76
25025101001,2288,2266,5593,5480,2162,0.9708737864077669,2.0620437956204376,22,113
25025101002,2295,2149,5712,4979,2213,6.793857608189856,14.721831693111067,146,733
25025101101,1198,1160,3241,3155,1125,3.2758620689655173,2.7258320126782887,38,86
25025101102,1688,1672,4766,4396,1544,0.9569377990430622,8.416742493175613,16,370
25025110103,2556,2353,5669,5460,2322,8.627284317892054,3.827838827838828,203,209
25025110201,851,874,2092,2051,809,-2.631578947368421,1.999024865919064,-23,41
25025110301,1026,955,2500,2405,960,7.43455497382199,3.9501039501039505,71,95
25025110401,1424,1362,3619,3566,1365,4.552129221732746,1.4862591138530568,62,53
25025110403,1796,1767,4437,4309,1726,1.6411997736276174,2.9705268043629616,29,128
25025110501,1396,1371,3302,3253,1319,1.8234865061998542,1.5063018751921304,25,49
25025110502,1765,1684,4000,3806,1672,4.809976247030879,5.097214923804519,81,194
25025110601,1191,1295,2639,2969,1117,-8.03088803088803,-11.11485348602223,-104,-330
25025110607,2319,2227,5430,5077,2204,4.1311180960934,6.952924955682489,92,353
25025120103,727,696,1642,1508,694,4.454022988505748,8.885941644562333,31,134
25025120104,1085,1060,2211,2095,1034,2.358490566037736,5.536992840095466,25,116
25025120105,949,953,2494,2444,903,-0.4197271773347324,2.0458265139116203,-4,50
25025120201,2241,1726,4360,3439,2126,29.837775202780996,26.781041000290784,515,921
25025120301,2093,1895,5120,4795,1975,10.448548812664908,6.777893639207508,198,325
25025120400,2943,2825,6000,5751,2825,4.176991150442478,4.329681794470527,118,249
25025120500,977,905,2423,2331,929,7.955801104972375,3.9468039468039464,72,92
25025120600,1175,1103,2571,2335,1118,6.527651858567543,10.107066381156317,72,236
25025120700,1067,1044,2139,2014,1016,2.203065134099617,6.206554121151937,23,125
25025130100,2977,2816,6174,5906,2826,5.717329545454546,4.53775821198781,161,268
25025130200,1995,1914,4708,4506,1903,4.231974921630094,4.482911673324456,81,202
25025130300,1819,1811,4496,4419,1746,0.44174489232468256,1.7424756732292372,8,77
25025130402,2243,2196,4832,4637,2122,2.1402550091074684,4.205305154194523,47,195
25025130404,1356,1322,3076,2901,1268,2.5718608169440245,6.03240261978628,34,175
25025130406,2490,2192,5638,5107,2410,13.594890510948904,10.397493636185628,298,531
25025140102,1831,1654,4958,4401,1755,10.701330108827085,12.656214496705296,177,557
25025140105,1343,1324,3589,3675,1285,1.4350453172205437,-2.3401360544217686,19,-86
25025140106,972,898,2178,1901,922,8.240534521158128,14.57127827459232,74,277
25025140107,1102,1051,2778,2531,1053,4.8525214081826835,9.75898854207823,51,247
25025140201,950,935,2311,2072,910,1.6042780748663104,11.534749034749035,15,239
25025140202,2204,2081,5824,5600,2115,5.910619894281596,4,123,224
25025140300,2646,2525,6847,6382,2518,4.792079207920792,7.286117204638044,121,465
25025140400,2971,2906,7860,7650,2830,2.236751548520303,2.7450980392156863,65,210
25025160101,2567,2159,8469,7551,2421,18.89763779527559,12.157330154946365,408,918
25025160200,1343,1225,4154,4043,1279,9.63265306122449,2.7454860252287903,118,111
25025160300,1467,1279,2753,2065,1388,14.698983580922595,33.31719128329298,188,688
25025160400,1605,1028,3879,2716,1506,56.1284046692607,42.82032400589102,577,1163
25025160501,2098,1971,6105,5604,2005,6.443429731100964,8.940042826552462,127,501
25025160502,1929,1589,5604,4460,1846,21.397105097545627,25.650224215246638,340,1144
25025160601,1603,1570,4333,4063,1517,2.1019108280254777,6.645335958651242,33,270
25025160602,1941,1800,5492,4675,1832,7.833333333333334,17.475935828877006,141,817
25025170100,3130,3064,9038,7560,2983,2.154046997389034,19.55026455026455,66,1478
25025170200,1975,1814,5305,4564,1891,8.875413450937156,16.23575810692375,161,741
25025170300,4404,3816,11119,9040,4194,15.40880503144654,22.99778761061947,588,2079
25025170400,2189,2332,5760,5379,2105,-6.132075471698113,7.083100948131622,-143,381
25025170501,2678,1927,4857,3435,2206,38.972496107939804,41.39737991266376,751,1422
25025170502,1779,1548,3407,2818,1677,14.922480620155037,20.9013484740951,231,589
25025170601,2214,2007,6247,5105,2116,10.31390134529148,22.37022526934378,207,1142
25025170701,1204,1053,2700,2099,1146,14.339981006647673,28.63268222963316,151,601
25025170702,2663,2319,7996,6628,2546,14.833980163863734,20.63971031985516,344,1368
25025170800,2307,2217,5772,5118,2192,4.059539918809202,12.778429073856975,90,654
25025180101,2847,2502,5803,4766,2688,13.788968824940047,21.75828787242971,345,1037
25025180200,1850,1794,4326,4109,1763,3.121516164994426,5.281090289608177,56,217
25025180301,1281,1228,3169,3024,1202,4.315960912052117,4.794973544973545,53,145
25025180400,844,782,1928,1715,798,7.928388746803069,12.419825072886297,62,213
25025180500,2000,2014,4089,3883,1865,-0.6951340615690168,5.305176409992274,-14,206
25025980101,0,0,0,535,0,NA,-100,0,-535
25025980300,8,2,113,338,8,300,-66.5680473372781,6,-225
25025980700,2,5,7,6,2,-60,16.666666666666664,-3,1
25025981000,2,5,6,22,2,-60,-72.72727272727273,-3,-16
25025981100,121,136,379,418,110,-11.029411764705882,-9.330143540669857,-15,-39
25025981201,0,0,0,0,0,NA,NA,0,0
25025981202,1,0,6,207,1,Inf,-97.10144927536231,1,-201
25025981300,281,245,518,389,259,14.69387755102041,33.16195372750643,36,129
25025981501,1,0,13,12,1,Inf,8.333333333333332,1,1
25025981502,4,3,7,9,4,33.33333333333333,-22.22222222222222,1,-2
25025981600,1,0,2,0,1,Inf,Inf,1,2
25025981700,2,0,4,0,2,Inf,Inf,2,4
25025981800,10,49,23,82,4,-79.59183673469387,-71.95121951219512,-39,-59
25025990101,0,0,0,0,0,NA,NA,0,0
25027700100,2728,2599,6316,6081,2328,4.963447479799923,3.864495971057392,129,235
25027701100,3553,3446,8424,8340,3232,3.1050493325594895,1.0071942446043165,107,84
25027702200,1427,1327,3191,3218,1254,7.5357950263752835,-0.8390304536979489,100,-27
25027703100,2020,1988,4515,4323,1863,1.6096579476861168,4.441360166551006,32,192
25027703200,1593,1600,3640,3558,1479,-0.43750000000000006,2.304665542439573,-7,82
25027703300,1679,1643,3791,3703,1520,2.1911138161898966,2.3764515257899,36,88
25027704200,1367,1348,2919,2916,1153,1.4094955489614243,0.102880658436214,19,3
25027705100,3263,3139,8148,8013,3041,3.950302644154189,1.6847622613253461,124,135
25027706100,1765,1662,4327,4382,1684,6.197352587244284,-1.2551346417161113,103,-55
25027707100,1806,1737,4085,3909,1697,3.9723661485319512,4.50243028907649,69,176
25027707200,1108,970,2120,1839,1011,14.22680412371134,15.28004350190321,138,281
25027707300,2093,2235,4056,3931,1863,-6.353467561521253,3.1798524548460954,-142,125
25027707400,2107,2059,4903,4591,1979,2.331228751821272,6.7959050315835325,48,312
25027707500,2299,2125,6124,5958,2172,8.188235294117648,2.7861698556562606,174,166
25027708100,3302,2960,8213,7277,3079,11.554054054054054,12.8624433145527,342,936
25027709100,1713,1564,4356,4066,1636,9.526854219948849,7.132316773241515,149,290
25027709201,3139,2842,7812,6921,3041,10.450387051372273,12.873862158647595,297,891
25027709202,3355,3143,7483,6829,3236,6.745147947820554,9.576804803045833,212,654
25027709400,2195,2128,4940,4750,2025,3.148496240601504,4,67,190
25027709501,810,809,2134,2149,775,0.12360939431396785,-0.6979990693345742,1,-15
25027709502,2568,2488,6186,5670,2483,3.215434083601286,9.100529100529101,80,516
25027709600,1166,1153,2428,2423,1047,1.1274934952298352,0.20635575732562939,13,5
25027709701,2593,2557,5948,5609,2497,1.4078998826750098,6.043858085220182,36,339
25027709702,1192,1189,2497,2342,1131,0.2523128679562658,6.618274978650726,3,155
25027710100,1543,1507,3815,3435,1419,2.3888520238885205,11.06259097525473,36,380
25027710200,3005,2997,7039,6759,2885,0.26693360026693363,4.14262464861666,8,280
25027710300,1384,1287,3485,3224,1281,7.536907536907537,8.095533498759306,97,261
25027710400,931,919,2204,2149,888,1.3057671381936888,2.559329920893439,12,55
25027710500,1497,1501,3395,3246,1391,-0.2664890073284477,4.59026494146642,-4,149
25027710600,3072,2919,7299,6594,2811,5.241521068859199,10.691537761601456,153,705
25027710700,1051,1113,1800,1580,918,-5.570530098831986,13.924050632911392,-62,220
25027710800,1999,1940,4999,4539,1812,3.0412371134020617,10.134390834985679,59,460
25027711000,1285,1289,3073,3080,1128,-0.3103180760279286,-0.22727272727272727,-4,-7
25027711100,1684,1645,4838,5712,1609,2.370820668693009,-15.301120448179272,39,-874
25027712101,3154,2532,7385,5955,2990,24.56556082148499,24.01343408900084,622,1430
25027712102,1651,1601,4397,4131,1556,3.1230480949406623,6.439118857419511,50,266
25027713100,2789,2614,8440,8055,2621,6.694720734506504,4.779639975170701,175,385
25027715100,1983,1738,5665,4897,1912,14.096662830840046,15.683071268123342,245,768
25027716100,3686,3399,8508,7558,3506,8.44365989997058,12.569462820852076,287,950
25027716200,1352,1352,2953,2820,1268,0,4.716312056737588,0,133
25027716300,1912,1646,3967,3228,1810,16.160388821385176,22.893432465923173,266,739
25027717100,1318,1189,3158,2866,1260,10.849453322119427,10.188415910676902,129,292
25027718100,1961,1778,4849,4355,1876,10.29246344206974,11.343283582089553,183,494
25027719100,3118,2965,7984,7808,2995,5.160202360876897,2.2540983606557377,153,176
25027720100,1384,1339,3494,3413,1339,3.3607169529499625,2.3732786404922357,45,81
25027721101,737,711,1851,1902,713,3.6568213783403656,-2.6813880126182967,26,-51
25027721102,3377,2990,9049,7973,3234,12.94314381270903,13.495547472720432,387,1076
25027722100,2260,2176,5529,5398,2119,3.860294117647059,2.426824749907373,84,131
25027723100,1640,1608,3664,3989,1483,1.9900497512437811,-8.147405364753071,32,-325
25027724100,1700,1699,3835,3701,1529,0.05885815185403178,3.6206430694406917,1,134
25027725100,2122,2058,4734,4680,1966,3.1098153547133136,1.153846153846154,64,54
25027726100,2566,2497,6182,5988,2393,2.76331597917501,3.239812959251837,69,194
25027726200,2950,2798,5810,5700,2726,5.432451751250893,1.9298245614035088,152,110
25027727100,1689,1599,5002,4806,1625,5.628517823639775,4.078235538909696,90,196
25027728100,2046,1561,5387,4126,1971,31.069827033952595,30.56228793019874,485,1261
25027728200,1547,1455,4046,3713,1524,6.323024054982818,8.96848909237813,92,333
25027728300,1835,1758,4917,4544,1783,4.379977246871445,8.20862676056338,77,373
25027728400,2012,1872,5555,4963,1974,7.478632478632479,11.928269192020956,140,592
25027729100,1830,1597,5008,4997,1771,14.58985597996243,0.22013207924754855,233,11
25027729200,1222,1149,2869,2672,1170,6.353350739773717,7.3727544910179645,73,197
25027730100,2783,2459,6502,5923,2689,13.176087840585604,9.775451629241939,324,579
25027730200,2723,2477,6176,5583,2582,9.931368591037545,10.621529643560809,246,593
25027730300,2402,2123,5224,4559,2269,13.141780499293453,14.586532134239965,279,665
25027730401,2622,2453,5992,5444,2569,6.88952303302079,10.066127847171199,169,548
25027730402,828,676,2066,1660,780,22.485207100591715,24.457831325301203,152,406
25027730500,1802,1692,4165,3535,1689,6.501182033096926,17.82178217821782,110,630
25027730600,3145,3007,9298,8799,2988,4.589291652810109,5.671098988521424,138,499
25027730700,2990,2804,7367,6803,2882,6.6333808844507844,8.290460091136262,186,564
25027730801,1621,1557,3823,3665,1560,4.110468850353243,4.311050477489768,64,158
25027730802,958,855,2222,2046,885,12.046783625730995,8.60215053763441,103,176
25027730901,1601,1503,3728,3404,1516,6.520292747837658,9.518213866039952,98,324
25027730902,1240,1158,4416,3716,1184,7.081174438687392,18.83745963401507,82,700
25027731001,896,823,2468,2229,876,8.869987849331713,10.722296994167788,73,239
25027731002,2897,2619,7081,6402,2773,10.614738449789996,10.606060606060606,278,679
25027731101,1863,1625,4526,3949,1768,14.646153846153846,14.61129399848063,238,577
25027731102,1197,1063,2857,2511,1126,12.605832549388523,13.77937076861808,134,346
25027731202,12,1,1375,1111,11,1100,23.762376237623762,11,264
25027731203,2630,2276,6090,5198,2446,15.553602811950789,17.160446325509813,354,892
25027731204,994,868,2531,2498,899,14.516129032258066,1.3210568454763811,126,33
25027731300,1746,1504,4423,3841,1610,16.090425531914892,15.15230408747722,242,582
25027731400,2036,1775,5197,4673,1878,14.704225352112676,11.213353306227262,261,524
25027731500,2387,2136,5443,5174,2239,11.750936329588015,5.199072284499421,251,269
25027731600,3134,2656,8079,7357,2801,17.996987951807228,9.813782791898872,478,722
25027731700,2407,1511,4059,2761,2149,59.29847782925215,47.01195219123506,896,1298
25027731800,3270,2957,6942,6172,3051,10.585052417991207,12.475696694750486,313,770
25027731900,2664,2255,6351,5227,2439,18.137472283813747,21.503730629424144,409,1124
25027732001,1181,1170,3408,3327,1153,0.9401709401709402,2.4346257889990985,11,81
25027732002,1739,1673,4348,4036,1609,3.945008965929468,7.730426164519326,66,312
25027732201,1709,1510,3264,2820,1630,13.17880794701987,15.74468085106383,199,444
25027732202,1582,1372,3683,3240,1483,15.306122448979592,13.67283950617284,210,443
25027732203,1413,1262,3212,2853,1313,11.96513470681458,12.583245706274099,151,359
25027732301,2078,1827,4835,4155,2002,13.738368910782702,16.365824308062578,251,680
25027732302,2028,1716,4716,3902,1901,18.181818181818183,20.861096873398257,312,814
25027732400,2785,2458,8017,6459,2580,13.303498779495527,24.12138101873355,327,1558
25027732500,1121,821,2491,1776,971,36.54080389768575,40.25900900900901,300,715
25027732600,2200,1897,5448,4253,2057,15.972588297311544,28.097813308253,303,1195
25027732700,2133,1849,4699,3938,1995,15.359653866955112,19.324530218384968,284,761
25027732801,2511,2369,5375,4829,2430,5.99409033347404,11.306688755435907,142,546
25027732802,1826,1698,4619,4122,1755,7.538280329799764,12.05725376031053,128,497
25027732901,3328,2965,7325,6592,3081,12.24283305227656,11.119538834951456,363,733
25027732902,75,25,3416,2459,70,200,38.91825945506303,50,957
25027733000,1663,1396,4273,3762,1525,19.126074498567334,13.583200425305689,267,511
25027733101,969,860,2268,2058,933,12.674418604651164,10.204081632653061,109,210
25027733102,1094,944,2708,2224,1012,15.889830508474576,21.762589928057555,150,484
25027735100,2609,2589,6645,6713,2498,0.772499034376207,-1.0129599284969462,20,-68
25027735200,1762,1681,4442,4257,1679,4.818560380725759,4.345783415550857,81,185
25027736100,1046,1008,2688,2600,1018,3.7698412698412698,3.3846153846153846,38,88
25027736200,1567,1535,3986,3722,1513,2.0846905537459284,7.092960773777539,32,264
25027736300,1013,1008,2489,2426,964,0.496031746031746,2.5968672712283594,5,63
25027736400,1301,1283,3113,3071,1273,1.4029618082618862,1.3676326929338978,18,42
25027736500,2070,2006,4614,4369,1980,3.1904287138584246,5.6076905470359355,64,245
25027737100,2344,2185,5379,5116,2242,7.276887871853546,5.140734949179046,159,263
25027737200,937,931,1760,1747,884,0.644468313641246,0.7441327990841442,6,13
25027737300,2705,2511,6689,6398,2601,7.726005575467941,4.548296342607064,194,291
25027738100,2019,1878,5014,4636,1947,7.507987220447284,8.153580672993959,141,378
25027738201,1695,1592,4446,4075,1652,6.469849246231156,9.104294478527606,103,371
25027738202,2640,2394,6773,5995,2550,10.275689223057643,12.977481234361967,246,778
25027739100,3992,3611,10494,9557,3806,10.551093879811686,9.80433190331694,381,937
25027739200,3046,2695,6780,5958,2878,13.024118738404452,13.79657603222558,351,822
25027739300,1695,1619,4003,3688,1636,4.694255713403336,8.541214750542299,76,315
25027739400,3462,3363,9148,8851,3280,2.943800178412132,3.3555530448536888,99,297
25027739500,2771,2699,7898,7554,2702,2.667654686921082,4.553878739740535,72,344
25027740101,2231,1813,6227,5191,2154,23.055708769994485,19.957618955885188,418,1036
25027740102,2310,2242,6265,6053,2233,3.033006244424621,3.5023955063604824,68,212
25027740200,1357,1259,3247,2911,1301,7.783955520254169,11.542425283407763,98,336
25027741101,1774,1711,4646,4478,1697,3.6820572764465225,3.7516748548459136,63,168
25027741102,1990,1749,5804,5289,1921,13.77930245854774,9.737190395159766,241,515
25027742300,1883,1842,4255,4045,1805,2.225841476655809,5.19159456118665,41,210
25027742401,1864,1789,5672,5421,1817,4.192286193404136,4.630142040213983,75,251
25027742402,1838,1233,5046,3026,1775,49.06731549067315,66.75479180436218,605,2020
25027743100,2995,2832,8000,7542,2909,5.755649717514124,6.072659771943782,163,458
25027744101,3119,2933,7947,7445,3036,6.34162973065121,6.74278038952317,186,502
25027744102,2124,2024,5553,5258,2069,4.940711462450593,5.610498288322556,100,295
25027744200,3301,3112,8113,7484,3166,6.073264781491003,8.404596472474612,189,629
25027744300,1754,1698,4500,3838,1683,3.297997644287397,17.248566961959355,56,662
25027744400,1657,1645,4267,3974,1587,0.729483282674772,7.372924006039256,12,293
25027745100,2393,2285,6018,5911,2300,4.7264770240700225,1.810184401962443,108,107
25027746100,2234,2091,6229,5839,2138,6.838833094213295,6.679225894845008,143,390
25027747101,2200,2067,5307,5110,2094,6.434446057087566,3.8551859099804306,133,197
25027747102,1667,1561,3900,3916,1570,6.790518898142217,-0.40858018386108275,106,-16
25027748100,1190,1162,3174,3190,1147,2.4096385542168677,-0.5015673981191223,28,-16
25027749100,3154,2888,8370,7988,3061,9.210526315789473,4.782173259889834,266,382
25027749200,2577,2414,5791,5469,2459,6.752278376139189,5.887730846589871,163,322
25027750100,2491,2382,6151,6048,2388,4.575986565910999,1.7030423280423281,109,103
25027750200,2854,2594,7161,6749,2755,10.023130300693909,6.10460809008742,260,412
25027750300,1345,1196,3023,2910,1238,12.45819397993311,3.8831615120274914,149,113
25027751101,2401,2288,6389,6219,2315,4.938811188811189,2.7335584499115613,113,170
25027751102,1209,1106,2966,2744,1135,9.312839059674504,8.090379008746355,103,222
25027752100,3509,3293,8983,8471,3314,6.5593683571211665,6.044150631566521,216,512
25027753100,3117,3037,7255,7458,2962,2.634178465591044,-2.7219093590775003,80,-203
25027753200,2560,2504,6092,6251,2448,2.2364217252396164,-2.5435930251159813,56,-159
25027754100,3218,3016,6781,6502,2929,6.697612732095491,4.290987388495847,202,279
25027754200,1833,1683,3769,3462,1709,8.9126559714795,8.867706528018486,150,307
25027754300,1632,1585,3099,2960,1425,2.965299684542587,4.695945945945946,47,139
25027754400,1772,1727,4131,3843,1645,2.605674580196873,7.494145199063232,45,288
25027755100,1616,1556,3450,3300,1487,3.8560411311053984,4.545454545454546,60,150
25027755200,3040,2847,8470,8090,2865,6.779065683175273,4.697156983930779,193,380
25027756101,1950,1892,4539,4512,1817,3.06553911205074,0.598404255319149,58,27
25027756102,3288,2993,8776,8469,3151,9.856331440026729,3.6249852402881095,295,307
25027757100,2112,2015,4631,4514,1957,4.813895781637717,2.591936198493576,97,117
25027757200,1120,1087,2554,2293,1012,3.035878564857406,11.382468382032272,33,261
25027757300,1484,1346,3205,2871,1324,10.25260029717682,11.63357715081853,138,334
25027757400,1204,1180,2813,2707,1128,2.0338983050847457,3.9157739194680454,24,106
25027757500,1980,1899,4538,4334,1903,4.265402843601896,4.706968158744808,81,204
25027758101,834,793,1684,1650,761,5.170239596469105,2.0606060606060606,41,34
25027758102,3390,3196,8184,7618,3120,6.07008760951189,7.429771593594118,194,566
25027759100,977,931,2224,2183,878,4.9409237379162185,1.8781493357764543,46,41
25027760100,1523,1493,3438,3390,1431,2.0093770931011385,1.415929203539823,30,48
25027761100,2197,2211,4975,5135,2042,-0.6331976481230213,-3.11587147030185,-14,-160
25027761200,2746,2486,6590,5780,2529,10.458567980691875,14.013840830449828,260,810
25027761300,1403,1313,3436,3059,1345,6.854531607006854,12.324288983327884,90,377
25027761400,2252,2047,6851,6520,2106,10.014655593551538,5.076687116564417,205,331
