ct20_id,hu_2010,hu_2020,pop_2010,pop_2020,hu_chng_p,pop_chng_p,hu_chng,pop_chng
25001010100,4494,4983,2942,3664,10.881174899866489,24.541128484024473,489,722
25001010206,4306,4263,2750,3566,-0.9986065954482117,29.672727272727272,-43,816
25001010208,3076,3001,2003,2454,-2.438231469440832,22.51622566150774,-75,451
25001010304,2705,2749,2421,2672,1.6266173752310535,10.36761668731929,44,251
25001010306,3254,3356,2535,3080,3.1346035648432697,21.499013806706113,102,545
25001010400,2359,2459,3000,3345,4.23908435777872,11.5,100,345
25001010500,2985,3081,2891,2962,3.2160804020100504,2.455897613282601,96,71
25001010600,2997,2959,2974,3134,-1.2679346012679347,5.379959650302623,-38,160
25001010700,4345,4353,3152,3460,0.18411967779056385,9.771573604060913,8,308
25001010800,3788,4078,4877,4919,7.655755015839494,0.8611851548082838,290,42
25001010900,4162,4165,4944,5399,0.07208073041806823,9.203074433656958,3,455
25001011002,3512,3579,4157,4604,1.9077448747152619,10.752946836661053,67,447
25001011100,3083,3164,4692,5075,2.627311060655206,8.162830349531117,81,383
25001011200,3688,3742,3392,3761,1.4642082429501084,10.878537735849056,54,369
25001011300,2689,2712,2602,2569,0.8553365563406471,-1.2682551883166795,23,-33
25001011400,2661,2728,2991,3052,2.5178504321683577,2.039451688398529,67,61
25001011500,2715,2811,4029,4132,3.535911602209945,2.5564656242243733,96,103
25001011600,4812,4879,2710,3003,1.3923524522028263,10.811808118081181,67,293
25001011700,2709,2669,1877,1918,-1.4765596160944998,2.1843367075119873,-40,41
25001011801,1713,1676,2403,2443,-2.1599532983070637,1.6645859342488558,-37,40
25001011802,2361,2431,4255,4460,2.964845404489623,4.81786133960047,70,205
25001012001,3553,3555,5732,5978,0.056290458767238954,4.291695743196092,2,246
25001012002,3171,3254,3007,3265,2.617470829391359,8.579980046558031,83,258
25001012101,3164,3172,5338,5608,0.2528445006321113,5.058074185088048,8,270
25001012102,3503,3211,3058,3269,-8.335712246645732,6.8999345977763245,-292,211
25001012200,2725,2785,5046,5055,2.2018348623853212,0.178359096313912,60,9
25001012502,2692,2728,3079,3709,1.337295690936107,20.4611886976291,36,630
25001012601,1305,1400,2877,3298,7.2796934865900385,14.633298574904414,95,421
25001012602,2276,2334,4915,5668,2.5483304042179262,15.320447609359105,58,753
25001012700,3234,3220,4563,4642,-0.4329004329004329,1.7313171159325007,-14,79
25001012800,2171,2161,3923,4120,-0.4606172270842929,5.021667091511598,-10,197
25001012900,1928,1964,4135,4373,1.8672199170124482,5.755743651753326,36,238
25001013002,2738,2908,2899,2988,6.20891161431702,3.0700241462573303,170,89
25001013100,2594,2676,5935,5969,3.1611410948342327,0.5728727885425442,82,34
25001013200,2848,3001,4782,5137,5.372191011235955,7.423672103722293,153,355
25001013300,2039,2091,3218,3275,2.550269740068661,1.7712865133623368,52,57
25001013400,2302,2355,4163,3893,2.3023457862728063,-6.485707422531828,53,-270
25001013500,2790,2815,6940,6884,0.8960573476702508,-0.8069164265129682,25,-56
25001013600,2345,2424,6334,6203,3.3688699360341148,-2.0682033470161034,79,-131
25001013700,2126,2267,4911,5435,6.632173095014111,10.669924658928934,141,524
25001013800,2270,2338,4840,5054,2.9955947136563874,4.421487603305785,68,214
25001013900,2887,2993,4831,4890,3.6716314513335644,1.2212792382529498,106,59
25001014002,3074,3203,4053,4284,4.196486662329213,5.699481865284974,129,231
25001014100,450,344,1141,797,-23.555555555555554,-30.14899211218229,-106,-344
25001014300,3676,3763,4385,4593,2.366702937976061,4.743443557582668,87,208
25001014402,3484,3610,6948,7201,3.6165327210103326,3.6413356361542886,126,253
25001014500,3081,3215,5394,5481,4.349237260629666,1.6129032258064515,134,87
25001014600,2604,2738,4130,4378,5.145929339477727,6.004842615012106,134,248
25001014700,3225,3231,3690,3646,0.18604651162790697,-1.1924119241192412,6,-44
25001014800,2740,3027,3387,3591,10.474452554744525,6.023029229406554,287,204
25001014900,3161,3233,3597,3627,2.2777602024675736,0.8340283569641368,72,30
25001015001,2030,2035,4418,4449,0.24630541871921183,0.7016749660479855,5,31
25001015002,2166,2547,3712,4147,17.590027700831026,11.71875,381,435
25001015100,2389,2697,3809,4193,12.89242360820427,10.081386190601208,308,384
25001015200,3295,3477,2065,2267,5.523520485584219,9.782082324455207,182,202
25001015300,1831,2275,3037,3957,24.249044238121247,30.293052354297,444,920
25001990000,0,0,0,0,NA,NA,0,0
25003900100,2185,2245,3389,3406,2.745995423340961,0.5016228976099144,60,17
25003900200,2212,2202,4449,4260,-0.45207956600361665,-4.2481456507080235,-10,-189
25003900300,1295,1284,2903,2848,-0.8494208494208495,-1.8945918015845677,-11,-55
25003900400,2351,2377,4862,4742,1.105912377711612,-2.4681201151789387,26,-120
25003900500,1470,1494,3288,3266,1.6326530612244898,-0.6690997566909975,24,-22
25003900600,1929,1957,4118,4190,1.4515292897874545,1.7484215638659544,28,72
25003900700,1294,1343,2910,2820,3.786707882534776,-3.0927835051546393,49,-90
25003900800,2215,2243,4835,4781,1.2641083521444696,-1.1168562564632885,28,-54
25003900900,2521,2511,5134,5131,-0.39666798889329624,-0.05843396961433581,-10,-3
25003901100,1697,1751,3729,3533,3.182086034177961,-5.256100831322071,54,-196
25003911100,1478,1489,3091,3038,0.7442489851150204,-1.7146554513102554,11,-53
25003912100,2920,2928,6756,6330,0.273972602739726,-6.30550621669627,8,-426
25003913100,3044,3184,5025,5095,4.599211563731932,1.3930348258706469,140,70
25003914100,3056,3398,5943,5788,11.19109947643979,-2.608110381961972,342,-155
25003920101,1880,1742,4638,4501,-7.340425531914893,-2.9538594221647263,-138,-137
25003920102,1196,1267,3115,3012,5.936454849498328,-3.306581059390048,71,-103
25003921300,2338,2467,5118,4836,5.5175363558597095,-5.509964830011723,129,-282
25003921400,887,863,1699,1462,-2.705749718151071,-13.949381989405532,-24,-237
25003921500,1476,1442,3101,2935,-2.303523035230352,-5.353111899387295,-34,-166
25003922100,1522,1535,2680,2629,0.8541392904073587,-1.9029850746268655,13,-51
25003922200,1864,1827,3689,3515,-1.984978540772532,-4.716725399837355,-37,-174
25003922300,985,974,2116,2022,-1.116751269035533,-4.44234404536862,-11,-94
25003923100,1529,1539,3235,3258,0.6540222367560496,0.7109737248840804,10,23
25003924100,1692,1633,1947,2018,-3.486997635933806,3.6466358500256804,-59,71
25003925101,815,851,1685,1674,4.41717791411043,-0.6528189910979229,36,-11
25003925102,2652,2835,5420,5498,6.900452488687783,1.4391143911439115,183,78
25003926100,1751,1766,3257,3327,0.8566533409480296,2.149217070924163,15,70
25003931100,715,749,1702,1657,4.755244755244755,-2.6439482961222094,34,-45
25003931300,713,712,1444,1339,-0.1402524544179523,-7.271468144044321,-1,-105
25003931400,904,889,1745,1645,-1.6592920353982303,-5.730659025787966,-15,-100
25003932200,1988,1957,2317,2425,-1.5593561368209254,4.66119982736297,-31,108
25003932300,1133,1126,2032,1919,-0.617828773168579,-5.5610236220472435,-7,-113
25003933200,1207,1172,1287,1522,-2.899751449875725,18.25951825951826,-35,235
25003933300,1039,997,1509,1528,-4.042348411934552,1.2591119946984757,-42,19
25003933400,2371,2268,2525,2623,-4.344158582876424,3.881188118811881,-103,98
25003934200,856,852,1306,1343,-0.46728971962616817,2.833078101071975,-4,37
25003934300,1411,1451,1886,2018,2.8348688873139616,6.998939554612937,40,132
25003935100,1548,2009,2420,2414,29.780361757105943,-0.24793388429752067,461,-6
25003935200,2320,2331,5121,4950,0.47413793103448276,-3.3391915641476277,11,-171
25003935300,2052,2099,3791,3728,2.290448343079922,-1.6618306515431285,47,-63
25005600100,1651,1761,3920,4030,6.662628709872805,2.806122448979592,110,110
25005600202,2008,2136,4481,4814,6.374501992031872,7.431376924793573,128,333
25005600203,1973,2340,5610,6386,18.601115053218447,13.832442067736187,367,776
25005600204,1360,1497,3895,4095,10.073529411764707,5.134788189987163,137,200
25005610100,2344,2489,5103,5359,6.186006825938566,5.01665686850872,145,256
25005610202,1908,1964,5586,5660,2.9350104821802936,1.3247404224847834,56,74
25005610203,2409,2471,6883,6818,2.5736820257368205,-0.944355658869679,62,-65
25005610204,2084,2358,5612,6023,13.147792706333975,7.323592302209551,274,411
25005611101,1815,2005,4585,5112,10.46831955922865,11.494002181025081,190,527
25005611102,1363,1345,5047,4977,-1.3206162876008805,-1.3869625520110958,-18,-70
25005611201,1072,1083,3003,2989,1.0261194029850746,-0.4662004662004662,11,-14
25005611202,2490,2538,6396,6124,1.9277108433734942,-4.252657911194497,48,-272
25005612100,1694,1829,4538,4716,7.969303423848878,3.922432789775231,135,178
25005612201,1400,1433,3669,3886,2.357142857142857,5.914418097574271,33,217
25005612202,1970,2487,5174,6540,26.243654822335028,26.401236954000773,517,1366
25005613100,2767,2958,6315,6712,6.902782797253343,6.286619160728424,191,397
25005613300,2736,2936,7201,7555,7.309941520467836,4.915983891126233,200,354
25005613400,1436,1512,3813,3873,5.2924791086350975,1.5735641227380015,76,60
25005613600,1738,1780,3783,4178,2.4165707710011506,10.441448585778483,42,395
25005613700,1997,2050,4346,4566,2.6539809714571856,5.062126092959042,53,220
25005613800,2464,2403,4519,4893,-2.4756493506493507,8.276167293649038,-61,374
25005613901,1363,1382,2801,2925,1.3939838591342628,4.426990360585505,19,124
25005613902,1993,2338,4751,5763,17.31058705469142,21.300778783414017,345,1012
25005614000,1956,2003,4472,4612,2.4028629856850716,3.1305903398926653,47,140
25005614101,2868,2879,6855,7093,0.38354253835425384,3.4719183078045224,11,238
25005614102,2575,2724,7018,7238,5.786407766990291,3.1347962382445136,149,220
25005615100,2594,2978,7084,8101,14.803392444101773,14.356295878035008,384,1017
25005616100,2189,2360,6413,6764,7.811786203746003,5.473257445813192,171,351
25005617101,1737,1807,4681,4910,4.029936672423719,4.892117069002349,70,229
25005617102,1582,1678,4189,4296,6.06826801517067,2.554308904273096,96,107
25005630101,1370,1529,2855,3256,11.605839416058394,14.045534150612959,159,401
25005630102,2080,2270,4201,4666,9.134615384615383,11.068793144489407,190,465
25005630201,1083,1115,3064,3048,2.954755309325946,-0.5221932114882507,32,-16
25005630202,1749,1835,5140,5336,4.9170954831332185,3.813229571984436,86,196
25005630301,2062,2240,6008,6292,8.63239573229874,4.7270306258322234,178,284
25005630302,1109,1216,2592,2866,9.648331830477908,10.570987654320987,107,274
25005630400,2142,2346,4852,5370,9.523809523809524,10.6760098928277,204,518
25005631101,1408,1439,3020,3146,2.2017045454545454,4.172185430463577,31,126
25005631102,2020,2110,5073,5399,4.455445544554455,6.426177804060713,90,326
25005631200,2751,2993,6842,7552,8.796801163213377,10.377082724349606,242,710
25005631300,2148,2289,5183,5557,6.564245810055866,7.21589812849701,141,374
25005631400,1372,1423,2674,2889,3.717201166180758,8.040388930441287,51,215
25005631500,1229,1274,2797,2888,3.6615134255492268,3.2534858777261353,45,91
25005631600,1608,1666,3955,4044,3.6069651741293534,2.2503160556257904,58,89
25005631700,2457,2627,6472,6972,6.919006919006919,7.725587144622992,170,500
25005631800,3029,3276,7579,8014,8.15450643776824,5.739543475392532,247,435
25005632100,2499,2630,6540,6854,5.2420968387354945,4.801223241590214,131,314
25005632200,2799,3427,7182,8677,22.43658449446231,20.815928710665553,628,1495
25005633100,2006,2143,5490,5880,6.82951146560319,7.103825136612022,137,390
25005633200,2275,2468,6118,6622,8.483516483516484,8.237986270022883,193,504
25005640100,2156,2392,5365,5888,10.946196660482375,9.748369058713886,236,523
25005640201,1200,1224,2501,2631,2,5.197920831667333,24,130
25005640202,1863,1913,3446,3844,2.6838432635534084,11.54962275101567,50,398
25005640300,1669,1816,3693,4050,8.807669263031755,9.66693744922827,147,357
25005640400,1326,1393,2682,2889,5.052790346907994,7.718120805369128,67,207
25005640500,2710,2778,5165,5454,2.5092250922509227,5.595353339787028,68,289
25005640600,2133,2222,4450,4891,4.172526957337084,9.910112359550562,89,441
25005640700,1292,1328,2900,2914,2.786377708978328,0.4827586206896552,36,14
25005640800,1573,1556,3814,3840,-1.080737444373808,0.6816990036706869,-17,26
25005640901,2520,2577,5071,5472,2.261904761904762,7.907710510747387,57,401
25005641000,1350,1343,2419,2407,-0.5185185185185185,-0.49607275733774286,-7,-12
25005641101,1193,1193,1712,1903,0,11.156542056074766,0,191
25005641200,1480,1526,2803,2978,3.1081081081081083,6.24331073849447,46,175
25005641300,2513,2589,5326,5544,3.0242737763629126,4.093128051070222,76,218
25005641400,1330,1625,2586,3331,22.18045112781955,28.80897138437742,295,745
25005641500,1266,1290,2401,2463,1.8957345971563981,2.5822573927530197,24,62
25005641600,1080,1080,2323,2336,0,0.5596211795092553,0,13
25005641700,2190,2256,5096,5230,3.0136986301369864,2.629513343799058,66,134
25005641800,1040,1042,2059,2072,0.19230769230769232,0.6313744536182613,2,13
25005641900,1302,1337,2275,2431,2.6881720430107525,6.857142857142858,35,156
25005642000,1631,1722,3274,3484,5.579399141630901,6.414172266340867,91,210
25005642100,2236,2288,4144,4351,2.3255813953488373,4.995173745173745,52,207
25005642200,1561,1571,3881,3858,0.6406149903907752,-0.5926307652666839,10,-23
25005642300,891,899,2195,2117,0.8978675645342313,-3.5535307517084282,8,-78
25005642400,1369,1390,2760,2878,1.5339663988312637,4.275362318840579,21,118
25005642500,1876,1996,4517,4744,6.396588486140725,5.02545937569183,120,227
25005644101,2480,2511,5828,5999,1.25,2.934111187371311,31,171
25005644102,1924,1955,5057,5032,1.6112266112266114,-0.49436424757761516,31,-25
25005644200,2989,2982,7280,7272,-0.234192037470726,-0.10989010989010989,-7,-8
25005645101,2184,2300,4863,5124,5.311355311355311,5.367057371992598,116,261
25005645102,2029,2251,5384,6057,10.941350418925579,12.5,222,673
25005645103,2128,2353,5617,5963,10.57330827067669,6.159871817696279,225,346
25005646101,3060,3313,7357,7837,8.26797385620915,6.524398532010331,253,480
25005646103,2206,2431,5606,5829,10.199456029011786,3.977880841955048,225,223
25005646104,1929,2047,2571,2673,6.1171591498185585,3.9673278879813303,118,102
25005650101,2191,2272,5753,5539,3.6969420356001828,-3.7197983660698766,81,-214
25005650102,2121,2170,4879,5120,2.31023102310231,4.939536790325887,49,241
25005650201,1321,1364,2916,3169,3.2551097653292964,8.676268861454046,43,253
25005650202,964,974,2142,2187,1.0373443983402488,2.100840336134454,10,45
25005650300,1571,1667,3304,3461,6.110757479312539,4.75181598062954,96,157
25005650400,1721,1996,3773,4281,15.979081929110983,13.46408693347469,275,508
25005650500,1475,1563,3141,3405,5.966101694915254,8.404966571155683,88,264
25005650600,1360,1514,2759,3173,11.323529411764707,15.005436752446538,154,414
25005650700,1052,1145,2583,3034,8.840304182509506,17.46031746031746,93,451
25005650800,1713,1727,3651,3811,0.8172796263864566,4.382360996987127,14,160
25005650900,1157,1221,2867,3140,5.531547104580812,9.522148587373561,64,273
25005651001,1245,1305,2865,3024,4.819277108433735,5.549738219895288,60,159
25005651002,1583,1613,3833,3866,1.8951358180669615,0.8609444299504304,30,33
25005651100,1883,1930,4117,4522,2.496016994158258,9.83726014087928,47,405
25005651200,957,1078,2068,2459,12.643678160919542,18.90715667311412,121,391
25005651300,1086,1140,2227,2186,4.972375690607735,-1.8410417602155364,54,-41
25005651400,1400,1476,3215,3367,5.428571428571429,4.727838258164852,76,152
25005651500,1330,1330,3115,3280,0,5.296950240770466,0,165
25005651600,1694,1729,3862,3936,2.066115702479339,1.9161056447436562,35,74
25005651700,1006,1070,1983,2201,6.36182902584493,10.993444276348967,64,218
25005651800,1382,1413,1745,2065,2.2431259044862517,18.33810888252149,31,320
25005651900,932,907,1942,2167,-2.682403433476395,11.585993820803296,-25,225
25005652000,1224,1278,2676,2868,4.411764705882353,7.174887892376682,54,192
25005652100,1238,1244,2815,2764,0.48465266558966075,-1.8117229129662522,6,-51
25005652200,1238,1255,2836,2917,1.3731825525040386,2.8561354019746124,17,81
25005652300,1278,1294,2870,2930,1.2519561815336464,2.0905923344947737,16,60
25005652400,1232,1271,2664,2745,3.1655844155844153,3.040540540540541,39,81
25005652500,1163,1228,2589,3011,5.588993981083405,16.29972962533797,65,422
25005652600,1164,1202,2843,3209,3.264604810996564,12.873724938445305,38,366
25005652700,1808,1733,3762,3927,-4.148230088495575,4.385964912280701,-75,165
25005652800,1445,1479,3277,3315,2.3529411764705883,1.1595971925541653,34,38
25005653101,2899,3170,6664,7131,9.348051052086927,7.0078031212485,271,467
25005653102,1467,1639,5381,5250,11.724608043626448,-2.43449173016168,172,-131
25005653203,2082,2174,5005,5096,4.418828049951969,1.8181818181818181,92,91
25005653204,1229,1316,3214,3373,7.078925956061839,4.947106409458619,87,159
25005653301,2525,2564,5057,5177,1.5445544554455446,2.372948388372553,39,120
25005653304,1734,1787,3204,3281,3.0565167243367934,2.403245942571785,53,77
25005654100,2661,2793,6934,7207,4.96054114994363,3.93712143063167,132,273
25005654200,1457,1498,3372,3352,2.8140013726835966,-0.5931198102016607,41,-20
25005655100,1666,1731,4224,4267,3.9015606242496994,1.0179924242424243,65,43
25005655200,2122,2153,4415,4488,1.4608859566446748,1.6534541336353341,31,73
25005655300,1477,1558,3317,3341,5.484089370345294,0.7235453723243894,81,24
25005655400,2211,2228,3917,3828,0.7688828584350972,-2.2721470513147817,17,-89
25005985500,499,538,5507,4475,7.8156312625250495,-18.73978572725622,39,-1032
25005985600,1162,1398,5205,5733,20.309810671256454,10.144092219020173,236,528
25005990000,0,0,0,0,NA,NA,0,0
25007200100,3094,3226,3949,4815,4.266321913380737,21.92960243099519,132,866
25007200200,4346,4429,4525,5341,1.9098021168890935,18.03314917127072,83,816
25007200300,5219,5234,4068,5168,0.28741138149070705,27.04031465093412,15,1100
25007200400,4523,4641,3992,5276,2.6088879062569093,32.16432865731463,118,1284
25007990000,0,0,0,0,NA,NA,0,0
25009201100,1677,1680,3410,3334,0.17889087656529518,-2.2287390029325516,3,-76
25009202101,854,947,2077,2255,10.889929742388759,8.570052961001444,93,178
25009202103,607,644,1585,1735,6.095551894563426,9.46372239747634,37,150
25009202104,2023,2301,4251,4941,13.741967375185368,16.231474947071277,278,690
25009202200,2413,2473,5888,6188,2.4865312888520514,5.095108695652174,60,300
25009203100,2583,2610,7071,7232,1.0452961672473868,2.2769056710507707,27,161
25009203200,1987,1996,4557,4668,0.45294413688978363,2.4358130348913756,9,111
25009203301,2034,2021,4010,4098,-0.63913470993117,2.1945137157107233,-13,88
25009203302,2234,2338,4170,4443,4.6553267681289165,6.546762589928059,104,273
25009204101,1902,1987,4669,4664,4.468980021030494,-0.10708931248661384,85,-5
25009204102,1974,2005,4922,5708,1.5704154002026343,15.96911824461601,31,786
25009204200,2492,2692,4797,5236,8.025682182985554,9.151553053992078,200,439
25009204300,1796,1968,3903,4076,9.57683741648107,4.4324878298744554,172,173
25009204400,1815,1975,3301,3489,8.81542699724518,5.695243865495304,160,188
25009204500,1791,1935,3133,3537,8.040201005025125,12.89498882859879,144,404
25009204600,2331,2453,5154,5369,5.233805233805234,4.171517268141249,122,215
25009204701,2662,2758,5782,6185,3.606311044327573,6.969906606710481,96,403
25009204702,2352,2573,5667,6208,9.39625850340136,9.546497264866773,221,541
25009205100,2127,2163,5352,6128,1.692524682651622,14.499252615844544,36,776
25009205200,2130,2172,5277,5925,1.971830985915493,12.279704377487208,42,648
25009205300,1724,1746,4490,4807,1.2761020881670533,7.060133630289532,22,317
25009205400,1958,1774,5048,4874,-9.3973442288049025,-3.4469096671949284,-184,-174
25009205500,1713,1796,4648,5500,4.845300642148278,18.330464716006883,83,852
25009205600,1582,1755,3881,4422,10.935524652338811,13.93970626127287,173,541
25009205700,1760,1788,4650,5072,1.5909090909090908,9.075268817204302,28,422
25009205800,1139,1214,3312,3725,6.584723441615452,12.469806763285025,75,413
25009205900,1543,1535,4350,4798,-0.5184705119896306,10.298850574712644,-8,448
25009206000,1134,1163,3395,3704,2.5573192239858904,9.10162002945508,29,309
25009206100,1462,1479,3844,4199,1.1627906976744187,9.235171696149843,17,355
25009206200,1689,1750,5264,5879,3.6116044997039665,11.683130699088146,61,615
25009206300,1312,1347,3773,4214,2.667682926829268,11.688311688311687,35,441
25009206400,1966,1987,5249,6060,1.0681586978636826,15.450562011811774,21,811
25009206500,1160,1161,3358,3747,0.08620689655172414,11.584276354973198,1,389
25009206600,2028,2131,4243,5116,5.0788954635108485,20.575064812632572,103,873
25009206700,2056,2084,4080,4564,1.3618677042801557,11.862745098039214,28,484
25009206800,1599,1781,3536,4425,11.38211382113821,25.141402714932127,182,889
25009206900,2392,2661,3965,4995,11.24581939799331,25.97730138713745,269,1030
25009207000,1027,1054,2162,2289,2.6290165530671863,5.874190564292322,27,127
25009207100,1093,1119,3513,3807,2.3787740164684354,8.368915456874467,26,294
25009207200,1180,1122,2939,3003,-4.915254237288136,2.1776114324600204,-58,64
25009208101,2021,2025,5147,5402,0.1979218208807521,4.954342335340976,4,255
25009208102,1256,1307,3250,3542,4.060509554140127,8.984615384615385,51,292
25009208200,2295,2345,5277,5530,2.178649237472767,4.7943907523213944,50,253
25009208301,1096,1120,2577,2678,2.18978102189781,3.919285991462942,24,101
25009208302,1796,1810,4677,4985,0.779510022271715,6.585418002993372,14,308
25009208401,1009,1297,2554,2968,28.543111992071356,16.20986687548943,288,414
25009208402,1320,1399,3173,3514,5.984848484848484,10.746927198235108,79,341
25009209100,2401,2763,6083,7176,15.077051228654728,17.968107841525562,362,1093
25009209200,1953,2010,5507,5824,2.9185867895545314,5.756310150717269,57,317
25009210100,2494,2569,6948,6880,3.007217321571772,-0.9786989061600461,75,-68
25009210200,2005,2006,5384,5308,0.04987531172069825,-1.411589895988113,1,-76
25009210301,2821,3250,4536,5176,15.207373271889402,14.109347442680775,429,640
25009210302,1950,2033,4574,4918,4.256410256410256,7.520769567118496,83,344
25009210401,1317,1362,2754,3235,3.416856492027335,17.46550472040668,45,481
25009210402,1589,1641,3950,4133,3.2724984266834483,4.632911392405063,52,183
25009210500,2456,2508,6557,6946,2.1172638436482085,5.93259112398963,52,389
25009210600,1726,1777,4119,4424,2.954808806488992,7.4047098810390874,51,305
25009210700,1727,1875,3977,4446,8.569774174869718,11.792808649735981,148,469
25009210800,2393,2410,4569,4951,0.710405348934392,8.360691617421754,17,382
25009210900,1743,1760,3883,4064,0.9753298909925416,4.661344321400978,17,181
25009211100,1585,1605,3794,4033,1.2618296529968454,6.2994201370585134,20,239
25009211201,1183,1224,2511,2605,3.4657650042265424,3.7435284747112703,41,94
25009211202,1713,1817,3589,3830,6.0712200817279625,6.714962385065477,104,241
25009211300,2590,2562,6967,6916,-1.0810810810810811,-0.7320223912731448,-28,-51
25009211401,1494,1862,3560,4261,24.63186077643909,19.691011235955056,368,701
25009211402,2570,2693,6072,6442,4.7859922178988334,6.0935441370223975,123,370
25009212101,1462,1653,4704,5047,13.064295485636116,7.291666666666667,191,343
25009212102,1582,1706,4282,4732,7.83817951959545,10.509107893507705,124,450
25009213100,2760,2818,7972,8203,2.101449275362319,2.8976417461113897,58,231
25009214100,2173,2358,6080,6569,8.513575701794753,8.042763157894736,185,489
25009215101,1697,1718,4897,4622,1.2374779021803182,-5.615683071268123,21,-275
25009215102,1183,1207,2868,2939,2.0287404902789516,2.4755927475592747,24,71
25009216100,1430,1460,4875,4979,2.097902097902098,2.1333333333333333,30,104
25009217101,1771,1816,4587,4797,2.5409373235460193,4.578155657292348,45,210
25009217102,1223,1410,2704,3029,15.290269828291086,12.01923076923077,187,325
25009217201,1815,1815,4218,4237,0,0.45045045045045046,0,19
25009217202,1455,1477,3491,3586,1.5120274914089347,2.721283299914065,22,95
25009217300,1998,2280,4504,5281,14.114114114114114,17.25133214920071,282,777
25009217401,1218,1459,2106,2423,19.786535303776684,15.052231718898385,241,317
25009217402,1709,1970,3112,3409,15.272088940901114,9.543701799485861,261,297
25009217500,2709,2805,6101,6420,3.5437430786267994,5.228651040812982,96,319
25009217601,1726,1810,4525,4732,4.866743916570105,4.5745856353591154,84,207
25009217602,1019,1045,4155,4756,2.551521099116781,14.464500601684719,26,601
25009218100,2394,2433,5136,5395,1.6290726817042605,5.042834890965732,39,259
25009220101,2645,2773,4003,4014,4.839319470699433,0.2747939045715713,128,11
25009220102,1578,1607,2949,2978,1.837769328263625,0.9833841980332316,29,29
25009221100,2162,2248,4182,4348,3.9777983348751156,3.969392635102822,86,166
25009221300,2579,2610,4532,4406,1.202016285381931,-2.7802294792586055,31,-126
25009221400,1524,1648,3221,3415,8.136482939632545,6.022974231605092,124,194
25009221500,1685,1726,2923,3117,2.433234421364985,6.637016763599042,41,194
25009221600,1067,1125,2448,2641,5.435801312089971,7.883986928104575,58,193
25009221700,1334,1368,2840,2878,2.548725637181409,1.3380281690140845,34,38
25009221800,722,754,1773,1773,4.43213296398892,0,32,0
25009221901,1587,1661,3419,3490,4.662885948330183,2.07663059374086,74,71
25009221902,1896,1993,3450,3661,5.116033755274262,6.115942028985507,97,211
25009222100,1600,1662,3504,3675,3.875,4.88013698630137,62,171
25009223100,1911,2192,3881,4149,14.704343275771848,6.905436743107446,281,268
25009223200,1736,1814,3697,3747,4.493087557603687,1.352447930754666,78,50
25009223300,2360,2470,5598,5889,4.661016949152542,5.19828510182208,110,291
25009250100,1425,2004,2329,3753,40.63157894736842,61.142121082009446,579,1424
25009250200,1876,2077,5525,6764,10.714285714285714,22.425339366515836,201,1239
25009250300,636,950,2101,2905,49.37106918238994,38.26749167063303,314,804
25009250400,1213,1276,3858,4070,5.193734542456719,5.495075168481078,63,212
25009250500,1072,1195,3810,4357,11.473880597014926,14.356955380577427,123,547
25009250600,1747,1889,5602,6250,8.128219805380652,11.567297393787932,142,648
25009250700,1551,1721,4756,5574,10.96067053513862,17.19932716568545,170,818
25009250800,2348,2551,6932,9069,8.645655877342419,30.828043854587424,203,2137
25009250900,776,832,2193,2255,7.216494845360824,2.827177382580939,56,62
25009251000,539,588,1782,1895,9.090909090909092,6.341189674523008,49,113
25009251100,1257,1305,2937,3018,3.8186157517899764,2.7579162410623086,48,81
25009251200,588,616,1357,1474,4.761904761904762,8.621960206337508,28,117
25009251300,1281,1319,3721,3893,2.966432474629196,4.622413329750067,38,172
25009251400,1543,1671,5053,5520,8.295528191834089,9.242034434989115,128,467
25009251500,2431,2567,6431,7275,5.594405594405594,13.12393095941533,136,844
25009251600,2083,2413,5977,7164,15.842534805568892,19.859461268194746,330,1187
25009251700,1957,2090,5145,5809,6.796116504854369,12.905733722060253,133,664
25009251800,2816,2944,6872,8098,4.545454545454546,17.840512223515717,128,1226
25009252101,1515,1586,3509,4114,4.686468646864687,17.24137931034483,71,605
25009252102,1361,1666,3798,4418,22.409992652461426,16.324381253291207,305,620
25009252201,1274,1318,3332,3522,3.453689167974882,5.702280912364946,44,190
25009252202,1119,1141,3193,3280,1.966041108132261,2.7247103037895397,22,87
25009252300,2799,3074,6458,7496,9.824937477670597,16.0730876432332,275,1038
25009252400,1434,1600,4175,4854,11.576011157601116,16.263473053892216,166,679
25009252501,1468,1498,3871,4319,2.043596730245232,11.573236889692586,30,448
25009252502,1810,1868,4852,5046,3.2044198895027622,3.998351195383347,58,194
25009252601,2803,2955,6621,7400,5.422761327149483,11.765594321099531,152,779
25009252602,1641,2255,4407,5469,37.416209628275446,24.098025867937373,614,1062
25009252603,1103,1233,3005,3141,11.786038077969176,4.525790349417638,130,136
25009253100,2539,2617,5467,6001,3.0720756203229618,9.767697091640754,78,534
25009253201,1209,1459,2798,3154,20.6782464846981,12.72337383845604,250,356
25009253202,2610,2633,6253,6861,0.8812260536398467,9.723332800255877,23,608
25009253203,1512,1561,4160,4166,3.2407407407407405,0.14423076923076925,49,6
25009253204,1767,2252,5329,6379,27.44765138653084,19.703509101144682,485,1050
25009253205,1328,1392,4345,4354,4.819277108433735,0.20713463751438435,64,9
25009254100,2625,2839,6009,6602,8.152380952380952,9.868530537527043,214,593
25009254200,1941,2050,5018,5475,5.615662029881505,9.107214029493822,109,457
25009254301,1262,1356,3893,4274,7.448494453248812,9.786796814795787,94,381
25009254302,1647,1691,4493,4661,2.671523982999393,3.7391497885599825,44,168
25009254401,1149,1373,3199,3674,19.49521322889469,14.848390121913097,224,475
25009254402,2458,2900,6699,7992,17.982099267697315,19.30138826690551,442,1293
25009254403,1330,1332,3876,3891,0.15037593984962408,0.38699690402476783,2,15
25009260100,2305,2951,4788,6149,28.026030368763553,28.425229741019216,646,1361
25009260200,1717,1771,3437,3623,3.14502038439138,5.411696246726796,54,186
25009260301,1856,1969,4472,4722,6.088362068965517,5.590339892665474,113,250
25009260302,1227,1218,3084,3254,-0.7334963325183375,5.512321660181582,-9,170
25009260401,1646,1835,3820,4169,11.482381530984204,9.136125654450261,189,349
25009260402,2534,2839,6211,7000,12.036306235201263,12.703268394783448,305,789
25009260500,1432,1503,3788,4142,4.958100558659218,9.345300950369587,71,354
25009260600,1366,1429,3377,3702,4.612005856515373,9.623926562037312,63,325
25009260700,1814,1890,4498,4882,4.189636163175303,8.537127612272121,76,384
25009260800,1976,2321,4631,6132,17.459514170040485,32.41200604621032,345,1501
25009260900,2162,2224,5089,5434,2.8677150786308974,6.779327962271566,62,345
25009261000,1749,1856,3942,4400,6.117781589479702,11.618467782851344,107,458
25009261101,1771,1944,4781,5028,9.768492377188029,5.166283204350554,173,247
25009261102,2103,2177,4958,5150,3.518782691393248,3.8725292456635736,74,192
25009262100,2554,2761,6339,6723,8.104933437744714,6.057737813535258,207,384
25009263100,1580,1740,4235,4500,10.126582278481013,6.257378984651712,160,265
25009264100,2439,2596,6459,6752,6.437064370643706,4.5363059297104815,157,293
25009265101,1420,1491,3646,3848,5,5.540318156884257,71,202
25009265102,1626,1668,4537,4622,2.5830258302583027,1.873484681507604,42,85
25009266100,1660,2029,4032,4742,22.228915662650603,17.609126984126984,369,710
25009266200,2310,2514,5194,5469,8.831168831168831,5.29457065845206,204,275
25009266300,1714,1831,3709,3780,6.826137689614936,1.9142626044756001,117,71
25009266400,1428,1515,3348,3375,6.092436974789916,0.8064516129032258,87,27
25009267102,1841,2072,4679,5051,12.547528517110266,7.9504167557170335,231,372
25009267103,1827,1863,1745,1730,1.9704433497536946,-0.8595988538681949,36,-15
25009267104,858,1370,1815,2455,59.67365967365967,35.26170798898072,512,640
25009268100,877,883,2669,2602,0.6841505131128849,-2.510303484451105,6,-67
25009268200,2787,2941,6328,6940,5.525654825977753,9.671302149178256,154,612
25009268300,2287,2399,4120,4371,4.897245299519021,6.092233009708738,112,251
25009268400,2314,2392,4301,4376,3.3707865168539324,1.743780516159033,78,75
25009269100,2936,3072,6666,6716,4.632152588555858,0.7500750075007501,136,50
25009270100,2253,2405,5855,6161,6.746560142032846,5.226302305721606,152,306
25009990100,0,0,0,0,NA,NA,0,0
25011040100,2650,2531,4494,4409,-4.490566037735849,-1.8914107699154428,-119,-85
25011040200,1881,2007,4342,4387,6.698564593301436,1.0363887609396591,126,45
25011040300,1391,1407,3032,2866,1.1502516175413373,-5.474934036939314,16,-166
25011040400,1669,1556,3429,3369,-6.77052127022169,-1.7497812773403325,-113,-60
25011040501,1782,1740,4264,3899,-2.356902356902357,-8.560037523452158,-42,-365
25011040502,1811,1804,3575,3670,-0.3865267807840972,2.6573426573426575,-7,95
25011040600,2142,2140,4613,4565,-0.09337068160597572,-1.0405376110990678,-2,-48
25011040701,1980,2050,4213,4286,3.535353535353535,1.732732019938286,70,73
25011040702,1979,2062,4224,4294,4.194037392622536,1.6571969696969697,83,70
25011040800,2390,2498,5179,5270,4.518828451882846,1.7570959644719057,108,91
25011040900,2181,2292,5124,5090,5.089408528198074,-0.6635441061670571,111,-34
25011041000,1431,1460,3271,3483,2.026554856743536,6.481198410272087,29,212
25011041100,1696,1744,3592,3723,2.8301886792452833,3.646993318485523,48,131
25011041200,1407,1446,3156,3017,2.771855010660981,-4.404309252217997,39,-139
25011041301,1401,1461,2594,2587,4.282655246252676,-0.2698535080956052,60,-7
25011041302,1250,1289,2047,2016,3.1199999999999997,-1.5144113336590133,39,-31
25011041400,1191,1246,2795,2942,4.6179680940386225,5.259391771019678,55,147
25011041501,1706,1705,3635,3456,-0.058616647127784284,-4.924346629986244,-1,-179
25011041502,1819,1907,3794,3700,4.837822979659153,-2.477596204533474,88,-94
25013800101,1633,1661,4052,4089,1.7146356399265157,0.9131293188548865,28,37
25013800102,1803,1848,4119,4438,2.4958402662229617,7.744598203447439,45,319
25013800201,2612,2664,6334,6577,1.9908116385911179,3.836438269655826,52,243
25013800202,584,600,1333,1435,2.73972602739726,7.651912978244561,16,102
25013800300,1843,2008,4395,4921,8.952794357026587,11.968145620022753,165,526
25013800400,2411,2445,6726,6632,1.4102032351721276,-1.3975617008623253,34,-94
25013800500,1239,1271,3366,3541,2.58272800645682,5.199049316696375,32,175
25013800600,928,881,2620,2275,-5.064655172413793,-13.16793893129771,-47,-345
25013800700,1497,1518,4000,3902,1.402805611222445,-2.45,21,-98
25013800800,951,940,2098,1982,-1.1566771819137749,-5.529075309818875,-11,-116
25013800900,1833,1927,4136,4225,5.128205128205128,2.15183752417795,94,89
25013801101,1253,1296,1862,1993,3.4317637669592975,7.035445757250268,43,131
25013801102,781,712,1537,1155,-8.8348271446863,-24.853610930383866,-69,-382
25013801200,1292,1372,2638,2726,6.191950464396285,3.3358605003790753,80,88
25013801300,1823,1825,4636,4859,0.10970927043335163,4.810181190681622,2,223
25013801401,1448,1532,3992,4269,5.801104972375691,6.938877755511022,84,277
25013801402,790,954,2016,2145,20.759493670886076,6.398809523809524,164,129
25013801501,2098,2067,5361,5523,-1.4775977121067683,3.02182428651371,-31,162
25013801502,1355,1378,3412,3403,1.6974169741697416,-0.2637749120750293,23,-9
25013801503,1688,1777,4036,4225,5.2725118483412325,4.682854311199207,89,189
25013801601,1662,1747,5067,4959,5.114320096269555,-2.1314387211367674,85,-108
25013801602,1890,1881,5108,5024,-0.4761904761904762,-1.644479248238058,-9,-84
25013801603,1821,1842,4185,4122,1.1532125205930808,-1.5053763440860215,21,-63
25013801604,1549,1574,3767,3723,1.6139444803098775,-1.1680382267056013,25,-44
25013801605,1790,1794,4608,4566,0.22346368715083798,-0.9114583333333334,4,-42
25013801700,2144,2183,7577,7845,1.8190298507462688,3.5370199287316875,39,268
25013801800,1533,1505,4279,4351,-1.82648401826484,1.682636129936901,-28,72
25013801901,1679,1672,3938,3954,-0.4169148302561048,0.40629761300152356,-7,16
25013801902,1755,1801,3614,3556,2.6210826210826212,-1.6048699501936912,46,-58
25013802000,1257,1190,2849,2736,-5.330151153540175,-3.966303966303966,-67,-113
25013802101,2792,2748,6075,6176,-1.5759312320916905,1.662551440329218,-44,101
25013802200,1260,1310,3308,3594,3.968253968253968,8.645707376058041,50,286
25013802300,2552,2558,6838,7033,0.23510971786833856,2.8517110266159698,6,195
25013802400,1581,1582,3544,3629,0.06325110689437065,2.3984198645598194,1,85
25013802500,2860,2937,6694,6973,2.6923076923076925,4.167911562593367,77,279
25013802601,2737,2789,7038,7351,1.8998903909389842,4.4472861608411485,52,313
25013802602,982,993,1902,2022,1.120162932790224,6.309148264984227,11,120
25013810100,2852,2876,6290,6156,0.8415147265077139,-2.1303656597774245,24,-134
25013810200,1237,1365,2711,2950,10.347615198059822,8.815935079306529,128,239
25013810300,1442,1613,3134,3339,11.85852981969487,6.541161455009573,171,205
25013810403,1889,2008,3931,4033,6.299629433562731,2.5947596031544133,119,102
25013810404,1542,1565,3761,3611,1.4915693904020753,-3.988300983780909,23,-150
25013810412,2530,2650,5932,6018,4.743083003952568,1.4497639919082939,120,86
25013810414,2422,2532,7479,7340,4.541701073492981,-1.8585372375986096,110,-139
25013810601,2202,2213,4267,4159,0.49954586739327883,-2.531052261542067,11,-108
25013810602,1075,1074,2657,2573,-0.09302325581395349,-3.1614602935641702,-1,-84
25013810700,2816,2860,6151,6247,1.5625,1.5607218338481548,44,96
25013810800,1930,2047,3823,4080,6.062176165803109,6.7224692649751505,117,257
25013810901,997,1074,1948,1989,7.723169508525577,2.1047227926078027,77,41
25013810902,1895,1921,4579,4601,1.3720316622691293,0.48045424765232586,26,22
25013811000,2151,2233,4622,4862,3.812180381218038,5.192557334487235,82,240
25013811101,2094,2167,5058,5150,3.4861509073543453,1.8189007512850928,73,92
25013811102,2596,2616,6100,5994,0.7704160246533128,-1.737704918032787,20,-106
25013811200,2190,2164,4859,4767,-1.187214611872146,-1.8933937024079028,-26,-92
25013811301,2620,2654,5494,5578,1.297709923664122,1.5289406625409536,34,84
25013811302,2571,2521,5740,5560,-1.9447685725398678,-3.1358885017421603,-50,-180
25013811400,941,944,2447,2290,0.3188097768331562,-6.41601961585615,3,-157
25013811500,783,780,2277,2202,-0.38314176245210724,-3.293807641633729,-3,-75
25013811600,1408,1489,3749,3501,5.752840909090909,-6.615097359295813,81,-248
25013811700,1106,1231,2029,2050,11.301989150090415,1.0349926071956628,125,21
25013811800,1678,1744,4139,3990,3.9332538736591176,-3.599903358299106,66,-149
25013811900,1594,1575,3555,3464,-1.1919698870765372,-2.559774964838256,-19,-91
25013812001,1533,1568,3451,3450,2.28310502283105,-0.028977108084613158,35,-1
25013812002,1861,1894,4646,4438,1.7732401934443847,-4.476969436074042,33,-208
25013812101,2090,2126,5106,4921,1.7224880382775118,-3.6231884057971016,36,-185
25013812103,1438,1541,3836,3579,7.162726008344923,-6.699687174139729,103,-257
25013812104,1952,1982,4645,4353,1.5368852459016393,-6.286329386437028,30,-292
25013812201,2321,2344,4600,4790,0.990952175786299,4.130434782608695,23,190
25013812202,2139,2137,4043,3708,-0.09350163627863488,-8.28592629235716,-2,-335
25013812300,2406,2518,5861,6133,4.655029093931837,4.6408462719672405,112,272
25013812401,2557,2551,6210,6365,-0.23464998044583496,2.49597423510467,-6,155
25013812403,1804,1850,3796,3957,2.549889135254989,4.241306638566913,46,161
25013812404,1470,1485,3881,3882,1.0204081632653061,0.02576655501159495,15,1
25013812500,3022,3189,7665,7688,5.526141628060887,0.30006523157208087,167,23
25013812600,2654,2721,6799,6639,2.5244913338357198,-2.3532872481247242,67,-160
25013812701,1803,1846,4078,3966,2.384914032168608,-2.746444335458558,43,-112
25013812702,2571,2615,5489,5242,1.7113963438350837,-4.499908908726543,44,-247
25013812800,2701,2960,6666,7112,9.58904109589041,6.690669066906691,259,446
25013812901,1324,1394,3002,3092,5.287009063444108,2.9980013324450367,70,90
25013812902,1953,2110,4762,4880,8.038914490527393,2.4779504409911803,157,118
25013812903,47,34,2632,2215,-27.659574468085108,-15.843465045592705,-13,-417
25013813001,1730,1699,3056,2914,-1.7919075144508672,-4.646596858638744,-31,-142
25013813002,1691,1710,4180,4000,1.1235955056179776,-4.30622009569378,19,-180
25013813101,2486,2608,5860,5630,4.907481898632341,-3.9249146757679183,122,-230
25013813102,1428,1507,3642,3602,5.5322128851540615,-1.098297638660077,79,-40
25013813204,1201,1274,3240,3348,6.078268109908409,3.3333333333333335,73,108
25013813205,3070,3170,7479,7254,3.257328990228013,-3.0084235860409145,100,-225
25013813206,1658,1672,4043,3980,0.8443908323281062,-1.558248825129854,14,-63
25013813207,2281,2351,5110,5302,3.0688294607628235,3.7573385518590996,70,192
25013813208,1218,1233,2918,2956,1.2315270935960592,1.3022618231665526,15,38
25013813209,2710,2661,5646,5852,-1.808118081180812,3.6486007793127877,-49,206
25013813301,2641,2661,7343,7273,0.7572889057175313,-0.9532888465204957,20,-70
25013813303,1754,1745,4386,4449,-0.5131128848346637,1.4363885088919288,-9,63
25013813304,1553,1561,4054,4131,0.51513200257566,1.8993586581154416,8,77
25013813401,1989,2092,5243,5341,5.178481649069885,1.8691588785046727,103,98
25013813403,1622,1719,3847,4156,5.980271270036992,8.032232908760072,97,309
25013813404,2495,2560,6630,6933,2.6052104208416833,4.570135746606335,65,303
25013813500,1948,2008,5139,4966,3.0800821355236137,-3.366413699163261,60,-173
25013813601,3208,3368,8146,8332,4.987531172069826,2.2833292413454456,160,186
25013813602,2290,2344,6072,6281,2.3580786026200875,3.4420289855072466,54,209
25013813701,1410,1468,3462,3358,4.113475177304964,-3.004043905257077,58,-104
25013813702,2032,2086,5103,4795,2.65748031496063,-6.035665294924554,54,-308
25013813801,2246,2301,4319,4435,2.4487978628673197,2.6858068997453115,55,116
25013813802,1599,1672,3609,3694,4.56535334584115,2.3552230534774177,73,85
25015820101,2726,2864,6188,6295,5.062362435803375,1.729153199741435,138,107
25015820102,1863,1891,3683,3771,1.5029522275899088,2.3893565028509367,28,88
25015820205,2802,3048,7258,7658,8.779443254817988,5.511160099200882,246,400
25015820206,1602,1648,3871,3848,2.871410736579276,-0.5941617153190389,46,-23
25015820207,2005,2235,4841,5124,11.471321695760599,5.845899607519107,230,283
25015820300,2723,3136,6816,7157,15.167095115681233,5.00293427230047,413,341
25015820400,7,122,11679,13131,1642.8571428571427,12.432571281787824,115,1452
25015820500,2872,3200,6740,6739,11.420612813370473,-0.014836795252225518,328,-1
25015820600,41,63,1681,1641,53.65853658536586,-2.379535990481856,22,-40
25015820700,1812,1882,4509,4458,3.863134657836645,-1.1310711909514306,70,-51
25015820801,2255,2345,5232,5558,3.9911308203991127,6.230886850152905,90,326
25015820802,1,0,1158,579,-100,-50,-1,-579
25015820900,2453,2498,6225,6110,1.8344883815735833,-1.8473895582329318,45,-115
25015821000,1909,1982,4253,4446,3.823991618648507,4.537973195391489,73,193
25015821101,3263,3349,6939,7041,2.63561140055164,1.4699524427150885,86,102
25015821200,22,43,1932,2185,95.45454545454545,13.095238095238097,21,253
25015821300,1969,2065,4404,4478,4.875571356018284,1.6802906448683013,96,74
25015821400,2231,2336,5249,5325,4.7064096817570595,1.4478948371118308,105,76
25015821500,1563,1634,3279,3352,4.54254638515675,2.226288502592254,71,73
25015821601,1745,1847,3424,3611,5.845272206303725,5.461448598130842,102,187
25015821602,1831,1887,3844,3878,3.0584380120152925,0.8844953173777315,56,34
25015821700,1564,1790,3724,4031,14.45012787723785,8.243823845327606,226,307
25015821901,1496,1503,3276,3319,0.4679144385026738,1.3125763125763126,7,43
25015821903,1854,2187,3425,3639,17.96116504854369,6.248175182481751,333,214
25015821904,1542,1629,2764,2901,5.642023346303502,4.956584659913169,87,137
25015822000,178,226,1978,2152,26.96629213483146,8.796764408493427,48,174
25015822200,2520,2599,6114,6040,3.134920634920635,-1.2103369316323191,79,-74
25015822300,2701,2821,5370,5412,4.442798963346909,0.782122905027933,120,42
25015822401,2327,2414,5842,5822,3.738719381177482,-0.3423485107839781,87,-20
25015822402,2587,2614,4841,4977,1.0436799381522999,2.8093369138607724,27,136
25015822500,2337,2551,5792,6224,9.157038938810441,7.458563535911603,214,432
25015822601,1014,1030,2180,2094,1.5779092702169626,-3.9449541284403673,16,-86
25015822603,696,747,1607,1622,7.327586206896551,0.9334163036714374,51,15
25015822607,2372,2407,4758,4650,1.475548060708263,-2.269861286254729,35,-108
25015822700,1722,1652,3198,3040,-4.0650406504065035,-4.940587867417136,-70,-158
25017300100,1191,1243,3074,3193,4.36607892527288,3.8711776187378013,52,119
25017301101,1564,1705,4024,4210,9.0153452685422,4.6222664015904575,141,186
25017301102,1821,1861,4902,4917,2.196595277320154,0.30599755201958384,40,15
25017310101,1535,1856,2888,3472,20.912052117263844,20.221606648199447,321,584
25017310102,1308,1448,2359,2609,10.703363914373089,10.597710894446799,140,250
25017310200,2283,2397,5976,6537,4.993429697766097,9.387550200803213,114,561
25017310300,2448,2494,6020,6689,1.8790849673202614,11.112956810631228,46,669
25017310400,1207,1225,3241,3429,1.4913007456503728,5.800678802838631,18,188
25017310500,1256,1284,3449,3291,2.229299363057325,-4.581037982023775,28,-158
25017310601,2112,2343,5746,6194,10.9375,7.796728158719109,231,448
25017310602,2412,2481,5825,6358,2.8606965174129355,9.150214592274677,69,533
25017310700,1628,1692,4441,4530,3.9312039312039313,2.0040531411844182,64,89
25017311100,859,975,2430,2544,13.50407450523865,4.691358024691358,116,114
25017311200,1133,1115,3267,3217,-1.5887025595763458,-1.5304560759106214,-18,-50
25017311300,1407,1460,4057,5207,3.7668798862828714,28.346068523539564,53,1150
25017311400,2512,2597,5986,6550,3.3837579617834392,9.421984630805213,85,564
25017311500,1092,1104,2974,3224,1.098901098901099,8.406186953597848,12,250
25017311600,1922,2071,5295,5625,7.752341311134235,6.232294617563739,149,330
25017311700,1636,1676,5098,5190,2.444987775061125,1.8046292663789723,40,92
25017311800,1058,1112,3513,3603,5.103969754253308,2.5619128949615715,54,90
25017311900,1169,1327,2429,3062,13.515825491873395,26.060107039934127,158,633
25017312000,1059,1070,2938,3047,1.0387157695939566,3.71000680735194,11,109
25017312100,1190,1372,3149,3525,15.294117647058824,11.940298507462686,182,376
25017312200,1697,1820,4309,4920,7.248084855627577,14.179624042701322,123,611
25017312300,2098,2107,4931,5277,0.42897998093422307,7.016832285540459,9,346
25017312400,996,1046,2354,2505,5.020080321285141,6.414613423959219,50,151
25017312501,1791,1832,4464,4456,2.2892238972640984,-0.17921146953405018,41,-8
25017312502,1694,1716,3960,4088,1.2987012987012987,3.2323232323232323,22,128
25017313101,2034,2455,5489,6440,20.698131760078663,17.32556021133175,421,951
25017313102,2173,2214,5803,5940,1.8867924528301887,2.3608478373255215,41,137
25017314101,2232,2471,6055,6785,10.707885304659499,12.056151940545003,239,730
25017314102,2972,3034,7223,7448,2.0861372812920593,3.115049148553233,62,225
25017314200,2080,2202,5233,5629,5.865384615384615,7.567360978406268,122,396
25017314301,3140,3533,8011,9287,12.51592356687898,15.928098864061916,393,1276
25017314302,925,1085,2936,3468,17.2972972972973,18.11989100817439,160,532
25017315100,1922,1991,5457,5740,3.5900104058272633,5.185999633498259,69,283
25017315200,3209,3696,7599,8693,15.176067310688687,14.396631135675747,487,1094
25017315401,1412,1870,3532,4178,32.436260623229465,18.28992072480181,458,646
25017315402,995,1244,2921,3316,25.025125628140703,13.522766175967135,249,395
25017315403,597,563,1745,1661,-5.6951423785594635,-4.813753581661891,-34,-84
25017315500,2725,2775,7722,7754,1.834862385321101,0.4144004144004144,50,32
25017316101,1674,1698,5122,5057,1.4336917562724014,-1.2690355329949239,24,-65
25017316102,2277,2272,6055,6152,-0.21958717610891526,1.601981833195706,-5,97
25017316201,1417,1476,4104,4218,4.163726182074806,2.7777777777777777,59,114
25017316202,1436,1490,4291,4440,3.7604456824512535,3.4723840596597526,54,149
25017316300,3459,3543,8171,8441,2.4284475281873377,3.3043691102680213,84,270
25017316400,1993,2399,6570,7097,20.37129954841947,8.02130898021309,406,527
25017316500,2232,2607,5944,6714,16.801075268817204,12.954239569313595,375,770
25017317101,2768,3251,6018,6966,17.449421965317917,15.752741774675972,483,948
25017317102,1623,1965,4297,4945,21.072088724584106,15.08028857342332,342,648
25017317103,1821,1840,5072,5081,1.043382756727073,0.1774447949526814,19,9
25017317201,1015,1022,2848,2897,0.6896551724137931,1.7205056179775282,7,49
25017317202,1241,1246,3388,3426,0.40290088638195,1.1216056670602124,5,38
25017317203,1627,1664,4001,4253,2.2741241548862936,6.298425393651587,37,252
25017317301,1225,1141,2629,2869,-6.857142857142858,9.128946367440092,-84,240
25017317302,2487,2640,5548,5955,6.15199034981906,7.335976928622927,153,407
25017318100,2455,2637,6674,6825,7.413441955193482,2.262511237638597,182,151
25017318200,1458,1905,3852,4822,30.65843621399177,25.18172377985462,447,970
25017318300,2612,2994,7517,8327,14.624808575803982,10.77557536251164,382,810
25017318400,1351,1701,3908,4669,25.906735751295333,19.472876151484137,350,761
25017320102,1731,1866,5040,5417,7.798960138648179,7.48015873015873,135,377
25017320105,918,945,2460,2573,2.941176470588235,4.59349593495935,27,113
25017320106,1753,2261,5119,6392,28.978893325727324,24.868138308263333,508,1273
25017320107,726,1573,2308,4376,116.66666666666667,89.60138648180242,847,2068
25017321100,3051,3120,6991,7218,2.2615535889872174,3.2470318981547703,69,227
25017321200,2781,2845,6267,6923,2.3013304566702626,10.467528322961545,64,656
25017321301,1907,2003,4067,4351,5.0340849501835345,6.983034177526433,96,284
25017321302,1516,1577,3430,3656,4.0237467018469655,6.588921282798833,61,226
25017321400,1282,1904,3297,4239,48.517940717628704,28.57142857142857,622,942
25017321500,2842,3046,6898,7791,7.178043631245602,12.945781385908958,204,893
25017321600,3035,3052,7548,7615,0.5601317957166392,0.8876523582405935,17,67
25017322100,1803,1815,4670,4651,0.6655574043261231,-0.4068522483940043,12,-19
25017322200,1619,1999,3687,4462,23.471278567016675,21.019799294819634,380,775
25017322300,2676,2765,6090,6281,3.3258594917787745,3.136288998357964,89,191
25017322400,1901,1923,4615,4698,1.157285639137296,1.798483206933911,22,83
25017323101,1430,1508,3674,3819,5.454545454545454,3.9466521502449647,78,145
25017323102,1095,1262,2915,3355,15.251141552511417,15.09433962264151,167,440
25017324101,1864,2169,4761,5567,16.36266094420601,16.92921655114472,305,806
25017324102,1615,1720,4162,4574,6.5015479876160995,9.899086977414704,105,412
25017325101,1408,1750,3181,4010,24.289772727272727,26.060987110971396,342,829
25017325102,2054,2057,4246,4469,0.1460564751703992,5.252001884126237,3,223
25017326101,1463,1592,3896,4511,8.817498291182503,15.78542094455852,129,615
25017326102,2526,2561,6751,6804,1.3855898653998415,0.7850688786846394,35,53
25017327101,1236,1317,3586,3663,6.553398058252427,2.147239263803681,81,77
25017327102,1685,1782,4333,4339,5.756676557863502,0.13847219016847448,97,6
25017327103,1427,1500,3578,3602,5.1156271899089,0.6707657909446618,73,24
25017328100,1097,1167,3179,3358,6.381039197812215,5.630701478452344,70,179
25017330101,1239,1299,3609,3811,4.8426150121065374,5.597118315322804,60,202
25017330102,1653,1702,4623,4925,2.9643073200241985,6.5325546182132825,49,302
25017330201,988,995,2628,2570,0.708502024291498,-2.207001522070015,7,-58
25017330202,1753,1879,4034,4248,7.187678265830005,5.304908279623203,126,214
25017331101,1143,1244,3011,3311,8.836395450568679,9.963467286615742,101,300
25017331102,2488,2544,6971,7073,2.2508038585209005,1.4632047052072872,56,102
25017331200,1844,1912,5346,5488,3.68763557483731,2.656191545080434,68,142
25017331300,2329,2620,6983,7477,12.49463288965221,7.074323356723471,291,494
25017332100,2048,2075,5972,6063,1.318359375,1.5237776289350302,27,91
25017332201,821,814,2090,2111,-0.8526187576126675,1.0047846889952152,-7,21
25017332202,2691,3031,6286,6640,12.634708286882198,5.631562201718103,340,354
25017332300,2508,2545,6666,6955,1.4752791068580542,4.335433543354336,37,289
25017332401,990,817,2342,2466,-17.474747474747474,5.2946199829205804,-173,124
25017332402,611,1149,1141,2142,88.05237315875614,87.73006134969326,538,1001
25017333100,3223,3230,7399,7687,0.21718895439031957,3.892417894310042,7,288
25017333200,2232,2230,5364,5228,-0.08960573476702509,-2.535421327367636,-2,-136
25017333300,1872,1923,4063,4316,2.7243589743589745,6.226925916810239,51,253
25017333400,2599,2729,6229,6524,5.001923816852635,4.73591266655964,130,295
25017333501,1996,2046,4907,5093,2.50501002004008,3.7905033625433058,50,186
25017333502,1465,1499,3273,3429,2.3208191126279862,4.766269477543538,34,156
25017333601,156,879,382,1550,463.4615384615385,305.75916230366494,723,1168
25017333602,2766,3004,6504,7049,8.604483007953725,8.379458794587947,238,545
25017334100,2563,2751,6718,6999,7.335154116269996,4.182792497767193,188,281
25017334200,1637,1747,3968,4070,6.719609040928527,2.5705645161290325,110,102
25017334300,2606,2628,7605,7768,0.844205679201842,2.1433267587113742,22,163
25017334400,2811,2826,6456,6681,0.5336179295624333,3.4851301115241635,15,225
25017335100,2579,2846,5728,6259,10.352849941837922,9.270251396648046,267,531
25017335200,2346,2520,5638,6273,7.41687979539642,11.26285916991841,174,635
25017335301,1804,1875,3853,4124,3.93569844789357,7.033480404879315,71,271
25017335302,1918,2156,4639,5309,12.408759124087592,14.442767837896097,238,670
25017335400,1858,1908,5094,5125,2.6910656620021527,0.6085590891244602,50,31
25017336100,2513,2566,5360,5758,2.109033028253084,7.425373134328359,53,398
25017336201,1044,1053,2811,3062,0.8620689655172413,8.929206688011384,9,251
25017336202,1254,1290,3334,3416,2.8708133971291865,2.459508098380324,36,82
25017336300,2581,2612,6665,6985,1.2010848508330105,4.801200300075019,31,320
25017336402,2159,2251,4557,4764,4.261232051875869,4.5424621461487815,92,207
25017336403,1114,1680,1874,3254,50.80789946140036,73.63927427961579,566,1380
25017336404,1088,1162,2386,2578,6.8014705882352935,8.046940486169321,74,192
25017337101,1283,1329,3095,3220,3.5853468433359312,4.038772213247173,46,125
25017337102,2033,2271,5042,5414,11.706837186424005,7.3780245934153115,238,372
25017337201,1520,1594,3164,3370,4.868421052631579,6.510745891276865,74,206
25017337202,2150,2159,4878,5110,0.4186046511627907,4.756047560475605,9,232
25017337300,2472,2806,5259,6130,13.511326860841425,16.562084046396652,334,871
25017338100,1068,1092,2964,3204,2.247191011235955,8.097165991902834,24,240
25017338200,1581,1623,3869,4271,2.6565464895635675,10.390281726544327,42,402
25017338300,1253,1277,3180,3469,1.9154030327214684,9.088050314465407,24,289
25017338400,2030,2083,5745,6167,2.610837438423645,7.345517841601393,53,422
25017338500,2054,2060,5616,5859,0.2921129503407984,4.326923076923077,6,243
25017339101,1732,1825,2966,3267,5.369515011547344,10.148347943358058,93,301
25017339102,1292,1308,3476,3442,1.238390092879257,-0.9781357882623706,16,-34
25017339200,2270,2225,5830,5700,-1.9823788546255507,-2.2298456260720414,-45,-130
25017339300,1303,1351,2890,2996,3.683806600153492,3.667820069204152,48,106
25017339400,1573,1607,3326,3479,2.161474888747616,4.60012026458208,34,153
25017339500,1690,1761,5399,5662,4.201183431952662,4.871272457862568,71,263
25017339600,2308,2393,5009,5454,3.682842287694974,8.88400878418846,85,445
25017339700,1684,1711,3878,3916,1.6033254156769599,0.9798865394533264,27,38
25017339802,1976,2651,4557,5485,34.15991902834008,20.364274742154926,675,928
25017339803,1505,2051,2355,3383,36.27906976744186,43.65180467091295,546,1028
25017339804,928,934,2189,2260,0.646551724137931,3.2434901781635452,6,71
25017339900,2149,2241,5037,5327,4.281060958585389,5.7573952749652575,92,290
25017340000,1115,1144,2594,2590,2.600896860986547,-0.15420200462606012,29,-4
25017340100,2519,2568,6667,6698,1.945216355696705,0.4649767511624419,49,31
25017341101,1450,1504,3675,3850,3.724137931034482,4.761904761904762,54,175
25017341102,2289,2459,4564,5180,7.426823940585408,13.496932515337424,170,616
25017341200,2781,2872,6842,6988,3.272204243078029,2.133878982753581,91,146
25017341301,1641,2600,3281,4565,58.43997562461914,39.13441024078025,959,1284
25017341302,1001,1031,2158,2273,2.997002997002997,5.329008341056534,30,115
25017341400,2451,2543,6212,6747,3.7535699714402284,8.612363168061817,92,535
25017341500,1790,1917,4780,5353,7.094972067039105,11.98744769874477,127,573
25017341600,2750,2852,6564,6985,3.709090909090909,6.413772090188909,102,421
25017341700,2191,2271,5298,5607,3.651300775901415,5.8323895809739525,80,309
25017341800,2633,2748,6555,7075,4.3676414736042535,7.9328756674294425,115,520
25017341901,535,552,1387,1515,3.177570093457944,9.228550829127613,17,128
25017341903,2465,3163,5251,6888,28.316430020283978,31.17501428299372,698,1637
25017341904,1179,1209,2868,3237,2.5445292620865136,12.866108786610878,30,369
25017342101,1663,1748,4457,5028,5.111244738424534,12.811308054745343,85,571
25017342102,1683,1785,4066,4718,6.0606060606060606,16.03541564190851,102,652
25017342201,2062,2141,5268,6274,3.831231813773036,19.096431283219438,79,1006
25017342202,1536,1550,3832,4208,0.9114583333333334,9.812108559498958,14,376
25017342301,1091,1138,2882,3242,4.307974335472044,12.491325468424705,47,360
25017342302,1501,1617,3814,4548,7.728181212524983,19.24488725747247,116,734
25017342401,1690,1841,3802,4604,8.934911242603551,21.094160967911627,151,802
25017342402,1025,1715,2383,3664,67.31707317073172,53.755770037767526,690,1281
25017342501,1758,1834,4169,4740,4.323094425483505,13.696330055169106,76,571
25017342502,1023,1088,2628,3080,6.35386119257087,17.19939117199391,65,452
25017342600,1683,1751,4365,4969,4.040404040404041,13.837342497136312,68,604
25017350105,520,530,1210,1181,1.9230769230769231,-2.396694214876033,10,-29
25017350106,0,1006,0,1660,Inf,Inf,1006,1660
25017350107,554,553,1334,1355,-0.18050541516245489,1.5742128935532234,-1,21
25017350108,1620,1774,3968,4174,9.506172839506172,5.191532258064516,154,206
25017350109,793,882,2119,2176,11.223203026481714,2.6899480887210947,89,57
25017350201,1081,1094,2737,2699,1.2025901942645698,-1.3883814395323346,13,-38
25017350202,1687,1751,3838,3860,3.793716656787196,0.5732152162584679,64,22
25017350300,1148,1364,2441,2984,18.81533101045296,22.244981564932402,216,543
25017350400,2511,2590,5574,5901,3.14615690959777,5.866523143164693,79,327
25017350500,772,786,1629,1743,1.8134715025906734,6.998158379373849,14,114
25017350600,1092,1148,4572,4788,5.128205128205128,4.724409448818897,56,216
25017350701,1364,1410,2792,3000,3.3724340175953076,7.4498567335243555,46,208
25017350702,1752,1725,3256,3315,-1.5410958904109588,1.8120393120393121,-27,59
25017350800,920,968,1828,2076,5.217391304347826,13.566739606126916,48,248
25017350900,1648,1707,3313,3531,3.5800970873786406,6.580138846966496,59,218
25017351001,1793,1902,3638,4083,6.0791968767428894,12.23199560197911,109,445
25017351002,1322,1369,2812,3037,3.5552193645990924,8.001422475106686,47,225
25017351101,1752,1805,3659,3775,3.0251141552511416,3.1702650997540314,53,116
25017351102,1026,1008,1963,1972,-1.7543859649122806,0.45848191543555783,-18,9
25017351203,1959,2064,4241,4631,5.359877488514548,9.195944352746993,105,390
25017351204,1927,2033,4129,4295,5.500778412039439,4.0203439089367885,106,166
25017351300,2078,2156,4233,4406,3.753609239653513,4.086935979210962,78,173
25017351403,1609,1708,3882,3943,6.152889993784959,1.5713549716640907,99,61
25017351404,1629,1625,4288,3996,-0.24554941682013504,-6.809701492537314,-4,-292
25017351500,1172,1311,2311,2464,11.860068259385665,6.620510601471224,139,153
25017352101,1292,2397,1654,4271,85.52631578947368,158.22249093107618,1105,2617
25017352102,1431,1459,2277,2663,1.9566736547868624,16.952129995608257,28,386
25017352200,1145,1208,1849,1999,5.502183406113537,8.112493239588966,63,150
25017352300,2070,2407,3454,4313,16.280193236714975,24.869716270990157,337,859
25017352400,688,716,1850,1879,4.069767441860465,1.5675675675675675,28,29
25017352500,1443,1523,3239,3466,5.544005544005544,7.008335906143872,80,227
25017352600,1175,1255,2633,2817,6.808510638297872,6.9882263577668065,80,184
25017352700,1016,1040,2057,2009,2.3622047244094486,-2.333495381623724,24,-48
25017352800,805,836,1826,1892,3.8509316770186333,3.614457831325301,31,66
25017352900,1389,1391,2590,2869,0.14398848092152627,10.772200772200772,2,279
25017353000,1419,1619,2648,2968,14.094432699083862,12.084592145015106,200,320
25017353101,1538,1877,3311,3641,22.041612483745123,9.966777408637874,339,330
25017353102,336,1046,5057,6238,211.30952380952382,23.35376705556654,710,1181
25017353200,1701,1955,4897,5242,14.93239271017049,7.045129671227282,254,345
25017353300,1771,1770,3471,3723,-0.0564652738565782,7.260155574762317,-1,252
25017353600,1862,1987,5033,5146,6.713211600429646,2.245181800119213,125,113
25017353700,1956,1942,5365,5593,-0.7157464212678937,4.249767008387698,-14,228
25017353800,2382,2440,3883,4177,2.434928631402183,7.571465361833633,58,294
25017353900,1519,1638,7090,6139,7.834101382488479,-13.413258110014104,119,-951
25017354000,2333,2444,4632,4918,4.757822546078011,6.174438687392056,111,286
25017354100,1472,1572,2641,2889,6.7934782608695645,9.390382430897388,100,248
25017354200,1404,1443,2907,3008,2.7777777777777777,3.47437220502236,39,101
25017354300,1651,1653,3346,3488,0.12113870381586916,4.243873281530186,2,142
25017354400,802,805,1647,1730,0.3740648379052369,5.0394656952034005,3,83
25017354500,997,1022,1754,1937,2.507522567703109,10.433295324971494,25,183
25017354601,392,950,832,1646,142.3469387755102,97.83653846153845,558,814
25017354602,1800,2000,3707,4185,11.11111111111111,12.894523873752362,200,478
25017354700,1207,1304,2509,2859,8.036454018227008,13.949780789159028,97,350
25017354800,977,1131,1903,2323,15.762538382804504,22.07041513399895,154,420
25017354901,312,1778,568,2876,469.8717948717949,406.3380281690141,1466,2308
25017354902,2307,2443,5464,5616,5.895101863892501,2.781844802342606,136,152
25017355000,1426,1545,2716,3129,8.345021037868163,15.206185567010309,119,413
25017356100,1450,1464,3110,3330,0.9655172413793104,7.07395498392283,14,220
25017356300,2426,2445,5040,5332,0.7831821929101401,5.7936507936507935,19,292
25017356400,2979,3210,7248,8136,7.754279959718026,12.251655629139073,231,888
25017356500,2950,2922,6580,7067,-0.9491525423728813,7.401215805471124,-28,487
25017356601,2134,2186,4215,4783,2.436738519212746,13.475682087781731,52,568
25017356602,1751,1760,4170,4284,0.5139920045688178,2.7338129496402876,9,114
25017356701,3183,3225,5844,6275,1.3195098963242224,7.375085557837098,42,431
25017356703,1535,1549,3047,3211,0.9120521172638436,5.382343288480473,14,164
25017356704,1564,1700,3591,3890,8.695652173913043,8.32637148426622,136,299
25017357100,1720,2199,4185,5480,27.848837209302324,30.943847072879333,479,1295
25017357200,1156,1165,3202,3243,0.7785467128027681,1.2804497189256714,9,41
25017357300,1343,1323,2974,3117,-1.4892032762472078,4.808338937457969,-20,143
25017357400,938,945,2339,2372,0.7462686567164178,1.410859341598974,7,33
25017357500,902,1030,2130,2255,14.19068736141907,5.868544600938967,128,125
25017357600,1081,1091,2432,2665,0.9250693802035153,9.580592105263158,10,233
25017357700,1661,1722,3726,4139,3.6724864539434074,11.084272678475578,61,413
25017357800,1383,1407,3742,4024,1.735357917570499,7.536076964190272,24,282
25017358100,1886,1887,5105,5282,0.05302226935312832,3.4671890303623902,1,177
25017358300,2301,2452,5526,6380,6.5623641894828335,15.45421643141513,151,854
25017358400,1923,1909,4895,5285,-0.7280291211648465,7.967313585291114,-14,390
25017358500,1786,1898,4861,5580,6.270996640537514,14.79119522731948,112,719
25017358600,2246,2256,5947,6319,0.44523597506678536,6.255254750294266,10,372
25017358700,1878,1908,5060,5608,1.5974440894568689,10.8300395256917,30,548
25017359100,2588,2484,6198,6544,-4.01854714064915,5.582445950306551,-104,346
25017359301,0,0,0,0,NA,NA,0,0
25017359302,0,0,0,0,NA,NA,0,0
25017359303,2780,2960,7121,7839,6.474820143884892,10.08285353180733,180,718
25017359400,3272,3311,6354,6754,1.1919315403422983,6.295247088448222,39,400
25017360300,2617,2771,6360,7014,5.88460068781047,10.283018867924529,154,654
25017361100,2491,2418,5657,5726,-2.93054997992774,1.2197277709033056,-73,69
25017361200,1936,2406,5765,6259,24.276859504132233,8.568950563746748,470,494
25017361300,2521,2471,6246,6506,-1.9833399444664817,4.1626641050272175,-50,260
25017362100,1759,1897,4852,5237,7.845366685616828,7.9348722176422095,138,385
25017363103,1197,1358,3228,3617,13.450292397660817,12.050805452292442,161,389
25017363104,2235,2312,6105,6259,3.4451901565995526,2.5225225225225225,77,154
25017363105,1418,1549,3448,3781,9.23836389280677,9.657772621809745,131,333
25017363106,1229,1436,2461,3330,16.842961757526446,35.31084924827306,207,869
25017363201,1169,1223,3219,3317,4.619332763045338,3.0444237340789067,54,98
25017363202,1282,1341,3462,3717,4.6021840873634945,7.365684575389948,59,255
25017364101,2361,2530,5266,5631,7.157983905124947,6.931257121154577,169,365
25017364102,2086,2211,4840,5115,5.992329817833173,5.681818181818182,125,275
25017365100,2508,2598,7732,7918,3.588516746411483,2.405587170201759,90,186
25017365201,1896,2071,5607,5949,9.229957805907173,6.099518459069021,175,342
25017365202,1547,1887,4320,5067,21.978021978021978,17.291666666666668,340,747
25017366100,1860,1892,4697,4952,1.7204301075268817,5.428997232275921,32,255
25017366201,1258,1288,3598,3750,2.384737678855326,4.224569205113952,30,152
25017366202,1905,2116,4699,5241,11.076115485564305,11.534369014683975,211,542
25017367100,1784,1768,4753,4861,-0.8968609865470852,2.2722491058278984,-16,108
25017367200,2225,2275,6507,6990,2.247191011235955,7.422775472568004,50,483
25017368101,2541,2512,5540,5782,-1.1412829594647778,4.368231046931408,-29,242
25017368102,1884,1916,4611,4718,1.6985138004246285,2.3205378442854045,32,107
25017368200,1650,1780,3872,4198,7.878787878787878,8.419421487603305,130,326
25017368300,2588,2655,5345,5763,2.58887171561051,7.8203928905519176,67,418
25017368400,2471,2629,8117,8606,6.394172399838122,6.024393248737218,158,489
25017368500,1890,1992,3297,3419,5.396825396825397,3.7003336366393693,102,122
25017368600,2480,2706,5196,5856,9.112903225806452,12.702078521939955,226,660
25017368700,1049,1079,2462,2684,2.8598665395614873,9.017059301380991,30,222
25017368800,1983,2831,4741,6169,42.76348966212809,30.120227800042187,848,1428
25017368901,2722,2737,5684,5973,0.5510653930933138,5.0844475721323015,15,289
25017368902,1556,1590,3374,3691,2.185089974293059,9.395376407824541,34,317
25017369000,72,38,3548,3300,-47.22222222222222,-6.989853438556934,-34,-248
25017369100,2040,2080,4846,5059,1.9607843137254901,4.395377631035906,40,213
25017370101,2959,2963,6488,6807,0.13518080432578572,4.916769420468557,4,319
25017370103,1695,1853,3136,3544,9.321533923303834,13.010204081632654,158,408
25017370104,1251,1890,2571,3734,51.07913669064749,45.23531699727732,639,1163
25017370201,1887,1774,3757,3798,-5.988341282458929,1.0912962470055896,-113,41
25017370202,1879,1911,4149,4222,1.7030335284725917,1.7594601108700894,32,73
25017370301,2153,2208,4313,4531,2.5545750116117047,5.054486436355205,55,218
25017370302,777,852,1331,1572,9.652509652509652,18.106686701728027,75,241
25017370401,1192,1813,2382,3531,52.09731543624161,48.2367758186398,621,1149
25017370402,751,705,1696,1520,-6.125166444740346,-10.377358490566039,-46,-176
25017370403,1040,1041,2092,2070,0.09615384615384616,-1.0516252390057361,1,-22
25017373100,2198,2226,4755,5113,1.2738853503184715,7.528916929547845,28,358
25017373200,2053,2115,4391,4789,3.019970774476376,9.063994534274652,62,398
25017373300,1270,1296,2799,3100,2.047244094488189,10.753840657377635,26,301
25017373400,1413,1492,3204,3319,5.590941259731069,3.5892634207240945,79,115
25017373500,2016,2021,6187,6237,0.248015873015873,0.8081461128171973,5,50
25017373600,1029,1089,6026,6132,5.830903790087463,1.7590441420511118,60,106
25017373700,1401,1408,3790,3854,0.4996431120628123,1.688654353562005,7,64
25017373800,2548,2578,5923,6066,1.1773940345368918,2.414317069052845,30,143
25017373901,1010,1112,2756,3128,10.099009900990099,13.497822931785198,102,372
25017373902,1657,1699,3617,3876,2.5347012673506337,7.160630356649158,42,259
25017374000,1796,1878,5237,4808,4.565701559020044,-8.191712812679015,82,-429
25017374100,2027,2099,4647,4965,3.5520473606314753,6.8431245965138805,72,318
25017374200,1593,1634,4192,4311,2.573760200878845,2.838740458015267,41,119
25017374300,1344,1258,3496,3772,-6.398809523809524,7.894736842105263,-86,276
25017374400,2244,2274,5743,5955,1.3368983957219251,3.6914504614313075,30,212
25017374500,1704,1735,4339,4586,1.8192488262910798,5.692555888453561,31,247
25017374600,1984,2006,4829,5285,1.1088709677419355,9.442948850693725,22,456
25017374700,1846,1848,4477,4602,0.10834236186348861,2.7920482465937013,2,125
25017374800,1514,1552,4737,5025,2.509907529722589,6.079797340088663,38,288
25017382100,1868,1855,4911,5146,-0.6959314775160599,4.7851761352066795,-13,235
25017382200,2056,2157,5158,5375,4.912451361867705,4.207056998836759,101,217
25017382300,2224,2283,5568,5917,2.652877697841727,6.267959770114942,59,349
25017382400,1904,2250,4522,5340,18.172268907563023,18.089340999557717,346,818
25017382500,1936,2696,4418,5664,39.25619834710744,28.20280669986419,760,1246
25017382601,2295,2339,4269,4794,1.9172113289760349,12.297962052002811,44,525
25017382602,1838,2100,4159,4770,14.25462459194777,14.691031497956239,262,611
25017383101,1328,1376,4217,4149,3.614457831325301,-1.6125207493478777,48,-68
25017383102,1834,1972,4923,5012,7.52453653217012,1.8078407475116798,138,89
25017383200,2225,2295,6046,6591,3.146067415730337,9.014224280516043,70,545
25017383300,1370,1591,3042,3191,16.131386861313867,4.8980933596318215,221,149
25017383401,947,1064,2204,2499,12.35480464625132,13.38475499092559,117,295
25017383402,1409,1463,3336,3799,3.8325053229240598,13.878896882494004,54,463
25017383501,2094,2155,4259,4674,2.913085004775549,9.744071378257807,61,415
25017383502,1075,1046,3773,3932,-2.697674418604651,4.214153193745031,-29,159
25017383600,2509,2539,6138,6341,1.1956954962136308,3.3072662104920174,30,203
25017383700,2119,2154,5213,5308,1.651722510618216,1.822367159025513,35,95
25017383800,2236,2620,5358,6356,17.173524150268335,18.62635311683464,384,998
25017383902,1983,2005,5354,5466,1.109430156328795,2.091893911094509,22,112
25017383903,952,956,2604,2665,0.42016806722689076,2.342549923195085,4,61
25017383904,2107,2276,5024,5221,8.020882771713337,3.9211783439490446,169,197
25017384003,2813,2932,5515,5699,4.2303590472804835,3.336355394378966,119,184
25017384004,526,589,1309,1459,11.977186311787072,11.459129106187929,63,150
25017385101,612,1169,1817,2869,91.01307189542483,57.89763346175014,557,1052
25017385102,1862,1859,4900,4972,-0.1611170784103115,1.4693877551020407,-3,72
25017385201,1084,1179,2568,2837,8.763837638376385,10.475077881619937,95,269
25017385203,2029,2090,4557,4797,3.0064070970921635,5.266622778143516,61,240
25017385204,1022,1198,2751,3357,17.22113502935421,22.02835332606325,176,606
25017386100,1495,1562,4118,4401,4.481605351170568,6.872268091306459,67,283
25017387100,1576,1643,4257,4379,4.251269035532995,2.865867982147052,67,122
25017387201,2141,2357,5464,6231,10.088743577767397,14.037335285505122,216,767
25017387202,1370,1562,3826,4386,14.014598540145986,14.636696288552011,192,560
25017388100,2073,2362,4995,5506,13.941148094548964,10.23023023023023,289,511
25017388200,2427,2599,7211,7431,7.086938607334157,3.0508944667868536,172,220
25017388300,1929,1862,5420,6405,-3.4733022291342666,18.173431734317344,-67,985
25017980000,0,0,0,0,NA,NA,0,0
25019950100,3136,3116,1375,1716,-0.6377551020408163,24.8,-20,341
25019950201,1618,1793,2734,3683,10.815822002472189,34.71104608632041,175,949
25019950202,1343,1476,2141,2996,9.903201787043932,39.93460999532928,133,855
25019950307,1109,1129,342,524,1.8034265103697025,53.216374269005854,20,182
25019950400,1633,1880,2415,3571,15.125535823637476,47.86749482401657,247,1156
25019950500,2780,2775,1163,1765,-0.1798561151079137,51.76268271711092,-5,602
25019990000,0,0,0,0,NA,NA,0,0
25021400100,2511,2657,4977,5548,5.814416567104739,11.472774763914003,146,571
25021400201,1544,1601,2834,3047,3.6917098445595853,7.515878616796049,57,213
25021400202,1410,1476,3297,3625,4.680851063829787,9.94843797391568,66,328
25021400300,1672,1786,4110,4310,6.8181818181818175,4.866180048661801,114,200
25021400401,2212,2169,3802,3890,-1.9439421338155516,2.314571278274592,-43,88
25021400402,657,850,1648,2045,29.37595129375951,24.08980582524272,193,397
25021400500,2512,2650,5173,5558,5.493630573248407,7.442489851150203,138,385
25021400600,2218,2402,5177,5492,8.29576194770063,6.084604983581224,184,315
25021400700,1441,1584,3595,3986,9.923664122137405,10.876216968011127,143,391
25021400800,2636,2809,5630,6077,6.562974203338391,7.939609236234459,173,447
25021400900,2018,2167,3868,4354,7.383548067393458,12.564632885211996,149,486
25021401000,1342,1454,3149,3534,8.345752608047691,12.226103524928549,112,385
25021401100,1630,1714,4442,4827,5.153374233128835,8.667266996848266,84,385
25021401201,1979,1946,5182,5191,-1.667508842849924,0.17367811655731377,-33,9
25021401202,666,696,1849,1707,4.504504504504505,-7.679826933477556,30,-142
25021402101,1561,1583,3637,3593,1.4093529788597052,-1.2097882870497663,22,-44
25021402102,1769,1801,4063,4402,1.8089315997738835,8.34358848141767,32,339
25021402200,861,882,2169,2217,2.4390243902439024,2.2130013831258646,21,48
25021402300,1648,1667,4549,4518,1.1529126213592233,-0.6814684546054077,19,-31
25021402400,2592,2662,6050,6341,2.700617283950617,4.809917355371901,70,291
25021402500,1760,1864,4264,4293,5.909090909090909,0.6801125703564728,104,29
25021403100,2362,2536,6841,7599,7.366638441998306,11.08025142523023,174,758
25021403300,1455,1489,4222,4431,2.336769759450172,4.950260540028423,34,209
25021403400,2593,2583,6488,6961,-0.38565368299267255,7.290382244143033,-10,473
25021403501,992,1565,1719,2851,57.76209677419355,65.85223967422921,573,1132
25021403502,1504,1539,3965,4280,2.327127659574468,7.944514501891551,35,315
25021404100,1442,1497,4026,4456,3.814147018030513,10.680576254346747,55,430
25021404201,1249,1328,3657,3944,6.325060048038431,7.847962811047307,79,287
25021404202,1389,1218,4987,5040,-12.311015118790497,1.0627631842791256,-171,53
25021404301,1884,1884,5508,5813,0,5.537400145243283,0,305
25021404302,1434,1455,3529,3825,1.4644351464435146,8.387645225276282,21,296
25021404400,1791,1900,6276,6472,6.085985482970408,3.123008285532186,109,196
25021405100,1969,2046,5589,5923,3.910614525139665,5.976024333512256,77,334
25021406101,2006,2146,5537,6081,6.979062811565304,9.824814881704896,140,544
25021406102,2231,2304,6488,6718,3.2720753025549083,3.5450061652281137,73,230
25021407101,1604,1760,4103,4419,9.72568578553616,7.701681696319766,156,316
25021407102,1554,1652,3788,4041,6.306306306306306,6.678986272439282,98,253
25021408102,1919,1957,4789,4932,1.9801980198019802,2.9860096053455836,38,143
25021408103,962,1008,3071,3034,4.781704781704782,-1.2048192771084338,46,-37
25021408104,1731,1861,4892,5149,7.510109763142692,5.253475061324612,130,257
25021409101,1429,1560,6216,5885,9.167249825052485,-5.324967824967826,131,-331
25021409102,1692,2041,5010,5777,20.62647754137116,15.30938123752495,349,767
25021410100,2567,2809,6142,6813,9.42734709777951,10.924780201888636,242,671
25021410300,1715,2027,4423,4947,18.192419825072886,11.84716255934886,312,524
25021410400,2613,2846,6300,6858,8.916953693073095,8.857142857142856,233,558
25021411101,1249,1571,3444,4665,25.780624499599682,35.45296167247386,322,1221
25021411102,1839,1889,4528,4670,2.718868950516585,3.136042402826855,50,142
25021411200,2498,2870,6562,7453,14.89191353082466,13.578177384943615,372,891
25021411301,2071,2086,5535,6072,0.724287783679382,9.70189701897019,15,537
25021411302,1385,1626,4009,3523,17.40072202166065,-12.122723871289597,241,-486
25021412100,2295,2355,6321,6707,2.6143790849673203,6.106628697990824,60,386
25021412200,1496,1322,3577,3899,-11.631016042780749,9.001956947162427,-174,322
25021412300,1638,2124,4712,5660,29.67032967032967,20.1188455008489,486,948
25021413100,2411,2760,5854,6494,14.475321443384487,10.93269559275709,349,640
25021413201,2150,2237,4537,4834,4.046511627906977,6.546175887150099,87,297
25021413202,637,983,1542,2093,54.3171114599686,35.73281452658885,346,551
25021413300,1970,2050,4954,5083,4.060913705583756,2.6039563988696,80,129
25021413401,1601,1653,3167,3554,3.2479700187382887,12.219766340385222,52,387
25021413402,1877,2070,4244,4901,10.28236547682472,15.480678605089537,193,657
25021413500,1833,1881,4304,4652,2.618657937806874,8.085501858736059,48,348
25021414100,2113,2145,5692,5862,1.5144344533838145,2.9866479269149684,32,170
25021414200,2395,2420,7184,7549,1.0438413361169103,5.080734966592428,25,365
25021414300,1947,2016,4736,5164,3.5439137134052388,9.037162162162163,69,428
25021415101,1711,1793,4532,4774,4.792518994739918,5.339805825242718,82,242
25021415103,2031,2245,4284,4749,10.536681437715412,10.854341736694678,214,465
25021415104,1354,1370,3181,3310,1.1816838995568686,4.055328513046212,16,129
25021415201,1128,1632,3084,4020,44.680851063829785,30.35019455252918,504,936
25021415202,1170,1431,2765,3263,22.30769230769231,18.01084990958409,261,498
25021415300,1367,1459,3714,4254,6.730065837600585,14.539579967689823,92,540
25021416101,2217,2181,5771,6274,-1.6238159675236805,8.715993761913014,-36,503
25021416102,1028,1077,3810,4005,4.766536964980545,5.118110236220472,49,195
25021416200,2411,2447,6650,6913,1.4931563666528411,3.9548872180451125,36,263
25021416300,1809,1893,4702,5005,4.643449419568822,6.444066354742663,84,303
25021416400,2247,2255,6102,6454,0.3560302625723186,5.768600458865945,8,352
25021417100,2315,2345,5752,6010,1.2958963282937366,4.485396383866481,30,258
25021417201,1795,1988,4144,4456,10.75208913649025,7.5289575289575295,193,312
25021417202,1529,1527,4029,4059,-0.13080444735120994,0.7446016381236039,-2,30
25021417300,1810,2357,2682,3660,30.220994475138124,36.46532438478747,547,978
25021417400,1114,1126,2566,2656,1.0771992818671454,3.507404520654715,12,90
25021417501,2081,2106,5004,5291,1.2013455069678038,5.735411670663469,25,287
25021417502,2015,2042,4639,4716,1.3399503722084367,1.6598404828626858,27,77
25021417601,2101,2079,5195,5249,-1.0471204188481675,1.039461020211742,-22,54
25021417602,2380,2403,5155,5402,0.9663865546218487,4.791464597478177,23,247
25021417702,1109,1118,2765,2826,0.8115419296663661,2.206148282097649,9,61
25021417703,1209,1873,2261,3004,54.92142266335814,32.86156567890314,664,743
25021417704,1722,1922,3097,3689,11.614401858304298,19.11527284468841,200,592
25021417801,2376,2432,5443,5518,2.356902356902357,1.377916590115745,56,75
25021417802,1317,1331,3150,3217,1.0630220197418374,2.126984126984127,14,67
25021417901,3330,4521,6047,8127,35.765765765765764,34.39722176285762,1191,2080
25021417902,1564,1618,3542,3786,3.4526854219948846,6.888763410502541,54,244
25021418002,3320,3395,7020,7444,2.2590361445783134,6.03988603988604,75,424
25021418003,780,1378,1438,2448,76.66666666666667,70.2364394993046,598,1010
25021418004,1987,2290,4280,5043,15.249119275289381,17.827102803738317,303,763
25021418101,2502,2548,4896,5121,1.8385291766586729,4.595588235294118,46,225
25021418102,1676,1674,3377,3550,-0.11933174224343676,5.122890139176784,-2,173
25021418201,2794,2926,5755,6335,4.724409448818897,10.078192875760209,132,580
25021419100,2246,2314,5691,6329,3.0276046304541406,11.210683535406783,68,638
25021419200,1914,1987,5002,5177,3.8140020898641587,3.4986005597760896,73,175
25021419300,1558,1580,3863,4000,1.4120667522464698,3.546466476831478,22,137
25021419400,1288,1288,3166,3211,0,1.4213518635502211,0,45
25021419500,1082,1278,3077,3481,18.11460258780037,13.129671758206044,196,404
25021419601,792,824,1340,1600,4.040404040404041,19.402985074626866,32,260
25021419602,2136,2165,5392,5913,1.357677902621723,9.66246290801187,29,521
25021419700,1489,1819,3855,4716,22.16252518468771,22.334630350194555,330,861
25021419800,1797,1822,4358,4716,1.3912075681691707,8.214777420835246,25,358
25021420101,1605,1647,4432,4698,2.6168224299065423,6.001805054151625,42,266
25021420102,1290,1530,3372,4122,18.6046511627907,22.24199288256228,240,750
25021420201,1219,1248,3505,3576,2.3789991796554553,2.0256776034236803,29,71
25021420202,2430,2895,6303,7404,19.1358024691358,17.467872441694432,465,1101
25021420301,2581,2669,6797,7295,3.409531189461449,7.326761806679418,88,498
25021420302,2883,2912,7705,7889,1.0058966354491847,2.3880597014925375,29,184
25021421100,2103,2158,5120,5410,2.615311459819306,5.6640625,55,290
25021421200,2171,2256,5671,5995,3.91524643021649,5.713278081467114,85,324
25021422100,2023,2058,5293,5354,1.7301038062283738,1.152465520498772,35,61
25021422201,55,1346,23,2277,2347.2727272727275,9800,1291,2254
25021422202,3050,3080,6792,6961,0.9836065573770493,2.488221436984688,30,169
25021422301,1228,1270,3319,3432,3.420195439739414,3.4046399517927086,42,113
25021422303,2349,2612,4419,5007,11.196253724989356,13.306177868295995,263,588
25021422304,827,825,2171,2167,-0.24183796856106407,-0.18424689083371718,-2,-4
25021422401,1685,1730,3512,3573,2.6706231454005933,1.7369020501138952,45,61
25021422402,1687,1776,3929,3889,5.275637225844695,-1.0180707559175364,89,-40
25021422501,2161,2184,4758,4847,1.064322073114299,1.8705338377469527,23,89
25021422502,2382,2466,5166,5590,3.5264483627204033,8.207510646535036,84,424
25021422600,2571,2581,6672,6779,0.38895371450797356,1.603717026378897,10,107
25021422700,1591,1589,3842,3804,-0.1257071024512885,-0.989068193649141,-2,-38
25021422800,1872,1902,3852,3757,1.6025641025641024,-2.4662512980269993,30,-95
25021423101,1408,1506,3444,3849,6.9602272727272725,11.759581881533101,98,405
25021423102,1570,1835,4096,4532,16.878980891719745,10.64453125,265,436
25021440101,2348,3157,5174,6608,34.454855195911414,27.715500579822187,809,1434
25021440102,1134,1237,3090,3337,9.082892416225748,7.993527508090614,103,247
25021441202,878,980,2724,3021,11.617312072892938,10.90308370044053,102,297
25021441203,1411,1808,3730,4112,28.13607370659107,10.241286863270778,397,382
25021441204,1578,1832,4499,5045,16.09632446134347,12.136030228939765,254,546
25021442101,1803,1970,5572,5797,9.262340543538548,4.038047379755922,167,225
25021442103,2178,2291,6945,7009,5.188246097337006,0.9215262778977681,113,64
25021442104,2006,2121,5553,5565,5.732801595214357,0.21609940572663425,115,12
25021442105,643,865,1518,1894,34.52566096423017,24.769433465085637,222,376
25021442201,1456,1592,4166,4362,9.340659340659341,4.704752760441671,136,196
25021442203,1414,1758,3514,4249,24.328147100424328,20.916334661354583,344,735
25021442204,1894,1954,4366,4385,3.167898627243928,0.4351809436555199,60,19
25021443103,1683,1756,4245,4562,4.337492572786691,7.467608951707892,73,317
25021443104,1668,1833,4443,4763,9.892086330935252,7.202340760747243,165,320
25021443105,818,900,2021,2080,10.024449877750612,2.9193468579910937,82,59
25021443106,2195,2260,5617,5540,2.9612756264236904,-1.3708385259035072,65,-77
25021456101,1272,1401,3776,4115,10.141509433962264,8.977754237288135,129,339
25021456102,2060,2094,4945,5144,1.650485436893204,4.024266936299292,34,199
25021456200,1166,1580,3146,4040,35.506003430531734,28.417037507946596,414,894
25021456301,777,846,1725,2017,8.880308880308881,16.92753623188406,69,292
25021456302,2522,2752,5000,5537,9.119746233148295,10.74,230,537
25021456401,1081,1102,2793,2886,1.942645698427382,3.329752953813104,21,93
25021456402,1911,1964,5576,5542,2.773417059131345,-0.6097560975609756,53,-34
25021457100,1769,1833,4356,4777,3.617863199547767,9.664830119375575,64,421
25021457200,2216,2179,5651,5969,-1.6696750902527078,5.627322597770306,-37,318
25021980000,0,1,0,8,Inf,Inf,1,8
25023500101,2014,2060,3702,3617,2.284011916583913,-2.296056185845489,46,-85
25023500103,1433,1437,2209,2231,0.2791346824842987,0.9959257582616569,4,22
25023500104,2315,2359,4382,4224,1.900647948164147,-3.605659516202647,44,-158
25023501101,1302,1325,3302,3516,1.7665130568356373,6.480920654149,23,214
25023501102,3268,3946,8056,9185,20.746634026927786,14.014399205561073,678,1129
25023501201,1312,1336,3665,3881,1.8292682926829267,5.893587994542973,24,216
25023501203,853,847,2588,2679,-0.7033997655334115,3.5162287480680057,-6,91
25023501204,2220,2476,4542,5023,11.531531531531531,10.590048436811978,256,481
25023502101,2436,2504,6051,6196,2.7914614121510675,2.396298132540076,68,145
25023502102,2154,2213,5600,5644,2.7390900649953576,0.7857142857142858,59,44
25023502200,2461,2546,5838,5963,3.4538805363673304,2.141144227475163,85,125
25023503101,2412,2523,7176,7405,4.601990049751244,3.1911928651059087,111,229
25023503102,2440,2745,6703,7428,12.5,10.816052513799791,305,725
25023504101,1895,1893,5370,5618,-0.10554089709762532,4.618249534450651,-2,248
25023504102,1780,1912,5136,5733,7.415730337078652,11.623831775700936,132,597
25023505102,1840,1944,4991,5317,5.6521739130434785,6.531757162893208,104,326
25023505103,1210,1230,2515,2636,1.6528925619834711,4.811133200795228,20,121
25023505104,1723,1750,3955,4027,1.5670342426001163,1.8204804045512009,27,72
25023505201,1401,1360,2493,2563,-2.9264810849393292,2.807862013638187,-41,70
25023505202,1862,1976,4181,4520,6.122448979591836,8.108108108108109,114,339
25023506102,2268,2670,5898,6324,17.724867724867725,7.222787385554426,402,426
25023506103,1046,1081,2580,2783,3.3460803059273423,7.868217054263566,35,203
25023506104,1515,1586,3950,4148,4.686468646864687,5.012658227848101,71,198
25023506202,960,1065,2513,2570,10.9375,2.2682053322721845,105,57
25023506203,2271,2284,5220,5256,0.5724350506384853,0.6896551724137931,13,36
25023506205,1120,1135,2000,1858,1.3392857142857142,-7.1,15,-142
25023506206,1760,1754,2970,2886,-0.3409090909090909,-2.8282828282828283,-6,-84
25023507101,1938,2029,5314,5589,4.695562435500515,5.175009409108017,91,275
25023507103,1764,1782,4351,4534,1.0204081632653061,4.205929671339922,18,183
25023507104,2171,2463,5388,5967,13.450023030861354,10.746102449888642,292,579
25023508101,2477,2787,6708,7078,12.515139281388777,5.515802027429935,310,370
25023508102,1985,1999,5098,4978,0.7052896725440806,-2.3538642604943116,14,-120
25023508200,2093,2221,6040,6305,6.115623506927855,4.387417218543047,128,265
25023509101,2465,2725,6947,7584,10.547667342799189,9.1694256513603,260,637
25023509102,2545,2639,5680,6124,3.693516699410609,7.816901408450705,94,444
25023510100,1727,1738,4776,4925,0.6369426751592357,3.1197654941373534,11,149
25023510200,2229,2391,5964,6999,7.267833109017497,17.354124748490946,162,1035
25023510300,1515,1584,3798,4490,4.554455445544554,18.220115850447606,69,692
25023510400,1260,1351,3706,4332,7.222222222222221,16.891527253103074,91,626
25023510501,1254,1363,3362,3574,8.692185007974482,6.305770374776919,109,212
25023510503,1762,1690,4296,4571,-4.0862656072644725,6.401303538175046,-72,275
25023510504,1002,1140,2333,2676,13.77245508982036,14.702100300042865,138,343
25023510505,1808,2159,3460,4247,19.413716814159294,22.745664739884393,351,787
25023510600,1029,1090,2857,3243,5.928085519922255,13.51067553377669,61,386
25023510700,2147,2221,5656,6340,3.4466697717745696,12.093352192362094,74,684
25023510800,2303,2416,6339,6900,4.906643508467217,8.849976336961666,113,561
25023510900,1090,1372,2532,3042,25.871559633027523,20.14218009478673,282,510
25023511000,1089,1159,3040,3346,6.42791551882461,10.06578947368421,70,306
25023511100,1871,1899,5291,5571,1.4965259219668627,5.292005292005292,28,280
25023511200,1902,1669,4849,5322,-12.250262881177708,9.75458857496391,-233,473
25023511301,1823,1906,5334,6312,4.552934722984093,18.335208098987625,83,978
25023511302,1238,1273,3531,3750,2.827140549273021,6.202209005947323,35,219
25023511400,1328,1406,3715,4520,5.873493975903615,21.668909825033648,78,805
25023511500,1544,1631,4308,5139,5.634715025906735,19.289693593314762,87,831
25023511601,1433,1496,3784,4487,4.3963712491277045,18.578224101479915,63,703
25023511602,1508,1590,3427,3908,5.437665782493369,14.035599649839508,82,481
25023511701,1682,1727,4655,5131,2.67538644470868,10.225563909774436,45,476
25023511702,1009,1033,2798,2818,2.3785926660059467,0.7147962830593281,24,20
25023520100,2477,2645,6458,6854,6.782398062171982,6.131929389903995,168,396
25023520201,1584,1682,3952,4079,6.186868686868687,3.2135627530364372,98,127
25023520202,2316,2484,5575,6129,7.253886010362693,9.937219730941704,168,554
25023521101,1619,1846,4302,4740,14.021000617665225,10.181311018131103,227,438
25023521102,1301,1315,3316,3344,1.0760953112990008,0.8443908323281062,14,28
25023521201,1183,1365,2904,3097,15.384615384615385,6.646005509641874,182,193
25023521202,1420,1458,3966,3940,2.676056338028169,-0.6555723651033787,38,-26
25023522101,1617,1631,4746,4601,0.8658008658008658,-3.0552043826380113,14,-145
25023522102,1974,2329,5464,6038,17.983789260385006,10.505124450951683,355,574
25023523100,1108,1166,3046,3261,5.234657039711191,7.058437294812869,58,215
25023523201,980,1026,2897,2998,4.6938775510204085,3.486365205384881,46,101
25023523203,1459,1542,4355,4426,5.68882796435915,1.6303099885189436,83,71
25023523204,1359,1477,3497,3755,8.682855040470933,7.377752359164999,118,258
25023524101,1076,1195,3036,3381,11.059479553903346,11.363636363636363,119,345
25023524102,1592,1703,3882,4326,6.972361809045226,11.437403400309119,111,444
25023525101,2595,3006,6387,7314,15.838150289017342,14.513856270549555,411,927
25023525104,2229,2340,6553,6765,4.979811574697174,3.2351594689455214,111,212
25023525204,1075,1293,3381,3934,20.27906976744186,16.35610766045549,218,553
25023526100,3015,3107,7519,7749,3.051409618573798,3.058917409229951,92,230
25023530100,1632,2049,3810,4447,25.551470588235293,16.719160104986877,417,637
25023530200,1675,1815,3600,3983,8.358208955223882,10.63888888888889,140,383
25023530300,1910,2192,3782,4118,14.764397905759164,8.8841882601798,282,336
25023530400,2274,2341,5823,5913,2.946350043975374,1.545595054095827,67,90
25023530500,2528,2568,5681,5744,1.5822784810126582,1.1089596901953882,40,63
25023530600,2016,2172,6366,6456,7.738095238095238,1.413760603204524,156,90
25023530700,2539,3614,4242,5947,42.339503741630566,40.19330504479019,1075,1705
25023530801,2168,2673,5585,6209,23.293357933579337,11.1727842435094,505,624
25023530802,2841,2857,4785,4634,0.5631819781766984,-3.1556948798328106,16,-151
25023530902,1851,1877,4469,4512,1.4046461372231227,0.9621839337659431,26,43
25023530903,1986,2492,5221,5998,25.478348439073518,14.882206473855582,506,777
25023530904,1383,1424,3107,3256,2.9645697758496024,4.795622787254587,41,149
25023540101,1531,1870,3783,4435,22.142390594382757,17.234998678297647,339,652
25023540102,1255,1279,2570,2642,1.9123505976095616,2.8015564202334633,24,72
25023540103,1391,1475,4249,4446,6.03882099209202,4.636385031772182,84,197
25023541100,1883,2105,5236,5717,11.789697291556028,9.186401833460657,222,481
25023542101,2481,2625,7128,7354,5.804111245465538,3.170594837261504,144,226
25023542102,961,1005,2552,2659,4.578563995837669,4.192789968652037,44,107
25023542200,2575,2752,6117,6311,6.873786407766991,3.1714892921366684,177,194
25023542301,1423,1563,3503,3586,9.838369641602249,2.3693976591493007,140,83
25023542302,1581,1863,3816,4335,17.836812144212523,13.60062893081761,282,519
25023543100,1042,1068,2820,2930,2.495201535508637,3.900709219858156,26,110
25023544100,1972,2012,5629,5570,2.028397565922921,-1.0481435423698704,40,-59
25023544200,2627,2689,5881,6075,2.360106585458698,3.298758714504336,62,194
25023545100,2995,3171,6446,6844,5.876460767946578,6.174371703381942,176,398
25023545200,2641,3071,5670,6478,16.281711472926922,14.250440917107584,430,808
25023545300,3307,3241,4413,4463,-1.995766555790747,1.1330160888284613,-66,50
25023545400,3313,3484,5294,5518,5.16148505885904,4.231205137891953,171,224
25023560100,3263,3512,6045,6508,7.63101440392277,7.659222497932175,249,463
25023561100,2445,2692,4907,5347,10.102249488752555,8.966782147951905,247,440
25023561400,2383,2657,5702,6225,11.498111624003357,9.172220273588215,274,523
25023980200,18,20,2089,1575,11.11111111111111,-24.605074198180947,2,-514
25023980300,36,26,2451,2820,-27.77777777777778,15.055079559363524,-10,369
25023990003,0,0,0,0,NA,NA,0,0
25025000101,731,726,1829,1876,-0.6839945280437756,2.569710224166211,-5,47
25025000102,970,1695,2416,3714,74.74226804123711,53.725165562913915,725,1298
25025000201,1618,1608,3854,3953,-0.6180469715698393,2.568759730150493,-10,99
25025000202,1522,1606,3885,4148,5.519053876478318,6.76962676962677,84,263
25025000301,1219,1337,2740,3136,9.680065627563577,14.452554744525548,118,396
25025000302,1346,1371,3144,3072,1.8573551263001487,-2.2900763358778624,25,-72
25025000401,2965,3054,5672,5853,3.0016863406408096,3.191114245416079,89,181
25025000402,1544,1621,3649,3644,4.987046632124352,-0.13702384214853383,77,-5
25025000502,2040,2152,6301,6986,5.490196078431373,10.871290271385496,112,685
25025000503,1408,1479,2211,2418,5.042613636363636,9.362279511533243,71,207
25025000505,1148,1084,2186,2196,-5.574912891986063,0.4574565416285453,-64,10
25025000506,1578,1640,2799,2895,3.929024081115336,3.429796355841372,62,96
25025000601,1525,1610,3571,3758,5.573770491803279,5.236628395407449,85,187
25025000603,698,1012,1406,1757,44.985673352435526,24.96443812233286,314,351
25025000604,1337,1337,2568,2591,0,0.895638629283489,0,23
25025000701,2359,2384,4446,4517,1.05977108944468,1.5969410706252813,25,71
25025000703,1418,1375,2791,2442,-3.0324400564174896,-12.504478681476172,-43,-349
25025000704,2405,2735,4801,5312,13.721413721413722,10.643615913351386,330,511
25025000804,1375,1524,3792,3813,10.836363636363638,0.5537974683544303,149,21
25025000805,1754,1956,4344,4616,11.516533637400228,6.261510128913445,202,272
25025000806,950,1055,3113,1972,11.052631578947368,-36.65274654673948,105,-1141
25025000807,1,40,3481,2282,3900,-34.44412525136455,39,-1199
25025010103,528,420,4568,4697,-20.454545454545457,2.82399299474606,-108,129
25025010104,2136,2125,4804,5063,-0.5149812734082396,5.391340549542048,-11,259
25025010204,1282,1338,3176,3443,4.368174726989079,8.406801007556675,56,267
25025010205,2604,3272,3932,4906,25.65284178187404,24.771108850457782,668,974
25025010206,1059,1384,1637,2154,30.68932955618508,31.58216249236408,325,517
25025010300,416,366,4861,5186,-12.01923076923077,6.685867105533841,-50,325
25025010403,2076,2203,3003,3179,6.1175337186897885,5.86080586080586,127,176
25025010404,1862,1896,5817,5747,1.8259935553168638,-1.203369434416366,34,-70
25025010405,993,1005,5523,6853,1.2084592145015105,24.081115335868187,12,1330
25025010408,961,981,1426,1438,2.081165452653486,0.8415147265077139,20,12
25025010500,1767,1940,3044,3876,9.790605546123372,27.33245729303548,173,832
25025010600,2325,2531,2858,3529,8.860215053763442,23.477956613016097,206,671
25025010701,1599,1581,2478,2543,-1.125703564727955,2.6230831315577077,-18,65
25025010702,1643,1595,2400,2328,-2.9214850882531955,-3,-48,-72
25025010801,1899,1814,2783,2856,-4.476040021063718,2.623068630973769,-85,73
25025010802,2106,2063,3059,3058,-2.0417853751187085,-0.032690421706440015,-43,-1
25025020101,2814,2745,4193,4235,-2.4520255863539444,1.001669449081803,-69,42
25025020200,2477,2487,3648,3804,0.4037141703673799,4.276315789473684,10,156
25025020301,1415,1457,2025,2166,2.9681978798586575,6.962962962962963,42,141
25025020302,721,803,1181,1293,11.373092926490985,9.483488569009314,82,112
25025020304,255,1156,429,1906,353.3333333333333,344.2890442890443,901,1477
25025020305,1592,2630,2971,3633,65.20100502512562,22.28205991248738,1038,662
25025030100,1377,1381,1953,2115,0.29048656499636893,8.294930875576037,4,162
25025030200,1103,1143,1665,1815,3.626473254759746,9.00900900900901,40,150
25025030301,939,901,1255,1385,-4.046858359957402,10.358565737051793,-38,130
25025030302,1088,1249,2094,1844,14.79779411764706,-11.938872970391595,161,-250
25025030400,2594,2636,3976,4160,1.6191210485736314,4.627766599597585,42,184
25025030500,1655,1672,2537,2715,1.027190332326284,7.016160819865984,17,178
25025040100,1239,1255,2180,2360,1.29136400322841,8.256880733944955,16,180
25025040200,727,704,1606,1594,-3.1636863823933976,-0.7471980074719801,-23,-12
25025040300,2037,2115,3882,4525,3.829160530191458,16.563626996393612,78,643
25025040401,1222,1310,2439,2922,7.201309328968904,19.803198031980322,88,483
25025040600,1334,2019,2444,3683,51.34932533733133,50.69558101472995,685,1239
25025040801,2089,2122,3888,4036,1.5797032072762087,3.8065843621399176,33,148
25025050101,1850,1878,5115,4917,1.5135135135135136,-3.870967741935484,28,-198
25025050200,1834,1994,5231,5197,8.724100327153762,-0.6499713247944944,160,-34
25025050300,1041,1929,2251,3258,85.30259365994236,44.73567303420702,888,1007
25025050400,1035,1111,2372,2372,7.342995169082125,0,76,0
25025050500,919,972,2171,2174,5.767138193688792,0.1381851681252879,53,3
25025050600,812,879,2083,2074,8.251231527093596,-0.4320691310609697,67,-9
25025050700,1600,1680,4484,4520,5,0.8028545941123997,80,36
25025050901,1446,1504,4165,4242,4.011065006915629,1.8487394957983194,58,77
25025051000,1784,1844,4089,4317,3.3632286995515694,5.575935436537051,60,228
25025051101,2345,2444,6093,6460,4.221748400852878,6.0233054324634825,99,367
25025051200,1187,1745,2454,3454,47.00926705981466,40.74979625101874,558,1000
25025060101,1684,1880,3216,3673,11.63895486935867,14.210199004975124,196,457
25025060200,999,1119,1916,2328,12.012012012012011,21.50313152400835,120,412
25025060301,1647,1829,3076,3609,11.050394656952033,17.32769830949285,182,533
25025060400,2543,2708,4904,5195,6.488399528116398,5.933931484502447,165,291
25025060501,1942,2450,3571,4733,26.15859938208033,32.53990478857463,508,1162
25025060601,700,1165,1212,2006,66.42857142857143,65.51155115511551,465,794
25025060602,43,246,66,331,472.093023255814,401.51515151515156,203,265
25025060603,494,1185,702,1502,139.87854251012146,113.96011396011396,691,800
25025060604,293,2517,377,2803,759.0443686006826,643.501326259947,2224,2426
25025060700,636,604,1893,1689,-5.031446540880504,-10.776545166402537,-32,-204
25025060800,2142,2536,3964,4859,18.39402427637722,22.578203834510596,394,895
25025061000,1408,1101,3099,2416,-21.803977272727273,-22.039367537915457,-307,-683
25025061101,1044,1266,2232,2710,21.26436781609195,21.415770609318997,222,478
25025061201,853,1038,1538,2013,21.688159437280188,30.88426527958388,185,475
25025061202,0,0,0,0,NA,NA,0,0
25025061203,804,1444,1165,2686,79.60199004975125,130.5579399141631,640,1521
25025061204,384,673,537,937,75.26041666666666,74.487895716946,289,400
25025070102,1492,1649,2832,3687,10.52278820375335,30.190677966101692,157,855
25025070103,8,379,10,751,4637.5,7409.999999999999,371,741
25025070104,857,1716,1592,2862,100.23337222870478,79.77386934673368,859,1270
25025070201,647,1089,2625,3990,68.31530139103555,52,442,1365
25025070202,2069,2893,4061,5460,39.82600289995167,34.44964294508742,824,1399
25025070301,1453,1359,2111,2213,-6.4693737095664146,4.831833254381809,-94,102
25025070302,1253,1398,1798,2090,11.572226656025538,16.240266963292544,145,292
25025070402,680,2178,1723,3561,220.29411764705884,106.67440510737087,1498,1838
25025070501,1258,1261,2083,2223,0.23847376788553257,6.721075372059529,3,140
25025070502,1808,1844,3377,3393,1.991150442477876,0.47379330766952915,36,16
25025070600,1309,1260,2240,2287,-3.7433155080213902,2.0982142857142856,-49,47
25025070700,1366,1336,2361,2527,-2.1961932650073206,7.030919102075392,-30,166
25025070801,601,607,1084,1056,0.9983361064891847,-2.5830258302583027,6,-28
25025070802,1555,1538,2622,2685,-1.0932475884244373,2.402745995423341,-17,63
25025070901,571,568,1172,1165,-0.5253940455341506,-0.5972696245733788,-3,-7
25025070902,1227,1253,2157,2300,2.1189894050529747,6.629578117756142,26,143
25025071101,2185,2272,3753,4111,3.9816933638443937,9.539035438316015,87,358
25025071201,1399,1899,3131,3514,35.7398141529664,12.23251357393804,500,383
25025080100,744,861,3350,2900,15.725806451612904,-13.432835820895523,117,-450
25025080300,791,871,1769,2236,10.11378002528445,26.39909553420011,80,467
25025080401,1249,1463,2710,3391,17.133706965572458,25.129151291512912,214,681
25025080500,1323,1430,3096,3288,8.087679516250946,6.2015503875969,107,192
25025080601,920,1482,4273,4732,61.08695652173913,10.741867540369764,562,459
25025080801,946,1096,3885,4282,15.856236786469344,10.218790218790218,150,397
25025080900,1776,1910,4009,4376,7.545045045045046,9.154402594163132,134,367
25025081001,2287,2581,4890,5695,12.855268911237431,16.462167689161554,294,805
25025081101,431,951,981,1484,120.64965197215778,51.274209989806316,520,503
25025081102,1350,1368,3110,3165,1.3333333333333335,1.7684887459807075,18,55
25025081200,1232,1378,3265,3506,11.85064935064935,7.3813169984686064,146,241
25025081301,923,1122,2015,2394,21.560130010834236,18.80893300248139,199,379
25025081302,1188,1318,2745,3080,10.942760942760943,12.2040072859745,130,335
25025081400,1462,1664,3003,3774,13.81668946648427,25.674325674325676,202,771
25025081500,905,1007,2134,2449,11.2707182320442,14.761012183692596,102,315
25025081700,1599,1681,3820,4141,5.128205128205128,8.403141361256544,82,321
25025081800,1388,1486,2898,3567,7.060518731988473,23.08488612836439,98,669
25025081900,1397,1471,3115,3671,5.2970651395848245,17.849117174959872,74,556
25025082000,1278,1352,2815,3195,5.790297339593114,13.49911190053286,74,380
25025082100,2117,2150,5025,5224,1.5588096362777515,3.960199004975124,33,199
25025090100,1863,1968,4571,5171,5.636070853462158,13.126230584117259,105,600
25025090200,830,840,2233,2412,1.2048192771084338,8.016121809225258,10,179
25025090300,1268,1296,3179,3795,2.2082018927444795,19.377162629757784,28,616
25025090400,1293,1428,3660,4101,10.440835266821345,12.049180327868852,135,441
25025090600,793,840,2348,2450,5.926860025220681,4.34412265758092,47,102
25025090700,1990,2410,4275,4673,21.105527638190953,9.309941520467836,420,398
25025090901,1640,1728,3730,3600,5.365853658536586,-3.485254691689008,88,-130
25025091001,1315,1662,2742,3255,26.38783269961977,18.708971553610503,347,513
25025091100,1966,2057,4861,4916,4.628687690742624,1.1314544332441885,91,55
25025091200,1239,1276,3234,3140,2.9862792574656982,-2.906617192331478,37,-94
25025091300,868,935,2499,2626,7.71889400921659,5.08203281312525,67,127
25025091400,939,1052,2741,2886,12.034078807241746,5.290040131338928,113,145
25025091500,1653,1731,4370,4588,4.71869328493648,4.9885583524027455,78,218
25025091600,1165,1241,3138,3200,6.523605150214593,1.9757807520713833,76,62
25025091700,1050,1074,3069,3203,2.2857142857142856,4.3662430759204955,24,134
25025091800,1214,1320,3452,3718,8.731466227347612,7.705677867902665,106,266
25025091900,1380,1459,3860,4278,5.72463768115942,10.82901554404145,79,418
25025092000,1693,1776,4945,5180,4.90253987005316,4.752275025278059,83,235
25025092101,2454,2592,6451,6921,5.623471882640587,7.285692140753372,138,470
25025092200,1227,1292,3349,3602,5.297473512632437,7.554493878769781,65,253
25025092300,1077,1172,2893,3301,8.82079851439183,14.103007258900796,95,408
25025092400,2065,2186,5277,6067,5.85956416464891,14.970627250331628,121,790
25025100100,2048,1973,5510,5722,-3.662109375,3.8475499092558985,-75,212
25025100200,1013,1025,2787,2919,1.1846001974333662,4.736275565123789,12,132
25025100300,1262,1323,3303,3737,4.833597464342314,13.13957008779897,61,434
25025100400,1830,2070,4865,5068,13.114754098360656,4.172661870503598,240,203
25025100500,2383,2533,5989,6576,6.294586655476291,9.801302387710804,150,587
25025100601,2192,2251,5154,5342,2.691605839416058,3.6476523088863018,59,188
25025100603,840,951,1904,2172,13.214285714285715,14.07563025210084,111,268
25025100700,1975,2047,4322,4332,3.645569620253165,0.23137436372049977,72,10
25025100800,2702,2725,5546,5791,0.8512213175425611,4.417598269022719,23,245
25025100900,1729,1758,4072,4148,1.67727009832273,1.8664047151277015,29,76
25025101001,2268,2286,5492,5595,0.7936507936507936,1.8754552075746542,18,103
25025101002,2149,2296,4979,5712,6.840390879478828,14.721831693111067,147,733
25025101101,1287,1317,3340,3522,2.331002331002331,5.449101796407185,30,182
25025101102,1672,1688,4396,4766,0.9569377990430622,8.416742493175613,16,370
25025110104,807,779,2248,2177,-3.469640644361834,-3.1583629893238436,-28,-71
25025110105,960,1160,1905,2120,20.833333333333336,11.286089238845145,200,215
25025110106,591,614,1306,1356,3.8917089678511,3.828483920367534,23,50
25025110201,874,851,2051,2091,-2.631578947368421,1.9502681618722575,-23,40
25025110301,955,1026,2405,2500,7.43455497382199,3.9501039501039505,71,95
25025110401,1363,1427,3569,3625,4.695524578136464,1.5690669655365648,64,56
25025110403,1767,1796,4309,4437,1.6411997736276174,2.9705268043629616,29,128
25025110501,1371,1396,3253,3302,1.8234865061998542,1.5063018751921304,25,49
25025110502,1684,1765,3806,4000,4.809976247030879,5.097214923804519,81,194
25025110601,1295,1191,2969,2639,-8.03088803088803,-11.11485348602223,-104,-330
25025110607,2171,2264,4931,5276,4.2837402118839245,6.996552423443521,93,345
25025120103,695,727,1504,1642,4.60431654676259,9.175531914893616,32,138
25025120104,1110,1138,2239,2373,2.5225225225225225,5.984814649397052,28,134
25025120105,955,948,2450,2492,-0.7329842931937173,1.7142857142857144,-7,42
25025120201,1726,2241,3439,4360,29.837775202780996,26.781041000290784,515,921
25025120301,1895,2093,4795,5120,10.448548812664908,6.777893639207508,198,325
25025120400,2828,2945,5755,6006,4.137199434229137,4.361424847958297,117,251
25025120500,905,977,2331,2423,7.955801104972375,3.9468039468039464,72,92
25025120600,1100,1172,2331,2566,6.545454545454546,10.081510081510082,72,235
25025120700,1044,1067,2014,2139,2.203065134099617,6.206554121151937,23,125
25025130101,2814,2897,5904,6048,2.9495380241648896,2.4390243902439024,83,144
25025130200,1914,1995,4506,4708,4.231974921630094,4.482911673324456,81,202
25025130300,1811,1819,4419,4496,0.44174489232468256,1.7424756732292372,8,77
25025130402,2196,2243,4638,4833,2.1402550091074684,4.204398447606727,47,195
25025130404,1321,1354,2898,3073,2.498107494322483,6.038647342995169,33,175
25025130406,2192,2491,5107,5639,13.64051094890511,10.417074603485412,299,532
25025140102,1654,1832,4401,4958,10.76178960096735,12.656214496705296,178,557
25025140105,1325,1344,3679,3592,1.4339622641509433,-2.3647730361511283,19,-87
25025140106,898,973,1901,2178,8.351893095768375,14.57127827459232,75,277
25025140107,1051,1102,2531,2778,4.8525214081826835,9.75898854207823,51,247
25025140201,935,950,2072,2311,1.6042780748663104,11.534749034749035,15,239
25025140202,2081,2204,5600,5824,5.910619894281596,4,123,224
25025140300,2524,2644,6378,6843,4.754358161648177,7.290686735653811,120,465
25025140400,2907,2971,7649,7859,2.2015823873409013,2.745456922473526,64,210
25025160102,977,1220,3464,3823,24.872057318321392,10.363741339491916,243,359
25025160103,1182,1347,4087,4646,13.959390862944163,13.677514068999267,165,559
25025160200,1225,1343,4043,4154,9.63265306122449,2.7454860252287903,118,111
25025160300,1279,1468,2065,2753,14.777169663799844,33.31719128329298,189,688
25025160400,1028,1606,2716,3878,56.22568093385214,42.78350515463917,578,1162
25025160501,1971,2098,5604,6105,6.443429731100964,8.940042826552462,127,501
25025160502,1589,1929,4460,5604,21.397105097545627,25.650224215246638,340,1144
25025160601,1568,1601,4063,4331,2.1045918367346936,6.596111247846419,33,268
25025160602,1802,1942,4675,5493,7.769145394006658,17.49732620320856,140,818
25025170101,1473,1411,3456,4023,-4.209097080787508,16.40625,-62,567
25025170102,1591,1719,4104,5015,8.045254556882464,22.19785575048733,128,911
25025170200,1814,1975,4564,5305,8.875413450937156,16.23575810692375,161,741
25025170301,2451,2581,6185,7045,5.303957568339453,13.904607922392886,130,860
25025170302,1340,1814,2811,4051,35.373134328358205,44.112415510494486,474,1240
25025170400,2332,2188,5379,5761,-6.174957118353345,7.101691764268452,-144,382
25025170502,1548,1779,2818,3407,14.922480620155037,20.9013484740951,231,589
25025170503,814,840,1501,1698,3.194103194103194,13.124583610926049,26,197
25025170504,1112,1838,1934,3157,65.28776978417267,63.23681489141675,726,1223
25025170601,2007,2215,5105,6247,10.363726955655208,22.37022526934378,208,1142
25025170701,1055,1204,2105,2702,14.123222748815165,28.361045130641333,149,597
25025170702,2318,2663,6622,7995,14.883520276100088,20.733917245545154,345,1373
25025170800,2217,2308,5118,5773,4.1046459179070816,12.797967956232903,91,655
25025180101,2500,2846,4765,5804,13.84,21.80482686253935,346,1039
25025180200,1794,1850,4109,4326,3.121516164994426,5.281090289608177,56,217
25025180301,1229,1281,3024,3169,4.231082180634662,4.794973544973545,52,145
25025180400,782,844,1715,1928,7.928388746803069,12.419825072886297,62,213
25025180500,2014,2000,3883,4089,-0.6951340615690168,5.305176409992274,-14,206
25025980101,0,0,535,0,NA,-100,0,-535
25025980300,2,8,338,113,300,-66.5680473372781,6,-225
25025980700,5,2,6,7,-60,16.666666666666664,-3,1
25025980900,1,80,2,125,7900,6150,79,123
25025981000,4,4,21,11,0,-47.61904761904761,0,-10
25025981100,7,2,221,97,-71.42857142857143,-56.10859728506787,-5,-124
25025981201,0,0,0,0,NA,NA,0,0
25025981202,0,1,207,6,Inf,-97.10144927536231,1,-201
25025981300,1,35,0,79,3400,Inf,34,79
25025981501,0,1,12,13,Inf,8.333333333333332,1,1
25025981502,3,4,9,7,33.33333333333333,-22.22222222222222,1,-2
25025981600,0,1,0,2,Inf,Inf,1,2
25025981700,0,2,0,4,Inf,Inf,2,4
25025981800,49,10,82,23,-79.59183673469387,-71.95121951219512,-39,-59
25025981900,0,0,0,0,NA,NA,0,0
25025990101,0,0,0,0,NA,NA,0,0
25027700100,2599,2730,6080,6315,5.040400153905348,3.8651315789473686,131,235
25027701101,1871,1984,4767,4789,6.03955104222341,0.46150618837843504,113,22
25027701102,1575,1569,3573,3634,-0.38095238095238093,1.7072488105233696,-6,61
25027702201,574,649,1258,1250,13.066202090592336,-0.6359300476947536,75,-8
25027702202,753,778,1960,1941,3.3200531208499333,-0.9693877551020408,25,-19
25027703100,1988,2020,4323,4515,1.6096579476861168,4.441360166551006,32,192
25027703200,1600,1592,3558,3639,-0.5,2.2765598650927488,-8,81
25027703300,1643,1679,3703,3791,2.1911138161898966,2.3764515257899,36,88
25027704201,802,808,1682,1726,0.7481296758104738,2.6159334126040426,6,44
25027704202,546,558,1234,1194,2.197802197802198,-3.2414910858995136,12,-40
25027705101,1409,1516,3427,3687,7.594038325053229,7.5868106215348705,107,260
25027705102,1730,1746,4587,4462,0.9248554913294799,-2.725092653150207,16,-125
25027706100,1662,1765,4382,4328,6.197352587244284,-1.2323140118667275,103,-54
25027707100,1736,1806,3910,4085,4.032258064516129,4.475703324808184,70,175
25027707200,970,1108,1839,2120,14.22680412371134,15.28004350190321,138,281
25027707300,2235,2093,3931,4056,-6.353467561521253,3.1798524548460954,-142,125
25027707400,2059,2107,4591,4904,2.331228751821272,6.817686778479634,48,313
25027707500,2125,2297,5958,6122,8.094117647058823,2.7526015441423297,172,164
25027708100,2960,3301,7277,8213,11.52027027027027,12.8624433145527,341,936
25027709100,1564,1713,4066,4356,9.526854219948849,7.132316773241515,149,290
25027709201,2841,3139,6922,7812,10.489264343541006,12.857555619763076,298,890
25027709203,1414,1563,2967,3404,10.537482319660537,14.728682170542637,149,437
25027709204,1729,1794,3862,4078,3.7593984962406015,5.59295701708959,65,216
25027709400,2128,2194,4750,4939,3.101503759398496,3.9789473684210526,66,189
25027709501,809,810,2149,2134,0.12360939431396785,-0.6979990693345742,1,-15
25027709502,2488,2568,5670,6187,3.215434083601286,9.118165784832453,80,517
25027709600,1153,1166,2423,2428,1.1274934952298352,0.20635575732562939,13,5
25027709701,2557,2593,5609,5948,1.4078998826750098,6.043858085220182,36,339
25027709702,1189,1192,2342,2496,0.2523128679562658,6.575576430401367,3,154
25027710100,1507,1544,3435,3815,2.45520902455209,11.06259097525473,37,380
25027710200,2997,3005,6759,7039,0.26693360026693363,4.14262464861666,8,280
25027710300,1310,1409,3298,3582,7.557251908396946,8.61127956337174,99,284
25027710400,919,931,2149,2204,1.3057671381936888,2.559329920893439,12,55
25027710500,1501,1497,3246,3395,-0.2664890073284477,4.59026494146642,-4,149
25027710601,1161,1329,2769,3285,14.470284237726098,18.634886240520043,168,516
25027710602,1758,1743,3825,4013,-0.8532423208191127,4.915032679738562,-15,188
25027710700,1113,1051,1580,1800,-5.570530098831986,13.924050632911392,-62,220
25027710800,1863,1920,4333,4785,3.059581320450886,10.431571659358411,57,452
25027711000,1289,1285,3080,3073,-0.3103180760279286,-0.22727272727272727,-4,-7
25027711100,1699,1738,5844,4955,2.2954679223072394,-15.212183436002737,39,-889
25027712101,2514,3136,5909,7349,24.741447891805887,24.36960568624133,622,1440
25027712102,1619,1669,4177,4433,3.0883261272390365,6.128800574575053,50,256
25027713100,2614,2788,8055,8441,6.656465187452181,4.792054624456859,174,386
25027715100,1739,1982,4897,5665,13.973548016101208,15.683071268123342,243,768
25027716101,1507,1620,3351,3701,7.498341074983411,10.444643390032827,113,350
25027716102,1894,2063,4207,4807,8.922914466737064,14.261944378416924,169,600
25027716200,1352,1352,2820,2953,0,4.716312056737588,0,133
25027716300,1646,1912,3228,3967,16.160388821385176,22.893432465923173,266,739
25027717100,1189,1318,2866,3158,10.849453322119427,10.188415910676902,129,292
25027718100,1779,1961,4355,4849,10.230466554243957,11.343283582089553,182,494
25027719100,2964,3117,7808,7985,5.161943319838056,2.266905737704918,153,177
25027720100,1339,1383,3413,3495,3.286034353995519,2.4025783767946085,44,82
25027721101,711,738,1902,1851,3.79746835443038,-2.6813880126182967,27,-51
25027721103,1385,1678,4205,5026,21.155234657039713,19.5243757431629,293,821
25027721104,1604,1698,3768,4023,5.860349127182045,6.7675159235668785,94,255
25027722100,2176,2262,5398,5530,3.952205882352941,2.4453501296776583,86,132
25027723100,1608,1641,3990,3663,2.0522388059701493,-8.195488721804512,33,-327
25027724100,1699,1701,3701,3833,0.11771630370806356,3.5666036206430696,2,132
25027725100,2058,2123,4680,4735,3.158406219630709,1.1752136752136753,65,55
25027726100,2497,2565,5988,6182,2.723267921505807,3.239812959251837,68,194
25027726200,2798,2950,5700,5810,5.432451751250893,1.9298245614035088,152,110
25027727100,1599,1689,4806,5004,5.628517823639775,4.119850187265917,90,198
25027728100,1562,2046,4126,5388,30.985915492957744,30.5865244789142,484,1262
25027728200,1455,1546,3713,4045,6.254295532646048,8.941556692701319,91,332
25027728300,1758,1835,4544,4916,4.379977246871445,8.18661971830986,77,372
25027728400,1873,2012,4964,5556,7.421249332621463,11.925866236905721,139,592
25027729100,1597,1830,4998,5008,14.58985597996243,0.20008003201280514,233,10
25027729200,1149,1222,2672,2869,6.353350739773717,7.3727544910179645,73,197
25027730100,2459,2783,5923,6504,13.176087840585604,9.809218301536383,324,581
25027730200,2476,2722,5580,6146,9.935379644588044,10.14336917562724,246,566
25027730300,2123,2402,4559,5223,13.141780499293453,14.564597499451635,279,664
25027730401,2453,2622,5444,5992,6.88952303302079,10.066127847171199,169,548
25027730402,676,828,1660,2066,22.485207100591715,24.457831325301203,152,406
25027730500,1692,1804,3535,4166,6.619385342789598,17.85007072135785,112,631
25027730600,3007,3144,8799,9298,4.556035916195544,5.671098988521424,137,499
25027730700,2804,2989,6803,7367,6.597717546362339,8.290460091136262,185,564
25027730801,1557,1621,3665,3823,4.110468850353243,4.311050477489768,64,158
25027730802,855,958,2046,2222,12.046783625730995,8.60215053763441,103,176
25027730901,1503,1601,3404,3728,6.520292747837658,9.518213866039952,98,324
25027730902,1157,1240,3716,4416,7.17372515125324,18.83745963401507,83,700
25027731001,823,896,2229,2468,8.869987849331713,10.722296994167788,73,239
25027731002,2619,2896,6402,7081,10.57655593738068,10.606060606060606,277,679
25027731101,1625,1862,3949,4527,14.584615384615384,14.63661686502912,237,578
25027731102,1063,1197,2511,2857,12.605832549388523,13.77937076861808,134,346
25027731202,1,12,1111,1375,1100,23.762376237623762,11,264
25027731203,2277,2630,5199,6090,15.502854633289415,17.13791113675707,353,891
25027731204,868,995,2498,2531,14.631336405529954,1.3210568454763811,127,33
25027731300,1504,1745,3841,4423,16.023936170212767,15.15230408747722,241,582
25027731400,1775,2035,4673,5197,14.647887323943662,11.213353306227262,260,524
25027731500,2136,2387,5174,5443,11.750936329588015,5.199072284499421,251,269
25027731601,2233,2504,4553,4812,12.136139722346618,5.688556995387657,271,259
25027731602,423,630,2803,3267,48.93617021276596,16.553692472351052,207,464
25027731700,1511,2407,2761,4059,59.29847782925215,47.01195219123506,896,1298
25027731801,1298,1522,2256,2825,17.257318952234208,25.221631205673763,224,569
25027731802,1659,1748,3916,4118,5.364677516576251,5.158324821246169,89,202
25027731900,2255,2664,5227,6351,18.137472283813747,21.503730629424144,409,1124
25027732001,1171,1182,3330,3439,0.9393680614859093,3.2732732732732734,11,109
25027732002,1673,1739,4036,4348,3.945008965929468,7.730426164519326,66,312
25027732201,1510,1709,2820,3264,13.17880794701987,15.74468085106383,199,444
25027732202,1372,1581,3240,3683,15.2332361516035,13.67283950617284,209,443
25027732203,1262,1413,2853,3212,11.96513470681458,12.583245706274099,151,359
25027732301,1827,2079,4155,4835,13.793103448275861,16.365824308062578,252,680
25027732302,1716,2028,3902,4716,18.181818181818183,20.861096873398257,312,814
25027732400,2458,2785,6459,8018,13.303498779495527,24.136863291531196,327,1559
25027732500,821,1121,1776,2490,36.54080389768575,40.2027027027027,300,714
25027732600,1897,2200,4253,5448,15.972588297311544,28.097813308253,303,1195
25027732700,1849,2133,3938,4699,15.359653866955112,19.324530218384968,284,761
25027732801,2369,2511,4829,5374,5.99409033347404,11.285980534272106,142,545
25027732802,1698,1828,4122,4620,7.656065959952886,12.081513828238718,130,498
25027732901,2967,3380,6715,7444,13.919784293899562,10.856291883842143,413,729
25027732902,24,22,2336,3299,-8.333333333333332,41.22431506849315,-2,963
25027733000,1396,1663,3762,4273,19.126074498567334,13.583200425305689,267,511
25027733101,860,969,2058,2273,12.674418604651164,10.44703595724004,109,215
25027733102,944,1094,2224,2708,15.889830508474576,21.762589928057555,150,484
25027735100,2588,2609,6710,6645,0.8114374034003091,-0.9687034277198211,21,-65
25027735200,1681,1762,4257,4442,4.818560380725759,4.345783415550857,81,185
25027736100,1007,1046,2600,2688,3.8728897715988087,3.3846153846153846,39,88
25027736200,1535,1567,3721,3985,2.0846905537459284,7.094866971244289,32,264
25027736300,1008,1013,2426,2489,0.496031746031746,2.5968672712283594,5,63
25027736400,1283,1302,3072,3113,1.4809041309431021,1.3346354166666665,19,41
25027736500,2006,2071,4369,4614,3.2402791625124627,5.6076905470359355,65,245
25027737100,2185,2344,5116,5381,7.276887871853546,5.17982799061767,159,265
25027737200,931,937,1747,1760,0.644468313641246,0.7441327990841442,6,13
25027737300,2512,2706,6397,6690,7.722929936305732,4.5802720025011725,194,293
25027738100,1879,2019,4637,5014,7.450771687067589,8.130256631442743,140,377
25027738201,1591,1697,4075,4446,6.66247642991829,9.104294478527606,106,371
25027738202,2388,2639,5978,6768,10.510887772194305,13.21512211441954,251,790
25027739101,1895,1983,4921,5286,4.643799472295514,7.417191627717943,88,365
25027739102,1724,2018,4662,5232,17.053364269141532,12.226512226512225,294,570
25027739201,1490,1583,3206,3508,6.241610738255034,9.41983780411728,93,302
25027739202,1196,1455,2727,3248,21.65551839464883,19.105243857719106,259,521
25027739300,1619,1696,3688,4004,4.756022235948116,8.568329718004339,77,316
25027739401,2532,2555,6530,6554,0.9083728278041073,0.3675344563552833,23,24
25027739402,821,896,2297,2548,9.135200974421437,10.927296473661299,75,251
25027739500,2710,2780,7578,7945,2.5830258302583027,4.842966481921351,70,367
25027740101,1814,2230,5190,6227,22.932745314222714,19.980732177263967,416,1037
25027740102,2242,2310,6053,6266,3.033006244424621,3.518916239881051,68,213
25027740200,1259,1357,2911,3248,7.783955520254169,11.576777739608382,98,337
25027741101,1711,1773,4478,4646,3.6236119228521333,3.7516748548459136,62,168
25027741102,1749,1990,5289,5804,13.77930245854774,9.737190395159766,241,515
25027742300,1842,1883,4045,4255,2.225841476655809,5.19159456118665,41,210
25027742401,1795,1866,5438,5677,3.955431754874652,4.394998161088635,71,239
25027742402,1232,1839,3026,5046,49.26948051948052,66.75479180436218,607,2020
25027743100,2832,2995,7542,8000,5.755649717514124,6.072659771943782,163,458
25027744102,2024,2124,5258,5552,4.940711462450593,5.591479650057056,100,294
25027744103,1097,1191,2521,2780,8.568824065633546,10.273700912336373,94,259
25027744104,1835,1928,4924,5167,5.068119891008174,4.935012185215272,93,243
25027744201,1003,1041,2583,2824,3.788634097706879,9.330236159504453,38,241
25027744202,2125,2275,4923,5339,7.0588235294117645,8.450132033313022,150,416
25027744300,1683,1739,3816,4450,3.3273915626856803,16.61425576519916,56,634
25027744400,1645,1658,3974,4267,0.7902735562310031,7.372924006039256,13,293
25027745100,2285,2394,5911,6017,4.770240700218818,1.793266790729149,109,106
25027746100,2090,2234,5837,6228,6.889952153110047,6.698646565016276,144,391
25027747101,2066,2202,5108,5306,6.582768635043562,3.876272513703994,136,198
25027747102,1561,1667,3917,3902,6.790518898142217,-0.3829461322440643,106,-15
25027748100,1162,1191,3190,3174,2.495697074010327,-0.5015673981191223,29,-16
25027749100,2888,3154,7988,8371,9.210526315789473,4.794692038057086,266,383
25027749200,2414,2576,5468,5791,6.7108533554266785,5.9070958302852965,162,323
25027750100,2382,2492,6048,6152,4.6179680940386225,1.7195767195767195,110,104
25027750200,2595,2854,6750,7160,9.980732177263969,6.074074074074074,259,410
25027750300,1197,1345,2911,3023,12.364243943191312,3.847475094469255,148,112
25027751101,2288,2402,6219,6390,4.9825174825174825,2.7496382054992763,114,171
25027751102,1106,1210,2744,2967,9.403254972875226,8.126822157434402,104,223
25027752101,2052,2204,5353,5647,7.4074074074074066,5.492247337941341,152,294
25027752102,1241,1305,3118,3336,5.157131345688961,6.991661321359846,64,218
25027753100,3037,3117,7458,7254,2.634178465591044,-2.7353177795655674,80,-204
25027753200,2504,2561,6251,6093,2.2763578274760383,-2.527595584706447,57,-158
25027754100,3017,3217,6501,6778,6.6291017567119654,4.2608829410859865,200,277
25027754200,1683,1832,3462,3769,8.85323826500297,8.867706528018486,149,307
25027754300,1585,1632,2960,3099,2.965299684542587,4.695945945945946,47,139
25027754400,1727,1772,3843,4130,2.605674580196873,7.468123861566485,45,287
25027755100,1556,1616,3300,3450,3.8560411311053984,4.545454545454546,60,150
25027755201,1682,1771,4396,4508,5.291319857312723,2.547770700636943,89,112
25027755202,1165,1270,3694,3963,9.012875536480687,7.282079047103411,105,269
25027756101,1892,1950,4512,4538,3.06553911205074,0.576241134751773,58,26
25027756102,2993,3289,8471,8777,9.889742733043768,3.6123244008971787,296,306
25027757100,2015,2112,4514,4630,4.813895781637717,2.5697828976517503,97,116
25027757200,1087,1120,2293,2554,3.035878564857406,11.382468382032272,33,261
25027757300,1346,1484,2871,3205,10.25260029717682,11.63357715081853,138,334
25027757400,1180,1204,2707,2813,2.0338983050847457,3.9157739194680454,24,106
25027757500,1898,1979,4335,4538,4.267650158061117,4.682814302191464,81,203
25027758101,793,833,1650,1684,5.044136191677175,2.0606060606060606,40,34
25027758103,1939,2073,4515,4982,6.910778751933987,10.343300110741971,134,467
25027758104,1257,1317,3103,3201,4.77326968973747,3.1582339671285853,60,98
25027759100,931,978,2183,2224,5.048335123523094,1.8781493357764543,47,41
25027760100,1493,1523,3390,3439,2.0093770931011385,1.4454277286135693,30,49
25027761100,2211,2197,5135,4975,-0.6331976481230213,-3.11587147030185,-14,-160
25027761200,2486,2746,5780,6589,10.458567980691875,13.996539792387544,260,809
25027761300,1313,1405,3059,3436,7.006854531607007,12.324288983327884,92,377
25027761401,1536,1615,3923,4185,5.143229166666666,6.678562324751466,79,262
25027761402,510,636,2597,2666,24.705882352941178,2.6569118213323066,126,69
